0.0 	1.0	0.0	-2.5860532068485732e-17	0.0	-2.509858598950547e-17	0.0	-8.783069273710706e-19	0.0	
0.025 	0.9993753659586375	-7.445117273213758e-19	0.0006240269245427731	0.024970734124582342	0.0006240269245427614	-0.024970734124582342	0.0006246340413625733	6.578838030056219e-19	
0.05 	0.9975058424046023	-2.9361674704630913e-18	0.0024845035434501246	0.04976664757647394	0.002484503543450121	-0.04976664757647394	0.0024941575953977206	-3.0201366930888456e-18	
0.075 	0.9944044689961601	-3.217475954254501e-18	0.005547155332419035	0.07421674228644702	0.005547155332419008	-0.07421674228644702	0.005595531003840068	-2.7783976366213914e-18	
0.1 	0.9900926641021971	4.0465288875535484e-19	0.009756604502378727	0.09815743637190083	0.009756604502378722	-0.09815743637190083	0.00990733589780305	-3.278132760133436e-18	
0.125 	0.9845997728125413	2.2139467516181588e-18	0.015038832234419472	0.12143572417126929	0.015038832234419423	-0.12143572417126929	0.01540022718745895	-2.0659285137113022e-18	
0.15 	0.9779624712202653	1.7891139228300888e-18	0.02130433189907083	0.1439117434001138	0.02130433189907085	-0.1439117434001138	0.022037528779734993	-8.196705837902987e-19	
0.175 	0.9702240593894915	1.0350511603926992e-18	0.028451704229976577	0.16546064922757153	0.02845170422997655	-0.16546064922757153	0.029775940610508703	1.881272092768151e-18	
0.2 	0.9614336788207785	-1.5706448593056276e-17	0.03637142947361038	0.1859737597265761	0.036371429473610384	-0.1859737597265761	0.03856632117922181	-7.179610008640895e-18	
0.225 	0.9516454904316519	-8.175890730217613e-18	0.044949563674707156	0.2053589988906466	0.04494956367470714	-0.2053589988906466	0.048354509568348344	-1.1038032700040494e-17	
0.25 	0.9409178464126914	6.3807956129417095e-18	0.05407114175858214	0.22354071517363136	0.054071141758582186	-0.22354071517363136	0.05908215358730859	-2.1049254952640036e-18	
0.275 	0.9293124844275441	-1.2622687250743798e-18	0.06362312168039448	0.2404589905779457	0.06362312168039454	-0.24045899057794567	0.0706875155724559	6.702930217544775e-18	
0.3 	0.9168937662945743	-4.188218343122617e-18	0.07349676343024461	0.25606857568009755	0.07349676343024465	-0.25606857568009755	0.08310623370542573	1.7439347185043463e-18	
0.325 	0.9037279763507925	-8.514269097424346e-18	0.08358939642185521	0.27033759014158193	0.08358939642185519	-0.27033759014158193	0.09627202364920767	-1.1553373926647127e-17	
0.35 	0.8898826879112606	-1.0182457589626094e-18	0.09380558259796937	0.2832461186328304	0.09380558259796933	-0.2832461186328304	0.11011731208873944	-5.857160853972675e-18	
0.375 	0.8754262002021379	5.314275892797466e-18	0.10405772633850542	0.29478481227267694	0.10405772633850544	-0.29478481227267694	0.12457379979786223	1.9629417899310757e-18	
0.4 	0.8604270432740606	-1.5411975644628547e-17	0.11426621388520558	0.3049535796286031	0.1142662138852056	-0.30495357962860303	0.13957295672593967	-1.0258630218417422e-17	
0.425 	0.8449535449101109	-3.3450863572405204e-18	0.12435918414436122	0.3137604228085378	0.12435918414436122	-0.3137604228085378	0.15504645508988946	1.2443568794918119e-18	
0.45 	0.8290734514692758	-1.2062519126541502e-17	0.13427204027363784	0.3212204463976538	0.13427204027363787	-0.32122044639765385	0.17092654853072448	-7.58756651951122e-18	
0.475 	0.8128535938509683	-1.5312365493620783e-17	0.14394680902024656	0.32735504239007024	0.1439468090202466	-0.32735504239007024	0.18714640614903194	-7.9677179284478e-18	
0.5 	0.79635959012565	7.792516388101333e-18	0.153331444333419	0.33219123448999904	0.153331444333419	-0.33219123448999904	0.20364040987435006	1.0121002403660519e-17	
0.525 	0.7796555775832562	-9.865652692898136e-18	0.16237915541134762	0.335761151146035	0.16237915541134762	-0.335761151146035	0.22034442241674396	-1.568000220481656e-17	
0.55 	0.7628039687064443	-3.195410863557986e-18	0.1710478191314041	0.33810158875290014	0.1710478191314041	-0.3381015887529002	0.23719603129355593	-4.0624057270185705e-18	
0.575 	0.7458652275787372	-4.968829129550661e-18	0.17929951475484604	0.3392536244031418	0.179299514754846	-0.3392536244031417	0.2541347724212629	4.14520777469822e-18	
0.6 	0.7288976652088021	-8.02999392732191e-18	0.18710019680075246	0.3392622407596025	0.18710019680075246	-0.3392622407596025	0.2711023347911982	-1.4232933018465e-17	
0.625 	0.7119572539528825	1.9511467564973594e-17	0.19441950181753373	0.33817593305666216	0.19441950181753373	-0.33817593305666216	0.2880427460471174	1.2179793610591227e-17	
0.65 	0.6950974624659437	1.6275227307400065e-18	0.20123066799706574	0.3360462786629417	0.20123066799706574	-0.3360462786629417	0.30490253753405633	5.685112142717838e-18	
0.675 	0.6783691132943485	1.0295883810608797e-17	0.20751053440725722	0.3329274616163304	0.20751053440725725	-0.33292746161633036	0.32163088670565154	8.799005813496288e-18	
0.7 	0.6618202652985535	1.4240286437141456e-17	0.21323957985938446	0.32887575658190954	0.21323957985938446	-0.32887575658190954	0.33817973470144647	8.960318599724173e-18	
0.725 	0.6454961225963801	-6.644140556320406e-18	0.2184019603452294	0.3239489873622732	0.2184019603452294	-0.3239489873622732	0.35450387740361994	3.0869370472655292e-18	
0.75 	0.629438970745635	5.5638209783374776e-18	0.22298550827184443	0.31820598318473153	0.2229855082718444	-0.31820598318473153	0.370561029254365	6.1334988555137445e-18	
0.775 	0.613688139592595	-7.015086720484241e-18	0.22698166552964175	0.3117060605945846	0.22698166552964175	-0.3117060605945846	0.3863118604074048	-7.592080047385875e-18	
0.8 	0.5982799907889386	-1.1529296321885619e-18	0.2303853344233182	0.30450855940022564	0.23038533442331818	-0.30450855940022564	0.40172000921106144	5.5033006856781706e-18	
0.825 	0.5832479266263766	1.0401442121489629e-17	0.23319464402003448	0.29667245770926814	0.2331946440200345	-0.29667245770926814	0.41675207337362347	1.4089790005568223e-17	
0.85 	0.5686224157476731	3.0400296057211812e-18	0.235410642732922	0.28825608410160025	0.23541064273292203	-0.28825608410160025	0.43137758425232686	-8.139218039424332e-19	
0.875 	0.5544310306242335	-1.3730753563160033e-17	0.2370369392405705	0.279316935272458	0.2370369392405705	-0.279316935272458	0.44556896937576645	-1.049103263050016e-17	
0.9 	0.5406984915509434	2.4119463952280874e-18	0.23807932170459903	0.2699115962545446	0.238079321704599	-0.2699115962545446	0.4593015084490566	-1.2949779425944806e-18	
0.925 	0.5274467123391408	1.3525717504757172e-17	0.23854538870645936	0.2600957490095369	0.23854538870645936	-0.2600957490095369	0.4725532876608592	9.37291570834873e-18	
0.95 	0.5146948438565293	5.324916441069706e-18	0.23844422398592072	0.2499242452264313	0.2384442239859207	-0.24992424522643134	0.48530515614347053	1.0459033220716576e-18	
0.975 	0.5024593129661493	9.204076938411138e-18	0.23778614117391855	0.23945121190217045	0.23778614117391852	-0.23945121190217045	0.4975406870338506	8.959854659550606e-18	
1.0 	0.490753856093608	-2.750684526386104e-18	0.23658251513366457	0.22873015472647423	0.23658251513366457	-0.22873015472647423	0.5092461439063918	6.2490814849368496e-18	
1.025 	0.47958954840090656	-5.255931648859485e-18	0.23484570462312232	0.2178140250164269	0.2348457046231223	-0.2178140250164269	0.520410451599093	-2.0504858129792577e-18	
1.05 	0.46897483114939653	7.08280510295342e-18	0.23258905845826336	0.2067552209777937	0.2325890584582633	-0.2067552209777937	0.5310251688506031	1.0788783905005611e-17	
1.075 	0.4589155410892274	-2.745855202294568e-20	0.22982698596901152	0.19560550288091658	0.22982698596901152	-0.19560550288091655	0.5410844589107722	-3.1476448654401602e-18	
1.1 	0.4494149464530596	7.569245839255441e-18	0.2265750639183823	0.18441581329566628	0.22657506391838225	-0.18441581329566628	0.5505850535469401	1.2837082379243395e-17	
1.125 	0.44047379425466715	-4.745118034684308e-18	0.22285014743086154	0.17323600641674936	0.22285014743086154	-0.17323600641674936	0.5595262057453324	-7.55489802386574e-18	
1.15 	0.4320903730718977	-3.052499291519015e-18	0.2186704525137497	0.16211450310838546	0.2186704525137497	-0.16211450310838543	0.5679096269281018	1.3844366675181246e-18	
1.175 	0.42426059438354935	-2.4862040986781556e-18	0.21405558245772968	0.15109789899228177	0.2140555824577297	-0.15109789899228177	0.57573940561645	3.241765832996435e-18	
1.2 	0.41697809396244145	1.7207950447349278e-18	0.20902647910790229	0.14023056029924463	0.20902647910790229	-0.14023056029924463	0.583021906037558	6.943512853488366e-19	
1.225 	0.41023435299399547	4.125271362379513e-18	0.20360529146855977	0.1295542453120513	0.2036052914685598	-0.1295542453120513	0.589765647006004	3.6656233332336245e-18	
1.25 	0.4040188367191586	1.0528852162401335e-18	0.1978151667094308	0.11910778759615771	0.1978151667094308	-0.11910778759615771	0.5959811632808408	-1.9789345361636893e-19	
1.275 	0.39831914672798313	1.9333191650828296e-18	0.19167998057526237	0.10892687100459995	0.19167998057526237	-0.10892687100459995	0.6016808532720161	5.462703402039729e-20	
1.3 	0.39312118176808	1.193481726500368e-17	0.18522403374924468	0.09904391640894294	0.18522403374924465	-0.09904391640894296	0.6068788182319195	-1.5447100003643386e-18	
1.325 	0.3884093012420319	9.19453441388257e-18	0.17847174650078118	0.08948808750781408	0.17847174650078118	-0.08948808750781409	0.6115906987579676	-5.179467889213046e-18	
1.35 	0.3841664855389869	-1.445114217397759e-19	0.17144738510662255	0.08028540949949743	0.17144738510662255	-0.08028540949949745	0.6158335144610124	9.966735266257474e-19	
1.375 	0.3803744879829887	-1.165247185568983e-18	0.1641748498722756	0.07145898160956522	0.1641748498722756	-0.07145898160956522	0.6196255120170107	1.2242765743750946e-18	
1.4 	0.37701397440386364	-7.115559215763746e-19	0.1566775465828208	0.06302925407639336	0.15667754658282076	-0.06302925407639336	0.6229860255961356	7.80431944470889e-19	
1.425 	0.37406464799049094	-1.7930296325896015e-18	0.1489783519803867	0.055014333539658004	0.14897835198038673	-0.055014333539658	0.6259353520095083	-1.9976821599632708e-18	
1.45 	0.371505358961381	-1.5483783651739075e-18	0.14109967096243028	0.047430278681720825	0.1410996709624303	-0.047430278681720825	0.6284946410386184	-4.1055934584983883e-19	
1.475 	0.3693142004471276	-1.9182600924094416e-18	0.1330635704244348	0.04029135067164066	0.1330635704244348	-0.04029135067164066	0.630685799552872	-1.4981790391897806e-18	
1.5 	0.3674685935910175	-1.601124987226151e-19	0.12489196382428207	0.033610190062285966	0.12489196382428201	-0.033610190062285966	0.632531406408982	7.635084353274885e-20	
1.525 	0.3659453660397665	1.2053761705932287e-18	0.11660681315325966	0.027397902329815937	0.1166068131532597	-0.027397902329815937	0.6340546339602328	-1.0681262393028162e-18	
1.55 	0.36472082857760874	-3.9786303134054895e-19	0.10823031211727228	0.021664046823085606	0.10823031211727226	-0.021664046823085602	0.6352791714223909	2.2440562599680653e-20	
1.575 	0.36377085459237224	-3.3223704218194923e-19	0.09978501640012476	0.01641653686268365	0.09978501640012477	-0.01641653686268365	0.6362291454076272	1.2244122896274723e-19	
1.6 	0.3630709663742505	-3.0986188312549893e-19	0.09129389365896336	0.011661470420777488	0.09129389365896333	-0.011661470420777486	0.6369290336257489	5.498972003271327e-19	
1.625 	0.3625964310390866	-7.679834431588534e-20	0.0827802765026897	0.007402919739121181	0.08278027650268971	-0.007402919739121181	0.6374035689609129	-6.420453675099746e-20	
1.65 	0.362322367305908	-1.6202104714717886e-19	0.07426771471000229	0.00364271330061582	0.07426771471000225	-0.0036427133006158197	0.6376776326940915	-3.3791773975115095e-19	
1.675 	0.36222386265347084	8.894853579277499e-20	0.06577973659697774	0.00038024417932177077	0.06577973659697772	-0.0003802441793217706	0.6377761373465284	-3.2075238414114125e-19	
1.7 	0.3622760987572985	2.6075819409573747e-19	0.05733954188433932	-0.0023876650311674286	0.05733954188433938	0.002387665031167429	0.6377239012427005	-2.6826873716377735e-19	
1.725 	0.3624544817761448	-5.873058968491633e-20	0.04896965793380668	-0.004666818168807291	0.04896965793380667	0.0046668181688072925	0.6375455182238541	4.2163807422202984e-20	
1.75 	0.36273477318082736	2.607975665081399e-19	0.040691596503940164	-0.00646561017791638	0.0406915965039401	0.00646561017791638	0.6372652268191717	-1.467307116385666e-19	
1.775 	0.36309321650014464	-1.6706547639458036e-19	0.03252554847972078	-0.007794900015092961	0.03252554847972076	0.007794900015092961	0.6369067834998544	1.8036149813171096e-19	
1.8 	0.3635066556221689	-5.895574646743692e-20	0.024490149304223958	-0.008667802635752292	0.02449014930422396	0.008667802635752292	0.6364933443778301	-4.264715854622011e-19	
1.825 	0.3639526410797289	1.8014289809485978e-21	0.01660233872991039	-0.009099420411664757	0.016602338729910404	0.009099420411664757	0.63604735892027	-4.129181073785747e-19	
1.85 	0.36440952194192233	-3.87882975402976e-19	0.008877326263496153	-0.009106540756838848	0.008877326263496122	0.009106540756838848	0.6355904780580767	-4.634771828590236e-19	
1.875 	0.3648565223536988	-5.2421118722646855e-20	0.0013286599841170219	-0.008707329314237438	0.0013286599841170427	0.008707329314237436	0.6351434776463002	1.2534697722089352e-19	
1.9 	0.3652738032123424	-6.673344163550711e-19	-0.006031616856898027	-0.007921046554889354	-0.006031616856898033	0.007921046554889356	0.6347261967876568	2.57515331602052e-19	
1.925 	0.36564251074561493	-9.52322012376899e-19	-0.013192748092177088	-0.006767810411036213	-0.013192748092177048	0.006767810411036215	0.6343574892543843	2.926161108502009e-19	
1.95 	0.36594481469443696	-6.766233848681928e-19	-0.02014501972373207	-0.005268419460693699	-0.02014501972373204	0.005268419460693701	0.6340551853055624	4.334506550125096e-19	
1.975 	0.3661639392890807	-5.302914385487047e-19	-0.026879524468247956	-0.0034442414319210283	-0.026879524468247918	0.0034442414319210296	0.6338360607109186	4.317454591190697e-19	
2.0 	0.36628419019491215	-7.537288387955201e-19	-0.03338797004216313	-0.0013171618256268918	-0.033387970042163144	0.0013171618256268933	0.6337158098050871	5.193948309918761e-19	
2.025 	0.36629098011662903	-8.247940950514973e-19	-0.039662558454121935	0.0010904213151532373	-0.03966255845412195	-0.0010904213151532356	0.6337090198833701	6.365206309156799e-19	
2.05 	0.36617085488033346	-7.940587351009033e-19	-0.045695952868669155	0.0037555768141911347	-0.04569595286866918	-0.0037555768141911334	0.6338291451196659	3.242374423717069e-19	
2.075 	0.36591152070478544	-6.749147965781126e-19	-0.051481335674743126	0.006654817350630489	-0.051481335674743126	-0.0066548173506304886	0.6340884792952135	8.4383897108741e-20	
2.1 	0.3655018722023056	-3.456352416176595e-19	-0.05701254800360375	0.009764096846710873	-0.057012548003603794	-0.009764096846710875	0.6344981277976935	-3.2382228367148397e-20	
2.125 	0.36493201959762117	-1.063878572960102e-18	-0.06228428893383481	0.013058846975329096	-0.06228428893383487	-0.013058846975329094	0.6350679804023779	7.835255234137229e-19	
2.15 	0.36419331288114154	-7.932957779644625e-19	-0.06729234366531538	0.01651406453835353	-0.06729234366531532	-0.016514064538353527	0.6358066871188575	9.057425289595901e-19	
2.175 	0.3632783602401658	-3.333457477377615e-18	-0.07203380530977418	0.020104452687812788	-0.07203380530977416	-0.020104452687812784	0.6367216397598333	1.6328079855149209e-18	
2.2 	0.36218103819532627	-2.1461491232106895e-18	-0.07650725532208508	0.02380460970421585	-0.0765072553220851	-0.023804609704215843	0.6378189618046729	2.8081693739859897e-18	
2.225 	0.3608964913987779	-2.8235619231456163e-18	-0.0807128729839947	0.027589250718277045	-0.08071287298399474	-0.027589250718277038	0.6391035086012213	2.803065036571018e-18	
2.25 	0.35942112094574863	-2.7781307380111018e-18	-0.08465245404657941	0.031433441647071396	-0.08465245404657942	-0.03143344164707139	0.6405788790542504	2.3649436476149937e-18	
2.275 	0.3577525611756258	-1.3253837383155022e-18	-0.0883293313173266	0.03531282167874629	-0.08832933131732663	-0.03531282167874628	0.6422474388243733	2.482359404761854e-18	
2.3 	0.3558896461191509	-4.0680978523290536e-18	-0.09174820388022743	0.03920379138223956	-0.09174820388022743	-0.039203791382239554	0.6441103538808481	3.282650671632825e-18	
2.325 	0.35383236779935456	-5.561318392117529e-18	-0.09491489480623318	0.04308364789624077	-0.09491489480623319	-0.04308364789624077	0.6461676322006443	1.3771480779606841e-18	
2.35 	0.3515818293463209	-1.9829564160741967e-18	-0.09783606777225953	0.04693065607737665	-0.09783606777225952	-0.04693065607737664	0.6484181706536781	-1.2947306400120897e-18	
2.375 	0.3491401962119328	-1.3555632539959724e-18	-0.10051893943123955	0.05072405391147466	-0.10051893943123955	-0.05072405391147465	0.650859803788066	5.170393598401861e-18	
2.4 	0.34651064860366204	-3.3447347812634783e-18	-0.1029710256945419	0.05444400055013951	-0.10297102569454186	-0.0544440005501395	0.6534893513963367	3.587477250075795e-18	
2.425 	0.3436973376015543	-5.0822649873273945e-18	-0.10519995602470396	0.05807148454262138	-0.105199956024704	-0.05807148454262138	0.6563026623984447	-5.854454167720823e-19	
2.45 	0.3407053463581303	-1.8738477702519224e-18	-0.10721338084412613	0.061588216791042164	-0.10721338084412614	-0.061588216791042164	0.6592946536418685	8.888603543800948e-20	
2.475 	0.3375406564489243	-3.039238456806094e-18	-0.1090189843692226	0.06497653634739649	-0.10901898436922253	-0.06497653634739647	0.6624593435510743	4.941462718513309e-18	
2.5 	0.33421011802929296	-2.734337348829103e-19	-0.11062460023432392	0.06821935671397535	-0.11062460023432392	-0.06821935671397535	0.6657898819707058	7.540165514905715e-18	
2.525 	0.3307214211691319	-2.713277488723474e-18	-0.11203841215307155	0.07130017566690405	-0.1120384121530716	-0.07130017566690404	0.6692785788308665	5.509829461854512e-18	
2.55 	0.32708306478190413	-6.489728456312878e-18	-0.11326920863034796	0.07420316323447212	-0.113269208630348	-0.0742031632344721	0.6729169352180945	1.754591374879399e-18	
2.575 	0.3233043191027893	1.4592483553898446e-18	-0.114326651252131	0.07691333130818717	-0.11432665125213103	-0.07691333130818717	0.6766956808972094	-4.171358473022238e-21	
2.6 	0.31939517780723053	-5.614727603478308e-20	-0.11522151177746687	0.07941677585986578	-0.1152215117774669	-0.07941677585986578	0.6806048221927683	3.390858162415085e-18	
2.625 	0.3153662966218944	5.915718130622683e-19	-0.1159658349309403	0.08170097056306737	-0.11596583493094027	-0.08170097056306738	0.6846337033781041	-1.1787789618043793e-18	
2.65 	0.3112289166050343	4.047114544462592e-18	-0.11657299146849233	0.08375508050318703	-0.11657299146849229	-0.08375508050318704	0.6887710833949643	2.9767243231444125e-18	
2.675 	0.3069947720194833	-2.4375556992564896e-18	-0.11705759897651502	0.08557025815416773	-0.11705759897651502	-0.08557025815416773	0.6930052279805153	-1.8179830512311707e-18	
2.7 	0.3026759846780704	1.6639759654340741e-19	-0.11743530443598378	0.08713988203752895	-0.11743530443598385	-0.08713988203752895	0.6973240153219281	-1.2048912439939278e-18	
2.725 	0.29828494855456833	1.4130533252483963e-19	-0.11772244075014422	0.08845970200639022	-0.11772244075014424	-0.08845970200639022	0.70171505144543	-4.639859215419658e-19	
2.75 	0.2938342100596861	-3.989505243595532e-18	-0.1179355868112043	0.089527863760754	-0.1179355868112043	-0.089527863760754	0.7061657899403122	-3.511824038369668e-19	
2.775 	0.2893363504429919	-3.6686129737814595e-18	-0.11809107490905951	0.09034479813871929	-0.11809107490905954	-0.09034479813871929	0.7106636495570062	-3.508153536814393e-18	
2.8 	0.2848038771190091	-2.885055752347841e-18	-0.11820449835495891	0.0909129764600367	-0.1182044983549589	-0.0909129764600367	0.7151961228809891	3.871706384181477e-19	
2.825 	0.2802491302360924	4.057860158010514e-18	-0.11829027473062993	0.09123654980155965	-0.11829027473062989	-0.09123654980155965	0.7197508697639058	6.6590732604231265e-18	
2.85 	0.2756842095192054	4.206246659749994e-18	-0.1183613156346939	0.09132090543993414	-0.11836131563469392	-0.09132090543993414	0.724315790480793	3.479494825598303e-18	
2.875 	0.27112092443669555	1.8553449324494255e-18	-0.11842884255364093	0.09117218576285512	-0.11842884255364097	-0.09117218576285512	0.7288790755633028	-9.373426310658194e-18	
2.9 	0.2665707682755482	4.423394040964771e-18	-0.11850237178134987	0.0907968220256218	-0.11850237178134992	-0.09079682202562181	0.73342923172445	-5.737187825988236e-18	
2.925 	0.2620449140400493	3.999387384521271e-18	-0.11858987112291414	0.09020113627918916	-0.11858987112291411	-0.09020113627918917	0.7379550859599489	-3.4035641835297422e-18	
2.95 	0.257554227535161	2.6498018953753427e-18	-0.11869806990607054	0.08939105920564319	-0.11869806990607054	-0.0893910592056432	0.7424457724648372	-1.0727170884054361e-17	
2.975 	0.253109290879051	7.115362209874139e-18	-0.11883288423627632	0.08837199984669139	-0.11883288423627629	-0.08837199984669139	0.7468907091209472	-1.6267099883513768e-18	
3.0 	0.24872042829133903	4.367162077038037e-18	-0.1189999039854154	0.08714888645374662	-0.1189999039854154	-0.08714888645374662	0.7512795717086591	-9.44305274749304e-18	
3.025 	0.2443977255320744	3.517075528740699e-18	-0.11920487877045603	0.08572637774121963	-0.11920487877045607	-0.08572637774121965	0.7556022744679238	-3.0969972120551217e-18	
3.05 	0.24015103492500484	5.569770775829037e-18	-0.11945413851660988	0.08410922297559145	-0.11945413851660985	-0.08410922297559145	0.7598489650749933	-6.794119248295355e-18	
3.075 	0.23598995947018242	5.188274845594647e-18	-0.11975489056593577	0.08230273008368115	-0.11975489056593575	-0.08230273008368116	0.7640100405298157	-3.1681247789590846e-18	
3.1 	0.23192381199391815	2.822834169507032e-18	-0.12011534914990095	0.08031328573377537	-0.12011534914990096	-0.08031328573377537	0.7680761880060801	-4.2068789062895566e-18	
3.125 	0.2279615483445043	3.771110956927835e-18	-0.12054467289232337	0.07814886216704435	-0.12054467289232339	-0.07814886216704436	0.7720384516554938	-7.562998235919885e-18	
3.15 	0.22411167697964002	4.260045697424716e-18	-0.121052709536261	0.07581944381136745	-0.121052709536261	-0.07581944381136746	0.7758883230203582	-7.681041432792405e-18	
3.175 	0.22038215051772236	5.852427016105612e-18	-0.12164957143968456	0.07333731291468552	-0.12164957143968458	-0.07333731291468554	0.7796178494822757	-1.334700593900964e-18	
3.2 	0.21678024754950243	5.5332842269588105e-18	-0.12234508751068625	0.07071714715168922	-0.12234508751068623	-0.07071714715168924	0.7832197524504958	-5.466085206688347e-18	
3.225 	0.2133124548841793	7.078513057359162e-18	-0.12314819429831746	0.06797590200988265	-0.12314819429831746	-0.06797590200988267	0.7866875451158191	-5.495188739612317e-18	
3.25 	0.20998436117945055	3.3556216567179312e-18	-0.12406633863395071	0.06513247457741438	-0.12406633863395071	-0.06513247457741438	0.7900156388205478	-3.37913070056657e-18	
3.275 	0.20680057244647065	4.654553250660766e-18	-0.1251049651223978	0.06220717041664792	-0.12510496512239783	-0.06220717041664793	0.7931994275535277	-8.781941645373891e-18	
3.3 	0.20376465823923637	6.409089491970262e-18	-0.12626715358141707	0.05922101856952738	-0.12626715358141707	-0.059221018569527384	0.7962353417607619	-5.848828781682232e-18	
3.325 	0.20087913459027207	6.2470712277510574e-18	-0.12755345503238694	0.056194998587154966	-0.12755345503238696	-0.05619499858715498	0.7991208654097262	-5.000263143535646e-18	
3.35 	0.1981454862276654	5.1864789063205484e-18	-0.12896195192154514	0.05314925546174077	-0.12896195192154505	-0.05314925546174079	0.8018545137723327	-1.2407575909490329e-18	
3.375 	0.19556422668878584	5.940046039924323e-18	-0.13048854160990891	0.050102381880877976	-0.13048854160990891	-0.05010238188087798	0.8044357733112125	-4.231268809514544e-18	
3.4 	0.1931349910753688	6.416988132945081e-18	-0.1321274150388541	0.04707084170404691	-0.1321274150388541	-0.04707084170404692	0.8068650089246294	-5.751142212243706e-18	
3.425 	0.19085665281956588	5.0438571891826925e-18	-0.13387167821158816	0.04406859442057448	-0.13387167821158813	-0.04406859442057449	0.8091433471804322	-4.156472496561631e-18	
3.45 	0.18872745334937127	2.2916209607235353e-18	-0.13571404579417998	0.041106959058253775	-0.13571404579417995	-0.04110695905825378	0.8112725466506268	-4.400115251970261e-18	
3.475 	0.1867451322564509	5.229759599227583e-19	-0.13764752612283032	0.03819472992192635	-0.13764752612283032	-0.03819472992192635	0.8132548677435473	-3.616066773743548e-18	
3.5 	0.18490704564757166	4.360543199503357e-18	-0.13966601660718922	0.035338528617653	-0.13966601660718922	-0.035338528617653006	0.8150929543524266	-1.7315510730657085e-18	
3.525 	0.18321026181361796	3.4592911613680474e-18	-0.1417647381585841	0.032543350299148475	-0.1417647381585841	-0.03254335029914848	0.8167897381863802	-2.746783938416518e-18	
3.55 	0.18165162602797763	6.269341653176881e-19	-0.14394045582853046	0.029813240082276236	-0.14394045582853046	-0.02981324008227624	0.8183483739720208	3.142233618255801e-19	
3.575 	0.1802277898940119	-2.9928907120482346e-18	-0.14619145817164703	0.02715202073617519	-0.14619145817164697	-0.027152020736175186	0.8197722101059863	2.4588856676437933e-18	
3.6 	0.1789352047927017	-2.881964103321083e-18	-0.1485172969305113	0.024563986876691767	-0.14851729693051127	-0.024563986876691764	0.8210647952072966	2.8199345685495614e-18	
3.625 	0.17777008316525345	-3.3908033498351536e-18	-0.1509183179572373	0.022054484708006222	-0.15091831795723726	-0.02205448470800622	0.8222299168347449	2.745938311506767e-18	
3.65 	0.17672833512147634	-2.8485014217962976e-18	-0.15339504024870557	0.019630309482689994	-0.15339504024870557	-0.019630309482689987	0.8232716648785219	2.990851586008703e-18	
3.675 	0.17580549076110094	-3.310012308976376e-18	-0.1559474593656659	0.01729987377912712	-0.15594745936566579	-0.01729987377912711	0.8241945092388973	3.582323922272299e-18	
3.7 	0.17499662029885596	-3.3048315956707352e-18	-0.15857436188666724	0.015073126008705001	-0.15857436188666724	-0.015073126008704994	0.8250033797011423	3.904011423383136e-18	
3.725 	0.17429626440017684	-3.55051375627592e-18	-0.16127273754141463	0.01296122721279739	-0.1612727375414146	-0.012961227212797383	0.8257037355998215	3.694263352730105e-18	
3.75 	0.17369838602890936	-3.71694645308007e-18	-0.16403736514055406	0.010976021868113538	-0.16403736514055406	-0.010976021868113533	0.8263016139710889	3.783232823079591e-18	
3.775 	0.17319635271228506	-4.135824128191491e-18	-0.1668606285036999	0.00912936187819671	-0.16686062850369987	-0.009129361878196702	0.8268036472877133	4.7531554561606264e-18	
3.8 	0.17278295472263883	-4.399977649203315e-18	-0.1697325915690534	0.0074323594620048445	-0.1697325915690534	-0.007432359462004835	0.8272170452773593	4.856144735919914e-18	
3.825 	0.17245046065815842	-4.9500288834363314e-18	-0.1726413309309258	0.005894652332229777	-0.1726413309309258	-0.005894652332229767	0.8275495393418398	5.1872225814143175e-18	
3.85 	0.17219070774590556	-4.804921045928479e-18	-0.1755734929200106	0.004523762494537292	-0.17557349292001062	-0.0045237624945372815	0.8278092922540927	5.011078384550256e-18	
3.875 	0.17199522037495024	-4.624421881518269e-18	-0.17851501484030155	0.003324618455894496	-0.17851501484030152	-0.0033246184558944863	0.8280047796250478	5.068544622980179e-18	
3.9 	0.17185534733923866	-5.0547088675456195e-18	-0.1814519295604066	0.002299291008886593	-0.1814519295604066	-0.0022992910088865826	0.8281446526607595	5.2852176257937014e-18	
3.925 	0.17176240637648776	-4.875966045162839e-18	-0.18437116196046036	0.0014469674530492738	-0.18437116196046038	-0.0014469674530492643	0.8282375936235103	5.079220478750384e-18	
3.95 	0.17170782403986154	-4.4118178798616105e-18	-0.18726122620976177	0.0007641612252222838	-0.18726122620976182	-0.0007641612252222751	0.8282921759601366	4.6959736569277826e-18	
3.975 	0.1716832597774443	-4.020486926700255e-18	-0.19011274454053625	0.00024512686254013076	-0.19011274454053623	-0.00024512686254012295	0.828316740222554	4.363518105800242e-18	
4.0 	0.1716807051944872	-3.557356682740596e-18	-0.19291872969612042	-0.00011757268037876161	-0.19291872969612042	0.00011757268037876843	0.828319294805511	3.950004520816006e-18	
4.025 	0.17169255255575336	-3.209482214309167e-18	-0.19567460190153332	-0.00033241533931134223	-0.19567460190153332	0.0003324153393113482	0.828307447444245	3.587579806586577e-18	
4.05 	0.1717116302544505	-2.897319209642867e-18	-0.19837794344289214	-0.0004082621073311522	-0.19837794344289222	0.0004082621073311574	0.8282883697455479	3.2836969988033323e-18	
4.075 	0.17173120677027015	-2.565992259096946e-18	-0.20102802571897022	-0.0003537660981768655	-0.20102802571897016	0.00035376609817687005	0.828268793229728	2.9971414516344778e-18	
4.1 	0.17174496809699172	-2.1414118857573455e-18	-0.2036251710030677	-0.00017691139802706552	-0.2036251710030677	0.0001769113980270691	0.8282550319030065	2.6011671641723394e-18	
4.125 	0.17174697632856536	-1.752344960083361e-18	-0.2061700307796654	0.00011527388649913738	-0.20617003077966542	-0.00011527388649913463	0.8282530236714329	2.2630862667969122e-18	
4.15 	0.17173161874359882	-1.4425941653542853e-18	-0.20866287204848483	0.0005168093215715301	-0.2086628720484848	-0.000516809321571528	0.8282683812563993	1.9417277294625334e-18	
4.175 	0.17169355715241708	-1.091720814842592e-18	-0.21110296132335207	0.0010226627184587121	-0.21110296132335205	-0.0010226627184587108	0.8283064428475814	1.6346829638215222e-18	
4.2 	0.1716276864545771	-8.154627798639466e-19	-0.21348812344813622	0.001628487626529615	-0.21348812344813622	-0.0016284876265296145	0.8283723135454213	1.3937745929533118e-18	
4.225 	0.1715291094374423	-3.4677004408971464e-19	-0.2158145303489695	0.0023302454756596066	-0.21581453034896947	-0.0023302454756596066	0.8284708905625559	1.1183002408561456e-18	
4.25 	0.17139313210082802	-2.1427068618202927e-19	-0.2180767460795643	0.0031237732116565177	-0.21807674607956432	-0.0031237732116565185	0.8286068678991702	7.918229571653049e-19	
4.275 	0.17121528058956045	1.5028707201234166e-19	-0.22026802243440355	0.004004362280904341	-0.2202680224344036	-0.0040043622809043415	0.8287847194104375	1.6232539923902506e-19	
4.3 	0.1709913375778716	1.99697189616886e-19	-0.22238080787014283	0.00496641119713378	-0.22238080787014286	-0.004966411197133781	0.8290086624221265	4.732714768644284e-19	
4.325 	0.1707173930998326	8.471518328625077e-20	-0.22440740535742815	0.006003202195278501	-0.22440740535742823	-0.006003202195278501	0.8292826069001655	8.542858334076954e-19	
4.35 	0.17038990272897087	4.2619208719590214e-19	-0.22634069550432792	0.007106834195308956	-0.22634069550432787	-0.007106834195308957	0.8296100972710272	4.2007155814242086e-19	
4.375 	0.1700057449484654	5.292150310088908e-19	-0.22817483238974048	0.008268321867451115	-0.22817483238974048	-0.008268321867451116	0.8299942550515328	-1.0031500018884625e-19	
4.4 	0.16956226965556018	5.464025216197853e-19	-0.22990582232129572	0.009477846987473918	-0.2299058223212957	-0.00947784698747392	0.8304377303444378	-2.306454716212442e-19	
4.425 	0.1690573309891642	4.451039905944174e-19	-0.23153191001979367	0.010725126673853282	-0.23153191001979367	-0.010725126673853284	0.8309426690108337	-2.9818572941201815e-19	
4.45 	0.16848929988213315	5.820102786088553e-19	-0.23305372085388718	0.0119998464577987	-0.2330537208538871	-0.011999846457798702	0.8315107001178647	2.970800210031353e-20	
4.475 	0.1678570546104953	4.619982276002911e-19	-0.23447413869322845	0.013292096759561852	-0.23447413869322842	-0.013292096759561854	0.8321429453895024	4.061145900173735e-19	
4.5 	0.16715995073994708	-7.754786682164008e-19	-0.2357979327539359	0.014592750556442142	-0.23579793275393593	-0.014592750556442142	0.8328400492600507	2.3727506889779428e-19	
4.525 	0.16639777481705942	6.819805557528596e-19	-0.23703117910360388	0.015893727975838923	-0.23703117910360386	-0.015893727975838923	0.8336022251829384	5.649757246351047e-19	
4.55 	0.1655706885036081	6.654778304791066e-19	-0.23818054909531747	0.01718810917380386	-0.23818054909531747	-0.01718810917380386	0.8344293114963897	1.1225288008917422e-18	
4.575 	0.16467917127208562	-2.8506988455483216e-19	-0.2392525544976091	0.01847007806177242	-0.2392525544976091	-0.018470078061772418	0.8353208287279121	6.787283019972225e-19	
4.6 	0.1637239700588814	2.5118511224473827e-18	-0.24025284527398844	0.01973470337421261	-0.2402528452739885	-0.019734703374212615	0.8362760299411165	8.866841960373478e-20	
4.625 	0.16270606335173404	2.4182601774126362e-18	-0.2411856500958126	0.020977587033483756	-0.24118565009581258	-0.02097758703348376	0.8372939366482637	-5.094855646449961e-19	
4.65 	0.16162664517233133	1.0490536409682767e-18	-0.2420534325037023	0.022194429646417903	-0.24205343250370226	-0.022194429646417907	0.8383733548276664	3.953807803550957e-19	
4.675 	0.16048713155164418	2.0592403578851776e-18	-0.24285680928048317	0.023380576605637783	-0.2428568092804832	-0.023380576605637787	0.8395128684483536	-2.123838268366139e-18	
4.7 	0.15928918874742137	1.494103777843227e-18	-0.24359474524342992	0.02453061378935218	-0.24359474524342992	-0.024530613789352184	0.8407108112525762	-9.05159690336485e-19	
4.725 	0.15803477905281346	1.346092974714975e-18	-0.24426500416793115	0.02563807836541064	-0.24426500416793115	-0.02563807836541064	0.8419652209471841	-1.6652191197896195e-18	
4.75 	0.1567262170424348	1.0535108563134318e-18	-0.2448648030331474	0.026695337906197117	-0.24486480303314737	-0.02669533790619712	0.843273782957563	-9.78873808175755e-19	
4.775 	0.1553662269102873	1.4667306677319207e-18	-0.24539159015864767	0.027693671187518473	-0.24539159015864762	-0.027693671187518476	0.8446337730897103	2.6229973782931015e-19	
4.8 	0.15395799049720055	2.4175113099007237e-18	-0.24584385039095413	0.028623558916620797	-0.24584385039095416	-0.0286235589166208	0.8460420095027976	-1.761304471792807e-18	
4.825 	0.15250517587651588	1.7793704398076805e-18	-0.2462218346141281	0.029475165191655304	-0.24622183461412808	-0.029475165191655304	0.847494824123482	-1.0634004850903469e-18	
4.85 	0.15101193799736665	1.0019850084423449e-18	-0.24652811750784379	0.03023896413732417	-0.2465281175078438	-0.030238964137324176	0.8489880620026314	7.348981651976394e-19	
4.875 	0.14948288573444374	1.4604134198415715e-18	-0.2467679061770063	0.03090644431186248	-0.2467679061770063	-0.030906444311862482	0.8505171142655544	-5.727403357151462e-19	
4.9 	0.14792301345833245	1.3572676882915518e-18	-0.2469490510332516	0.03147080914789098	-0.2469490510332516	-0.03147080914789099	0.8520769865416655	-2.3644381717737005e-18	
4.925 	0.14633759948685535	3.9987550261515636e-18	-0.24708174578826075	0.03192758704954307	-0.24708174578826084	-0.03192758704954308	0.8536624005131428	-1.696244108714333e-18	
4.95 	0.14473207799018326	-1.0761339945562477e-19	-0.24717794132870186	0.03227507082706664	-0.24717794132870186	-0.03227507082706664	0.8552679220098149	-1.0931912784636265e-19	
4.975 	0.14311189456880846	2.8404443138650167e-19	-0.24725053386773108	0.03251452255609717	-0.24725053386773102	-0.03251452255609717	0.8568881054311895	9.243640955718531e-20	
5.0 	0.1414823583238142	3.4141145511732675e-19	-0.24731241659734982	0.03265010499189512	-0.24731241659734984	-0.03265010499189512	0.858517641676184	-4.9261649753632e-19	
5.025 	0.1398485044289517	2.765675824693354e-19	-0.24737550240616799	0.032688531478212386	-0.24737550240616799	-0.032688531478212386	0.8601514955710465	5.399754561926872e-19	
5.05 	0.1382149807947871	-3.6758633827829816e-18	-0.24744983070221738	0.03263845920147789	-0.24744983070221738	-0.032638459201477885	0.8617850192052111	3.4052797106568637e-18	
5.075 	0.13658597038080722	-3.748579096510767e-18	-0.24754286323806657	0.03250968167181386	-0.2475428632380665	-0.03250968167181385	0.863414029619191	5.03436236168713e-18	
5.1 	0.134965157252458	-5.82382255906158e-18	-0.24765905302007177	0.03231220167383928	-0.24765905302007174	-0.03231220167383927	0.8650348427475403	5.877542971163272e-18	
5.125 	0.13335573996191988	-4.708737867856618e-18	-0.24779973938055805	0.03205528249389534	-0.24779973938055805	-0.03205528249389533	0.8666442600380784	4.0259658299433076e-18	
5.15 	0.13176049075127877	-3.8253806944499106e-18	-0.24796338478395966	0.03174658089562389	-0.24796338478395977	-0.031746580895623884	0.8682395092487195	2.9868924025312567e-18	
5.175 	0.13018185400614035	-2.221205980289471e-18	-0.2481461293381521	0.03139145924012899	-0.24814612933815205	-0.03139145924012899	0.8698181459938581	2.9053084343770525e-18	
5.2 	0.12862207290684774	-1.2789311583627078e-18	-0.24834260190867452	0.030992556826825175	-0.2483426019086745	-0.030992556826825172	0.8713779270931504	3.8009705487310225e-18	
5.225 	0.1270833298562074	-1.4464263108539884e-18	-0.24854689648969264	0.030549673739619348	-0.2485468964896926	-0.030549673739619344	0.8729166701437908	3.701805916311131e-18	
5.25 	0.12556788441307637	-1.7024461569995663e-18	-0.24875360259060764	0.030059987078535	-0.24875360259060758	-0.030059987078534994	0.8744321155869219	2.289922345007772e-18	
5.275 	0.12407819237242676	-4.2748742459570356e-18	-0.24895877120432366	0.029518583082641634	-0.2489587712043237	-0.029518583082641627	0.8759218076275715	4.356231407403975e-18	
5.3 	0.12261699135273459	-2.5308422067161168e-18	-0.24916070435468957	0.02891925334993126	-0.24916070435468962	-0.028919253349931253	0.8773830086472637	3.8364863275520024e-18	
5.325 	0.1211873416258171	-3.602327936721373e-18	-0.24936047564663927	0.02825547313853838	-0.24936047564663927	-0.028255473138538368	0.8788126583741811	4.764665560724581e-18	
5.35 	0.11979261560782663	-2.886103776490124e-18	-0.24956211952339327	0.02752145810379193	-0.2495621195233933	-0.02752145810379192	0.8802073843921716	5.197153502734424e-18	
5.375 	0.1184364349238423	-2.2462063108649792e-18	-0.2497724646368951	0.02671318538768612	-0.24977246463689515	-0.026713185387686116	0.881563565076156	4.040678946056432e-18	
5.4 	0.1171225596631202	-4.025759224549399e-18	-0.2500006275108894	0.025829267090335322	-0.2500006275108894	-0.025829267090335308	0.8828774403368781	4.716426037354837e-18	
5.425 	0.11585473972572055	-4.981231986270013e-18	-0.250257221761408	0.02487157874285115	-0.250257221761408	-0.02487157874285114	0.8841452602742778	5.820292098755929e-18	
5.45 	0.11463654243236218	-4.995696144614245e-18	-0.25055337094171587	0.023845570943446488	-0.25055337094171587	-0.02384557094344648	0.8853634575676359	5.887319134551985e-18	
5.475 	0.113471173345782	-4.022173365791823e-18	-0.2508996357322643	0.022760226004194757	-0.25089963573226426	-0.022760226004194747	0.8865288266542162	4.9067971556167225e-18	
5.5 	0.11236130821744372	-3.629200184948452e-18	-0.25130497604276325	0.02162765952019708	-0.25130497604276314	-0.021627659520197077	0.8876386917825543	4.556517628077478e-18	
5.525 	0.11130895301491026	-2.904919322753763e-18	-0.2517758645064476	0.02046240494457568	-0.2517758645064476	-0.020462404944575678	0.8886910469850878	4.144251412835501e-18	
5.55 	0.1103153462050768	-3.51445929562136e-18	-0.25231565035858305	0.01928045325936947	-0.25231565035858305	-0.019280453259369463	0.8896846537949211	3.3049703378973827e-18	
5.575 	0.10938091317245643	-3.716197184508122e-18	-0.2529242439139629	0.018098145897316585	-0.25292424391396295	-0.01809814589731658	0.8906190868275418	4.077833544492939e-18	
5.6 	0.1085052773128393	-4.016863026831132e-18	-0.253598155212047	0.016931034338778246	-0.2535981552120469	-0.016931034338778243	0.8914947226871588	4.296748193729556e-18	
5.625 	0.10768732654679629	-4.726833612572534e-18	-0.25433088019252326	0.015792822662359467	-0.2543308801925232	-0.015792822662359464	0.8923126734532018	4.612649082817905e-18	
5.65 	0.10692532837683381	-4.3784115220230785e-18	-0.255113588680636	0.014694499549374102	-0.25511358868063605	-0.014694499549374096	0.8930746716231642	4.492678741929569e-18	
5.675 	0.10621708177401755	-4.4852280488610214e-18	-0.25593603500624135	0.013643745024869529	-0.25593603500624146	-0.013643745024869522	0.8937829182259805	4.336753975115357e-18	
5.7 	0.10556009063980411	-4.45363672087687e-18	-0.25678758805907675	0.012644667021496902	-0.25678758805907675	-0.012644667021496895	0.894439909360194	4.813004294708117e-18	
5.725 	0.1049517417128845	-5.185603544161586e-18	-0.25765826566204664	0.011697887119071687	-0.25765826566204664	-0.01169788711907168	0.8950482582871137	4.362414518194687e-18	
5.75 	0.10438946975669772	-4.4532446008674625e-18	-0.2585396595468363	0.01080095757110005	-0.25853965954683633	-0.010800957571100046	0.8956105302433004	4.712560231545937e-18	
5.775 	0.10387089464203357	-3.477306378922744e-18	-0.2594256515856373	0.009949057131320669	-0.2594256515856373	-0.009949057131320663	0.8961291053579644	3.822629078896381e-18	
5.8 	0.10339391830135641	-2.6744326245121533e-18	-0.26031284739108046	0.009135885031423976	-0.26031284739108046	-0.009135885031423974	0.8966060816986416	3.2137940421537613e-18	
5.825 	0.10295677407631314	-2.0744744220906928e-18	-0.26120068678752784	0.008354653731034648	-0.26120068678752784	-0.008354653731034648	0.8970432259236849	2.451009885707923e-18	
5.85 	0.10255802618403582	-9.395144685676513e-19	-0.26209122794782486	0.007599073620633385	-0.26209122794782486	-0.007599073620633385	0.8974419738159619	1.322632031908012e-18	
5.875 	0.1021965223079681	-7.049190004719238e-19	-0.2629886387759036	0.006864227231676858	-0.26298863877590367	-0.00686422723167686	0.8978034776920296	9.065821031415297e-19	
5.9 	0.10187130709974937	4.5946108964029354e-20	-0.2638984611606936	0.00614724585944437	-0.2638984611606936	-0.006147245859444372	0.8981286929002482	9.36371333394456e-19	
5.925 	0.10158150815811516	2.7708761555291065e-19	-0.2648267374635224	0.00544772577694982	-0.2648267374635224	-0.005447725776949822	0.8984184918418825	7.8118512397016315e-19	
5.95 	0.10132620845439383	1.056181652909015e-18	-0.26577910153145984	0.004767851419527111	-0.2657791015314599	-0.0047678514195271145	0.8986737915456038	8.363742877939538e-20	
5.975 	0.10110431999287298	1.6406604190597308e-18	-0.2667599374773392	0.004112225500045344	-0.2667599374773392	-0.0041122255000453495	0.8988956800071245	-8.740179585624707e-19	
6.0 	0.10091447270147805	1.638038524130129e-18	-0.26777169866786565	0.00348743729335985	-0.26777169866786565	-0.0034874372933598554	0.8990855272985194	-1.0312650563010912e-18	
6.025 	0.10075493029583012	2.0493689599064247e-18	-0.2688144583827603	0.0029014269098973956	-0.26881445838276025	-0.0029014269098974017	0.8992450697041671	-1.4216065841042299e-18	
6.05 	0.10062354145473097	2.309626319600981e-18	-0.2698857351340836	0.002362722515211462	-0.2698857351340836	-0.002362722515211469	0.8993764585452662	-1.796372594854294e-18	
6.075 	0.10051773050949597	2.740331897775852e-18	-0.2709806031342923	0.0018796373240394736	-0.2709806031342923	-0.001879637324039481	0.8994822694905013	-2.2328682486918718e-18	
6.1 	0.10043452746948067	3.120004871796518e-18	-0.27209206572184924	0.0014595130786790368	-0.2720920657218493	-0.0014595130786790448	0.8995654725305168	-2.656343659185146e-18	
6.125 	0.10037063307534692	3.3970477186616057e-18	-0.27321164047964447	0.0011080870325857635	-0.27321164047964447	-0.0011080870325857722	0.8996293669246503	-2.983920172089819e-18	
6.15 	0.1003225111354619	3.866346077132835e-18	-0.2743300826027749	0.0008290416926372746	-0.27433008260277497	-0.0008290416926372838	0.8996774888645354	-3.3527477663027706e-18	
6.175 	0.100286498007088	4.175798054085277e-18	-0.27543816019824	0.0006237730984645598	-0.27543816019824	-0.0006237730984645696	0.8997135019929092	-3.670400634949343e-18	
6.2 	0.10025891794589142	4.439630617731588e-18	-0.27652739287716965	0.0004913871911680746	-0.2765273928771697	-0.0004913871911680848	0.8997410820541059	-3.9640025065447485e-18	
6.225 	0.10023619322300216	4.8556428905426116e-18	-0.2775906731703673	0.00042890802344660456	-0.27759067317036734	-0.00042890802344661534	0.8997638067769953	-4.3234708470310594e-18	
6.25 	0.10021493930048937	5.187516747573749e-18	-0.2786227076144126	0.0004316591920463659	-0.27862270761441255	-0.0004316591920463772	0.8997850606995079	-4.624673130735618e-18	
6.275 	0.10019203772777228	5.5614146414404016e-18	-0.279620238378811	0.0004937633912698456	-0.279620238378811	-0.0004937633912698576	0.8998079622722251	-4.98156173274901e-18	
6.3 	0.10016468243419412	5.840223415161485e-18	-0.28058203384120367	0.000608696015567713	-0.28058203384120367	-0.0006086960155677255	0.8998353175658033	-5.324377096312292e-18	
6.325 	0.10013039835151154	5.695633841738539e-18	-0.28150866405831226	0.0007698278911158678	-0.2815086640583123	-0.0007698278911158798	0.8998696016484856	-5.182518923899636e-18	
6.35 	0.10008703440481219	5.730798758958196e-18	-0.28240210126951143	0.0009708990602073317	-0.2824021012695114	-0.0009708990602073436	0.8999129655951851	-5.196415287418934e-18	
6.375 	0.10003273550728965	5.6437978126899556e-18	-0.2832652036343868	0.0012063787190975705	-0.2832652036343868	-0.001206378719097582	0.8999672644927075	-5.012139192777664e-18	
6.4 	0.09996590001582048	5.712979022620711e-18	-0.2841011504805218	0.0014716838640213645	-0.2841011504805218	-0.001471683864021376	0.9000340999841766	-5.163878686637433e-18	
6.425 	0.09988512999669884	5.946224734699637e-18	-0.28491289865061775	0.0017632484886249721	-0.2849128986506178	-0.0017632484886249843	0.9001148700032984	-5.3717836741227675e-18	
6.45 	0.09978918158529072	6.035171838312821e-18	-0.2857027224372928	0.0020784538051508584	-0.2857027224372928	-0.0020784538051508705	0.9002108184147063	-5.253825944731903e-18	
6.475 	0.09967692179017963	5.912807450531436e-18	-0.28647188543350577	0.0024154457014944554	-0.28647188543350577	-0.002415445701494467	0.9003230782098174	-5.33915846939651e-18	
6.5 	0.09954729648140195	6.043852404317592e-18	-0.2872204735375467	0.002772876786538246	-0.28722047353754676	-0.002772876786538258	0.9004527035185952	-5.513120570704212e-18	
6.525 	0.0993993122721751	6.0075765122655824e-18	-0.2879473969390613	0.003149615898127588	-0.2879473969390613	-0.0031496158981275998	0.9006006877278222	-5.573977687734204e-18	
6.55 	0.09923203284452413	5.9308703638170895e-18	-0.2886505479195524	0.0035444676007270674	-0.2886505479195523	-0.003544467600727079	0.9007679671554729	-5.5106554128014846e-18	
6.575 	0.09904458826538318	5.9073035802336706e-18	-0.2893270832755533	0.003955938481604965	-0.2893270832755533	-0.003955938481604976	0.900955411734614	-5.502053126595985e-18	
6.6 	0.09883619423342248	6.050328051163567e-18	-0.2899737871734672	0.004382077108199152	-0.28997378717346717	-0.004382077108199163	0.9011638057665748	-5.436899561031532e-18	
6.625 	0.09860617716066458	5.078490275485256e-18	-0.29058746360999393	0.004820401946137314	-0.29058746360999393	-0.004820401946137322	0.9013938228393327	-4.485516353655833e-18	
6.65 	0.09835400061193093	4.799827528936736e-18	-0.29116530785784295	0.0052679182095939055	-0.2911653078578429	-0.005267918209593914	0.9016459993880664	-4.255395762407796e-18	
6.675 	0.09807928889090137	3.712654190110699e-18	-0.291705212903851	0.005721212365988328	-0.2917052129038509	-0.005721212365988334	0.9019207111090959	-3.422837680505616e-18	
6.7 	0.09778184437892466	3.3205318899799484e-18	-0.2922059786996606	0.006176603433935945	-0.2922059786996605	-0.00617660343393595	0.9022181556210727	-3.223006160030326e-18	
6.725 	0.09746165643788567	3.3500567683598435e-18	-0.2926674071774298	0.006630324425061024	-0.29266740717742973	-0.006630324425061029	0.9025383435621117	-3.2916024614924234e-18	
6.75 	0.09711890107576727	2.766226709491321e-18	-0.2930902822091154	0.007078705816339311	-0.2930902822091154	-0.007078705816339315	0.9028810989242303	-2.536809443866101e-18	
6.775 	0.09675393192711881	2.7915868388460016e-18	-0.29347624874127726	0.00751833568083707	-0.29347624874127726	-0.007518335680837075	0.9032460680728788	-2.104984634832109e-18	
6.8 	0.09636726422597362	2.1129602089542683e-18	-0.29382761722922185	0.007946177328482509	-0.29382761722922185	-0.007946177328482514	0.9036327357740239	-1.7644564045917237e-18	
6.825 	0.09595955419994946	2.5392268514281483e-18	-0.29414712678369015	0.00835963382198725	-0.2941471267836902	-0.008359633821987254	0.9040404458000478	-1.8495189586996357e-18	
6.85 	0.09553157661279038	2.1427591336235917e-18	-0.29443770241930045	0.008756558071508904	-0.29443770241930045	-0.008756558071508908	0.9044684233872068	-1.9900106589905082e-18	
6.875 	0.09508420302516672	2.1607169593234106e-18	-0.29470223854479527	0.009135215869953415	-0.2947022385447952	-0.009135215869953419	0.9049157969748304	-1.483425551023934e-18	
6.9 	0.09461838279831127	1.6702963675038858e-18	-0.2949434331984308	0.009494215891491435	-0.29494343319843086	-0.009494215891491437	0.9053816172016858	-1.4096889436264477e-18	
6.925 	0.09413512805727928	1.8309635077125357e-18	-0.29516368693915623	0.009832424400056614	-0.2951636869391562	-0.009832424400056616	0.9058648719427178	-9.693408113224904e-19	
6.95 	0.09363550292020044	2.2365694955015037e-18	-0.29536506854765265	0.010148882769499106	-0.2953650685476526	-0.01014888276949911	0.9063644970797968	-1.0353824565930115e-18	
6.975 	0.09312061645456679	2.357383976363814e-18	-0.2955493386486046	0.010442743024254957	-0.2955493386486046	-0.01044274302425496	0.9068793835454303	-1.18532204451706e-18	
7.0 	0.09259161818970979	1.546868525128474e-18	-0.2957180137236231	0.010713231110203806	-0.295718013723623	-0.010713231110203806	0.9074083818102873	-8.69039580906556e-19	
7.025 	0.09204969470160325	1.1955230635429545e-18	-0.2958724479980436	0.010959640550685932	-0.2958724479980436	-0.010959640550685934	0.9079503052983937	-1.4073621294320734e-19	
7.05 	0.09149606583807346	1.799820644185633e-18	-0.29601391000339833	0.01118135182376003	-0.29601391000339833	-0.01118135182376003	0.9085039341619233	-9.908024551916468e-19	
7.075 	0.09093197954911574	1.3638539635969033e-18	-0.29614363419871786	0.01137786654179209	-0.2961436341987179	-0.011377866541792092	0.9090680204508811	-9.515205640957624e-19	
7.1 	0.09035870494509968	1.7982105437872958e-18	-0.2962628351600748	0.011548841478651808	-0.29626283516007473	-0.011548841478651808	0.909641295054897	-9.775605135515654e-19	
7.125 	0.08977752399248651	1.3485000213911877e-18	-0.29637268123842475	0.011694106470248511	-0.29637268123842475	-0.011694106470248513	0.9102224760075103	-9.043434004061927e-19	
7.15 	0.08918972301159687	5.436669592487071e-19	-0.2964742345941797	0.011813652516082086	-0.29647423459417965	-0.011813652516082086	0.9108102769883999	-1.1162279441982923e-18	
7.175 	0.08859658570175452	-6.701029932872972e-19	-0.29656837338254555	0.011907581785149966	-0.29656837338254555	-0.011907581785149965	0.911403414298242	1.0868359892866314e-18	
7.2 	0.08799938964951563	-5.825977582032305e-19	-0.2966557179841579	0.011976018900457061	-0.2966557179841579	-0.01197601890045706	0.9120006103504811	1.33457169952175e-18	
7.225 	0.08739940808956917	-1.6817660721600568e-18	-0.29673658535868386	0.012018991637529543	-0.29673658535868386	-0.012018991637529538	0.9126005919104273	2.517036343861042e-18	
7.25 	0.08679791806660411	-1.4466686919145368e-18	-0.29681099325688004	0.012036297564615626	-0.29681099325688004	-0.012036297564615623	0.9132020819333927	1.4647885837489457e-18	
7.275 	0.08619621514616282	-2.705725958189845e-18	-0.2968787292827587	0.012027379678866856	-0.2968787292827587	-0.01202737967886685	0.9138037848538335	3.0946375988661237e-18	
7.3 	0.08559563357041404	-4.43718226771648e-18	-0.29693948949122084	0.01199123744904736	-0.2969394894912208	-0.011991237449047351	0.9144043664295819	5.032238738364954e-18	
7.325 	0.08499756943400309	-5.3803833521630235e-18	-0.2969930787911258	0.011926398959017303	-0.2969930787911258	-0.011926398959017292	0.9150024305659927	4.6524756850184715e-18	
7.35 	0.08440350328038189	-5.323382572868093e-18	-0.2970396527731829	0.0118309747183191	-0.29703965277318295	-0.01183097471831909	0.9155964967196139	4.654951756114575e-18	
7.375 	0.08381501770585446	-4.591300590242324e-18	-0.2970799697295571	0.011702804477695629	-0.2970799697295572	-0.011702804477695616	0.916184982294141	5.125222465246272e-18	
7.4 	0.08323380529062087	-4.7085393961945546e-18	-0.2971156144763949	0.01153969601783124	-0.2971156144763949	-0.01153969601783123	0.9167661947093744	4.782756120556081e-18	
7.425 	0.08266166257455647	-4.3642026293034365e-18	-0.297149153607573	0.011339740883065887	-0.29714915360757305	-0.011339740883065877	0.9173383374254391	5.883443625578187e-18	
7.45 	0.08210046689552603	-4.465660750616585e-18	-0.29718418580903905	0.011101678298343323	-0.2971841858090391	-0.011101678298343312	0.9178995331044697	4.49626348506011e-18	
7.475 	0.08155213464596613	-5.043281153806813e-18	-0.2972252608341354	0.010825267060006926	-0.29722526083413536	-0.010825267060006916	0.9184478653540296	4.882479682957804e-18	
7.5 	0.08101856171684968	-5.104731184225785e-18	-0.29727765579055215	0.010511617906595556	-0.2972776557905522	-0.010511617906595548	0.9189814382831462	5.2856336691693326e-18	
7.525 	0.08050154934013089	-4.8375400316914765e-18	-0.2973470158225755	0.01016343721037319	-0.2973470158225755	-0.010163437210373182	0.9194984506598649	4.766154834003857e-18	
7.55 	0.08000272090726995	-4.872483942318735e-18	-0.29743888577621347	0.009785137583843957	-0.29743888577621347	-0.009785137583843948	0.9199972790927256	5.234659775436209e-18	
7.575 	0.07952343730825706	-4.775980025640581e-18	-0.297558177371239	0.009382782154907798	-0.2975581773712391	-0.009382782154907789	0.9204765626917386	5.001688890999844e-18	
7.6 	0.0790647196008025	-5.854955978773087e-18	-0.29770863015875304	0.008963845950498196	-0.29770863015875304	-0.008963845950498185	0.9209352803991931	5.426531793447775e-18	
7.625 	0.07862718814569762	-5.620347141247309e-18	-0.29789233188946135	0.008536798359257287	-0.29789233188946135	-0.008536798359257277	0.9213728118542982	5.665381945434228e-18	
7.65 	0.07821102659519256	-4.667501559675639e-18	-0.29810936334582117	0.008110532708103807	-0.29810936334582117	-0.008110532708103796	0.9217889734048031	5.19963151330058e-18	
7.675 	0.0778159772858914	-4.869217848460686e-18	-0.29835762364872137	0.007693689911572175	-0.2983576236487213	-0.007693689911572164	0.9221840227141039	6.051514853896738e-18	
7.7 	0.07744137179150666	-5.454685425580242e-18	-0.2986328750678311	0.00729394022408161	-0.29863287506783115	-0.007293940224081598	0.9225586282084887	5.865737620470128e-18	
7.725 	0.0770861968886579	-5.7104664506411526e-18	-0.29892902304562996	0.006917297935537036	-0.2989290230456299	-0.006917297935537026	0.9229138031113373	6.489281366314367e-18	
7.75 	0.07674919234161291	-6.352780795564347e-18	-0.29923862000759616	0.006567546614867475	-0.29923862000759616	-0.006567546614867464	0.9232508076583823	6.562831720729697e-18	
7.775 	0.07642897314847351	-6.399201833798726e-18	-0.2995535537362666	0.006245846318765006	-0.2995535537362665	-0.006245846318764995	0.9235710268515216	6.562148427945531e-18	
7.8 	0.07612416566053859	-6.2231565254348814e-18	-0.29986585606928223	0.005950579178481241	-0.2998658560692823	-0.005950579178481231	0.9238758343394564	6.035020827143913e-18	
7.825 	0.07583354470330698	-6.336397158436191e-18	-0.30016854872796683	0.00567746717197555	-0.3001685487279668	-0.005677467171975538	0.9241664552966881	6.7686008829594545e-18	
7.85 	0.07555615782044266	-6.0938386927607156e-18	-0.30045643290988516	0.0054199678902502775	-0.30045643290988516	-0.005419967890250266	0.9244438421795527	6.769407259543051e-18	
7.875 	0.07529142322868741	-6.12033140760699e-18	-0.3007267296594143	0.005169923699206686	-0.30072672965941427	-0.005169923699206675	0.9247085767713081	6.727040653369759e-18	
7.9 	0.07503919004786094	-6.3613307675899444e-18	-0.30097948952273207	0.004918410315612675	-0.30097948952273207	-0.004918410315612663	0.9249608099521343	6.724865828061457e-18	
7.925 	0.07479975271671653	-6.2672428423741864e-18	-0.3012177118109004	0.0046567059418492415	-0.30121771181090035	-0.004656705941849231	0.925200247283279	6.742644110641107e-18	
7.95 	0.0745738159169304	-6.642678755262641e-18	-0.30144714384217497	0.004377284847789834	-0.301447143842175	-0.004377284847789823	0.9254261840830653	6.853930137913134e-18	
7.975 	0.07436241136062664	-6.550641538092804e-18	-0.3016757656166713	0.004074731987206164	-0.30167576561667125	-0.0040747319872061535	0.9256375886393687	6.871945869004486e-18	
8.0 	0.07416677291742316	-6.4853142622156406e-18	-0.30191300155118395	0.003746479145435546	-0.3019130015511839	-0.003746479145435535	0.9258332270825722	6.8696404900912556e-18	
8.025 	0.07398818119935459	-6.411625991788289e-18	-0.30216873393972415	0.0033932782227406675	-0.30216873393972415	-0.003393278222740657	0.926011818800641	6.998195464347142e-18	
8.05 	0.07382779235375185	-6.507220978199991e-18	-0.3024522186922446	0.0030193522536986527	-0.3024522186922446	-0.0030193522536986423	0.926172207646244	6.839832064452243e-18	
8.075 	0.07368646799847982	-6.381679695852745e-18	-0.30277101932629497	0.002632197163249844	-0.3027710193262949	-0.0026321971632498335	0.9263135320015158	6.8380036207114626e-18	
8.1 	0.0735646236824218	-6.359778120502639e-18	-0.30313007793831104	0.002242043669615087	-0.30313007793831104	-0.0022420436696150773	0.9264353763175741	6.6200641365390705e-18	
8.125 	0.07346211186336586	-5.93310640885348e-18	-0.3035310311514838	0.0018610252234516574	-0.30353103115148383	-0.0018610252234516488	0.92653788813663	6.375254881603323e-18	
8.15 	0.07337815226386081	-5.67000881850216e-18	-0.3039718555447721	0.0015021303659959373	-0.3039718555447721	-0.0015021303659959293	0.9266218477361351	6.086157739942194e-18	
8.175 	0.07331131788784083	-5.293415307438597e-18	-0.30444689303475964	0.0011780426725799147	-0.30444689303475964	-0.0011780426725799074	0.9266886821121552	5.722019795247476e-18	
8.2 	0.0732595794205651	-4.9827335275704255e-18	-0.3049472656426236	0.0008999855519634429	-0.30494726564262364	-0.0008999855519634361	0.9267404205794306	5.457356255943901e-18	
8.225 	0.07322040477734978	-4.48068828620777e-18	-0.3054616455329233	0.0006766907388140419	-0.3054616455329233	-0.0006766907388140361	0.9267795952226461	4.9497412222621786e-18	
8.25 	0.07319090485786064	-4.1860802111863845e-18	-0.3059773051497376	0.0005135978563607973	-0.3059773051497376	-0.0005135978563607923	0.9268090951421355	4.63897661825063e-18	
8.275 	0.07316801173509882	-3.842318111586966e-18	-0.30648133860947835	0.00041236893302951317	-0.30648133860947835	-0.0004123689330295088	0.9268319882648972	4.30091911298106e-18	
8.3 	0.07314867210822747	-3.4033263990381513e-18	-0.30696192346306855	0.0003707686587914312	-0.3069619234630686	-0.0003707686587914277	0.9268513278917687	3.894230722043157e-18	
8.325 	0.07313003726983189	-3.0433516616348262e-18	-0.30740948448505495	0.000382922094037602	-0.30740948448505495	-0.0003829220940375992	0.926869962730164	3.512918647552258e-18	
8.35 	0.07310963127139868	-2.6400073646369325e-18	-0.3078176295619063	0.0004399209248407278	-0.3078176295619063	-0.0004399209248407259	0.9268903687285972	3.117034048928416e-18	
8.375 	0.07308548137557605	-2.295392337233149e-18	-0.30818375138623205	0.0005307118870069346	-0.30818375138623205	-0.0005307118870069334	0.9269145186244199	2.7865203111233033e-18	
8.4 	0.07305619899107603	-1.9216857067063097e-18	-0.30850922496662747	0.0006431710205902236	-0.3085092249666274	-0.0006431710205902231	0.9269438010089198	2.4549631167656273e-18	
8.425 	0.07302100462889612	-1.6265562358055686e-18	-0.3087991757818901	0.0007652484333403693	-0.30879917578189015	-0.0007652484333403694	0.9269789953711	2.20637772174615e-18	
8.45 	0.07297969638860617	-1.338278574528601e-18	-0.30906184152300387	0.0008860623702019434	-0.30906184152300387	-0.000886062370201944	0.92702030361139	1.8879227751010643e-18	
8.475 	0.07293256740559192	-9.241442165455217e-19	-0.30930759616727754	0.0009968291341427714	-0.30930759616727754	-0.000996829134142773	0.9270674325944043	1.4595641517259506e-18	
8.5 	0.07288028290377895	-4.96850318757938e-19	-0.30954774333013546	0.001091535684882362	-0.3095477433301355	-0.0010915356848823646	0.9271197170962173	1.0401178541807873e-18	
8.525 	0.07282373143475157	-4.448353008560719e-19	-0.3097932121103673	0.0011672920263898251	-0.30979321211036737	-0.0011672920263898277	0.9271762685652448	9.842447042407497e-19	
8.55 	0.07276386712970422	9.940449866819219e-20	-0.3100533000759201	0.0012243371777311456	-0.31005330007592014	-0.001224337177731149	0.9272361328702918	4.717588126189992e-19	
8.575 	0.07270156012924485	3.252435121217201e-19	-0.3103346034052829	0.001265711387719355	-0.31033460340528296	-0.0012657113877193589	0.9272984398707513	3.0848963509006417e-19	
8.6 	0.0726374707876641	7.314326320145323e-19	-0.3106402540217215	0.0012966439575440205	-0.3106402540217216	-0.0012966439575440253	0.927362529212332	-1.050313905825039e-19	
8.625 	0.07257195998364502	1.0046202660492992e-18	-0.3109695499816975	0.0013237365612172466	-0.3109695499816975	-0.001323736561217252	0.9274280400163512	-4.670965928231234e-19	
8.65 	0.07250504330355315	1.299218455867754e-18	-0.31131802194439456	0.0013540430033316113	-0.3113180219443946	-0.0013540430033316172	0.9274949566964429	-6.289274180613466e-19	
8.675 	0.07243639153181095	1.5275637779464338e-18	-0.3116779298577895	0.0013941556566133587	-0.3116779298577895	-0.0013941556566133652	0.9275636084681848	-8.99277767595749e-19	
8.7 	0.07236537440378704	2.067093250163956e-18	-0.31203913530424837	0.0014494053589504418	-0.3120391353042483	-0.001449405358950449	0.9276346255962088	-1.419296099987388e-18	
8.725 	0.07229113958522385	2.4216036471464385e-18	-0.3123902516846896	0.001523265684777821	-0.31239025168468965	-0.001523265684777829	0.9277088604147721	-1.7534518860427355e-18	
8.75 	0.07221271492012941	2.8064038363289662e-18	-0.31271994163742056	0.001617026005481216	-0.31271994163742056	-0.0016170260054812246	0.9277872850798665	-1.9202095394267083e-18	
8.775 	0.072129119596672	2.814351000348864e-18	-0.31301821287053366	0.0017297636683445625	-0.31301821287053366	-0.001729763668344571	0.9278708804033234	-1.988207063180898e-18	
8.8 	0.07203946929922693	3.2415313638205987e-18	-0.31327756248486843	0.0018586080070966324	-0.31327756248486843	-0.0018586080070966413	0.9279605307007686	-2.276876483528513e-18	
8.825 	0.07194306170679358	3.661861519948e-18	-0.31349383644501716	0.001999252361282665	-0.3134938364450172	-0.0019992523612826748	0.9280569382932017	-2.717980352090432e-18	
8.85 	0.07183943169322428	4.2816189380874625e-18	-0.31366670348324605	0.002146639423302691	-0.3136667034832461	-0.0021466394233027025	0.9281605683067712	-3.2916773991021016e-18	
8.875 	0.07172836989637224	4.8999871400182966e-18	-0.31379968765010585	0.0022957240060505254	-0.3137996876501059	-0.002295724006050538	0.9282716301036235	-4.1037883544295765e-18	
8.9 	0.07160990339519126	5.4608163390356585e-18	-0.31389975553388483	0.0024422084698056345	-0.3138997555338849	-0.002442208469805647	0.9283900966048043	-4.568639730712822e-18	
8.925 	0.07148424241228932	6.263588324266412e-18	-0.31397650648528913	0.00258315067632816	-0.31397650648528913	-0.002583150676328174	0.9285157575877059	-5.293935927700836e-18	
8.95 	0.07135170157982208	6.5695394995543895e-18	-0.3140410605737749	0.0027173617715760194	-0.31404106057377484	-0.002717361771576034	0.9286482984201732	-5.558170316722573e-18	
8.975 	0.07121260778118929	6.968171665817173e-18	-0.31410477388004143	0.0028455389814989363	-0.3141047738800415	-0.0028455389814989506	0.928787392218806	-5.748281597840015e-18	
9.0 	0.07106720847440745	7.090377625981351e-18	-0.31417793008668876	0.0029701132767549956	-0.31417793008668876	-0.0029701132767550108	0.9289327915255878	-5.7011561286151325e-18	
9.025 	0.07091559448458802	7.164456213641571e-18	-0.31426855919048075	0.0030948287953311113	-0.31426855919048075	-0.0030948287953311265	0.9290844055154074	-6.337650285890889e-18	
9.05 	0.07075764951978768	7.390805150093484e-18	-0.31438151870643105	0.0032241057218671816	-0.31438151870643105	-0.003224105721867197	0.9292423504802076	-6.3486084177092736e-18	
9.075 	0.07059303533489962	7.595969975815481e-18	-0.314517942126121	0.0033622667347270574	-0.31451794212612105	-0.0033622667347270735	0.9294069646650954	-6.6527337069884956e-18	
9.1 	0.07042121694914961	7.92476313235304e-18	-0.31467511737216997	0.0035127258397699055	-0.31467511737217	-0.0035127258397699224	0.9295787830508452	-6.946071115314959e-18	
9.125 	0.07024152715796375	7.944227542417654e-18	-0.3148468093686009	0.003677245283198594	-0.31484680936860093	-0.003677245283198611	0.9297584728420306	-7.218235284598075e-18	
9.15 	0.07005326438674003	8.44296295686054e-18	-0.31502399096270095	0.00385536048315754	-0.31502399096270095	-0.003855360483157557	0.929946735613254	-7.289086661206546e-18	
9.175 	0.0698558133347926	9.090039925370439e-18	-0.3151959006416975	0.004044055122667366	-0.31519590064169756	-0.004044055122667384	0.9301441866652015	-8.010446616560973e-18	
9.2 	0.06964877441271225	8.262885689786256e-18	-0.3153513086832257	0.004237740589440518	-0.3153513086832257	-0.004237740589440534	0.9303512255872817	-7.268432929260089e-18	
9.225 	0.06943208612233334	8.270897341281101e-18	-0.31547984956823477	0.0044285588520892255	-0.3154798495682348	-0.004428558852089242	0.9305679138776607	-7.201389695455907e-18	
9.25 	0.06920612452797947	7.726093008293193e-18	-0.3155732703919771	0.004606989520567913	-0.31557327039197697	-0.004606989520567929	0.9307938754720144	-6.840413755869447e-18	
9.275 	0.06897176587421776	8.182465240819237e-18	-0.31562645374224574	0.004762704649216984	-0.31562645374224574	-0.004762704649217	0.9310282341257758	-7.315083412458526e-18	
9.3 	0.06873040204952367	8.114785061294049e-18	-0.31563809834930406	0.004885583241072781	-0.31563809834930406	-0.004885583241072798	0.9312695979504702	-7.663612158962315e-18	
9.325 	0.06848390359566506	8.126633846336168e-18	-0.31561097914807534	0.0049667753514205494	-0.31561097914807534	-0.004966775351420565	0.9315160964043288	-7.698838179607636e-18	
9.35 	0.06823453076370856	8.523963642725977e-18	-0.3155517559465387	0.004999696100853974	-0.3155517559465387	-0.00499969610085399	0.9317654692362853	-7.696428910161006e-18	
9.375 	0.06798479905191653	8.59848786905097e-18	-0.3154703511485939	0.0049808342729657056	-0.31547035114859384	-0.004980834272965721	0.9320152009480768	-7.824142960084264e-18	
9.4 	0.06773731102935814	8.67010307784973e-18	-0.315378965857297	0.004910278251602498	-0.31537896585729697	-0.004910278251602514	0.9322626889706348	-7.734312242898792e-18	
9.425 	0.06749457040852896	8.716840224908797e-18	-0.31529084434496824	0.0047918918703277824	-0.31529084434496824	-0.004791891870327798	0.9325054295914642	-7.963514422529935e-18	
9.45 	0.06725879677529602	8.772902210565614e-18	-0.3152189245094922	0.004633110823742447	-0.31521892450949207	-0.0046331108237424624	0.932741203224697	-7.89205725578333e-18	
9.475 	0.06703175981187695	8.822809213114774e-18	-0.31517452340506086	0.004444372110200739	-0.3151745234050608	-0.004444372110200755	0.9329682401881156	-7.915835253270769e-18	
9.5 	0.06681465019437766	8.244900031324602e-18	-0.315166201165802	0.004238229593239176	-0.31516620116580196	-0.00423822959323919	0.9331853498056145	-7.345955043205485e-18	
9.525 	0.06660800079109742	7.302527818783538e-18	-0.315198924691939	0.0040282434602982075	-0.315198924691939	-0.004028243460298219	0.9333919992088944	-6.509483197658794e-18	
9.55 	0.06641166673006978	6.94756984108597e-18	-0.3152736173050905	0.003827756202826091	-0.31527361730509057	-0.0038277562028261017	0.9335883332699225	-6.221702018765991e-18	
9.575 	0.06622486690914607	6.034996377044891e-18	-0.3153871366047617	0.0036486800676021956	-0.3153871366047617	-0.0036486800676022043	0.9337751330908461	-5.238690293226116e-18	
9.6 	0.0660462832512513	4.915246838450735e-18	-0.31553267520451755	0.003500419558762629	-0.3155326752045176	-0.003500419558762636	0.9339537167487411	-4.2088400754023175e-18	
9.625 	0.06587420814291355	3.823204934396806e-18	-0.3157005333068627	0.0033890378837450703	-0.31570053330686265	-0.003389037883745075	0.9341257918570787	-3.149684131245518e-18	
9.65 	0.06570672566158718	3.316996923071844e-18	-0.31587917317696834	0.0033167500574695663	-0.3158791731769683	-0.00331675005746957	0.934293274338405	-2.420977969123906e-18	
9.675 	0.06554190890019716	3.029660782109508e-18	-0.3160564375477238	0.003281790723070355	-0.3160564375477237	-0.0032817907230703585	0.9344580910997948	-2.375702091291723e-18	
9.7 	0.0653780142658356	2.4639430420248582e-18	-0.31622079956731347	0.0032786654711893	-0.3162207995673134	-0.0032786654711893016	0.9346219857341566	-1.6308701358272156e-18	
9.725 	0.06521365418847376	2.100834645225454e-18	-0.3163625122705222	0.003298754824437124	-0.31636251227052214	-0.0032987548244371254	0.934786345811518	-1.2998643168152291e-18	
9.75 	0.06504793213442667	6.945247270723734e-19	-0.3164745402690406	0.003331204354296299	-0.31647454026904054	-0.0033312043542962975	0.9349520678655648	-2.1481786205188578e-19	
9.775 	0.06488052788494446	6.0653433762981e-19	-0.31655318341121547	0.003364006394216113	-0.3165531834112154	-0.0033640063942161113	0.9351194721150474	-4.9575387443077646e-20	
9.8 	0.0647117262510804	8.786650874075617e-20	-0.31659833823328926	0.003385161401181016	-0.31659833823328926	-0.0033851614011810136	0.9352882737489111	6.6316990985679e-19	
9.825 	0.06454238817447625	-2.5770541992143003e-19	-0.3166133838451505	0.0033838018897985383	-0.3166133838451504	-0.003383801889798535	0.9354576118255147	9.80406206641677e-19	
9.85 	0.06437386888237025	-9.694027966295753e-19	-0.3166047197477524	0.0033511693127513606	-0.3166047197477524	-0.003351169312751355	0.9356261311176206	1.6374962133227175e-18	
9.875 	0.06420789281756321	-2.234445069527875e-18	-0.3165810193557091	0.0032813531592646196	-0.31658101935570915	-0.003281353159264613	0.9357921071824273	2.40693214421053e-18	
9.9 	0.06404639893328051	-2.799810536112207e-18	-0.31655229073808916	0.003171729480407791	-0.3165522907380891	-0.003171729480407783	0.93595360106671	3.2917415501230703e-18	
9.925 	0.06389137225817126	-3.3144700966325577e-18	-0.31652885245058415	0.003023069645310372	-0.3165288524505842	-0.003023069645310363	0.9361086277418194	4.001378027759972e-18	
9.95 	0.06374467821212106	-4.046827429396687e-18	-0.31652033590465073	0.002839325456829281	-0.31652033590465073	-0.0028393254568292708	0.9362553217878696	4.52824250974803e-18	
9.975 	0.06360791500321553	-4.9428120489425174e-18	-0.31653481665739286	0.0026271298167575086	-0.3165348166573928	-0.002627129816757497	0.9363920849967751	5.527463703001654e-18	
