0.0 	0.9999999999999997	0.0	-6.223285321735373e-19	0.0	-3.251767952832689e-17	0.0	5.9779208748350985e-34	0.0	
0.025 	0.999375182246277	6.732706520070028e-19	-7.97835873355898e-10	0.024985421362084224	-7.978359289065635e-10	-0.024985421362084224	0.0006248177537226316	-6.732706520070028e-19	
0.05 	0.9975029146643424	4.4678859610745413e-20	-1.2751566115703168e-08	0.049883447440767864	-1.2751566153688113e-08	-0.049883447440767864	0.0024970853356571735	-4.4678859610745413e-20	
0.075 	0.9943897447331814	6.24296391979868e-19	-6.443860121669535e-08	0.0746070650660436	-6.443860124378907e-08	-0.0746070650660436	0.0056102552668179685	-6.24296391979868e-19	
0.1 	0.9900465531258108	-1.420044324063903e-18	-2.0314562989525608e-07	0.0990700224817544	-2.031456299295442e-07	-0.0990700224817544	0.009953446874188886	1.420044324063903e-18	
0.125 	0.9844885062667288	1.4806204339640943e-19	-4.94361593215354e-07	0.12318720306195584	-4.943615931771609e-07	-0.12318720306195584	0.01551149373327087	-1.4806204339640943e-19	
0.15 	0.9777349903993907	5.619050298586858e-18	-1.0210806088131063e-06	0.14687499075454033	-1.021080608855039e-06	-0.14687499075454033	0.02226500960060912	-5.619050298586858e-18	
0.175 	0.9698095276421071	-5.087289745985575e-18	-1.8829272047773456e-06	0.1700516246846857	-1.8829272048236716e-06	-0.1700516246846857	0.03019047235789287	5.087289745985575e-18	
0.2 	0.9607396746353664	-5.536792097934111e-18	-3.195119191714226e-06	0.1926375405076142	-3.195119191715183e-06	-0.1926375405076142	0.03926032536463386	5.536792097934111e-18	
0.225 	0.9505569044995013	5.804321250373996e-19	-5.087286084956589e-06	0.21455569628897303	-5.087286084974985e-06	-0.21455569628897303	0.04944309550049901	-5.804321250373996e-19	
0.25 	0.9392964729274103	3.1227384015355867e-18	-7.70216311992918e-06	0.23573188090737918	-7.702163119897383e-06	-0.23573188090737918	0.06070352707259005	-3.1227384015355867e-18	
0.275 	0.9269972693314275	1.2596155673415117e-17	-1.119418253570377e-05	0.2560950032122397	-1.1194182535675123e-05	-0.2560950032122397	0.07300273066857309	-1.2596155673415117e-17	
0.3 	0.9137016540454567	1.2944640852899842e-17	-1.572798492403538e-05	0.2755773604254359	-1.5727984924035824e-05	-0.2755773604254359	0.0862983459545438	-1.2944640852899842e-17	
0.325 	0.8994552826524226	5.362675277406858e-18	-2.14768740214503e-05	0.29411488454218887	-2.147687402149838e-05	-0.29411488454218887	0.10054471734757778	-5.362675277406858e-18	
0.35 	0.8843069185625242	8.046986119818331e-19	-2.862123838490627e-05	0.31164736575872715	-2.8621238384969404e-05	-0.31164736575872715	0.11569308143747618	-8.046986119818331e-19	
0.375 	0.8683082350095829	-6.567345514826218e-18	-3.734696294429291e-05	0.32811865222669434	-3.734696294424362e-05	-0.32811865222669434	0.13169176499041754	6.567345514826218e-18	
0.4 	0.8515136076610673	-4.048206989445859e-18	-4.784385251513508e-05	0.34347682570130633	-4.784385251513061e-05	-0.34347682570130633	0.14848639233893313	4.048206989445859e-18	
0.425 	0.8339798990525505	1.1687708944510116e-17	-6.0304088017266216e-05	0.3576743529072453	-6.0304088017236e-05	-0.3576743529072453	0.1660201009474498	-1.1687708944510116e-17	
0.45 	0.8157662360600257	1.0423252883301066e-17	-7.492073444298483e-05	0.3706682126888631	-7.492073444293348e-05	-0.3706682126888631	0.1842337639399746	-1.0423252883301066e-17	
0.475 	0.7969337816144809	-4.895196727773773e-18	-9.188631761812965e-05	0.38241999923577397	-9.188631761810629e-05	-0.38241999923577397	0.20306621838551933	4.895196727773773e-18	
0.5 	0.777545501843399	2.2560770008026832e-18	-0.00011139148456283452	0.39289600187836815	-0.00011139148456278481	-0.39289600187836815	0.2224544981566012	-2.2560770008026832e-18	
0.525 	0.7576659297945231	-2.6826739394831203e-18	-0.0001336237598562991	0.4020672621279089	-0.00013362375985629245	-0.4020672621279089	0.24233407020547712	2.6826739394831203e-18	
0.55 	0.7373609268595012	2.1928807290174646e-18	-0.00015876640792094875	0.4099096087911494	-0.00015876640792096582	-0.4099096087911494	0.262639073140499	-2.1928807290174646e-18	
0.575 	0.7166974429701821	1.2560344450912936e-17	-0.00018699740861841715	0.4164036721190317	-0.0001869974086183525	-0.4164036721190317	0.28330255702981805	-1.2560344450912936e-17	
0.6 	0.6957432765896527	3.329992927316928e-19	-0.00021848855106541801	0.4215348780528455	-0.0002184885510654054	-0.4215348780528455	0.3042567234103472	-3.329992927316928e-19	
0.625 	0.6745668354648737	2.458848983262304e-18	-0.0002534046481860615	0.4252934237097528	-0.00025340464818606845	-0.4252934237097528	0.3254331645351262	-2.458848983262304e-18	
0.65 	0.6532368990492152	8.131908792781897e-18	-0.00029190287225772777	0.4276742353038315	-0.0002919028722577341	-0.4276742353038315	0.3467631009507848	-8.131908792781897e-18	
0.675 	0.6318223834425156	1.183286590957732e-17	-0.0003341322096358923	0.4286769097302864	-0.0003341322096359065	-0.4286769097302864	0.3681776165574843	-1.183286590957732e-17	
0.7 	0.6103921096345486	7.690637723665798e-18	-0.0003802330309751339	0.4283056410510904	-0.0003802330309751892	-0.4283056410510904	0.38960789036545146	-7.690637723665798e-18	
0.725 	0.5890145757760051	-1.3584450994922914e-18	-0.0004303367716273548	0.4265691331122266	-0.0004303367716273957	-0.4265691331122266	0.4109854242239949	1.3584450994922914e-18	
0.75 	0.5677577341401339	9.758974277277091e-18	-0.0004845657155125099	0.42348049949827016	-0.000484565715512569	-0.42348049949827016	0.4322422658598663	-3.7514549892906005e-17	
0.775 	0.5466887733788004	4.699111027325072e-18	-0.0005430328746142046	0.41905715199175125	-0.0005430328746141488	-0.41905715199175125	0.45331122662119977	-4.699111027325072e-18	
0.8 	0.5258739066195571	9.664840523988564e-18	-0.0006058419553660667	0.4133206786550834	-0.0006058419553660353	-0.4133206786550834	0.4741260933804432	-9.664840523988564e-18	
0.825 	0.5053781658958522	3.108858872006434e-18	-0.0006730874025439086	0.4062967125942895	-0.0006730874025438978	-0.4062967125942895	0.49462183410414806	-3.108858872006434e-18	
0.85 	0.4852652033511551	1.2910326915686351e-17	-0.0007448545108568622	0.3980147923986723	-0.0007448545108568079	-0.3980147923986723	0.5147347966488451	-1.2910326915686351e-17	
0.875 	0.46559709960978535	5.791341404265247e-19	-0.0008212195942165776	0.3885082151811654	-0.0008212195942165916	-0.3885082151811654	0.534402900390215	-5.791341404265247e-19	
0.9 	0.44643417966278537	-5.0458068687452144e-18	-0.0009022502026428715	0.37781388307238767	-0.0009022502026428734	-0.37781388307238767	0.5535658203372151	5.0458068687452144e-18	
0.925 	0.42783483657633065	6.226989535726223e-18	-0.0009880053769004793	0.36597214394920324	-0.000988005376900478	-0.36597214394920324	0.57216516342367	-6.226989535726223e-18	
0.95 	0.40985536329292127	5.2875109230954e-18	-0.001078535931247417	0.35302662710742155	-0.0010785359312474722	-0.35302662710742155	0.5901446367070793	-5.2875109230954e-18	
0.975 	0.3925497927618434	-5.202069749204306e-18	-0.001173884755073532	0.3390240745194875	-0.0011738847550735287	-0.3390240745194875	0.6074502072381571	5.202069749204306e-18	
1.0 	0.3759697466050016	2.3275709871240214e-18	-0.0012740871246988007	0.32401416825266727	-0.001274087124698814	-0.32401416825266727	0.6240302533949987	-2.3275709871240214e-18	
1.025 	0.36016429249699106	-3.8824449678661376e-18	-0.0013791710171682475	0.308049354562182	-0.0013791710171682714	-0.308049354562182	0.6398357075030093	3.8824449678661376e-18	
1.05 	0.3451798104139805	8.017009331202752e-18	-0.0014891574184874266	0.29118466511758834	-0.0014891574184874128	-0.29118466511758834	0.6548201895860197	-8.017009331202752e-18	
1.075 	0.3310598678843588	-6.2131265761265224e-18	-0.0016040606193895271	0.27347753576985345	-0.001604060619389522	-0.27347753576985345	0.6689401321156413	6.2131265761265224e-18	
1.1 	0.31784510435487867	-4.1066907608770616e-18	-0.001723888492382322	0.2549876232212614	-0.001723888492382294	-0.2549876232212614	0.6821548956451216	4.1066907608770616e-18	
1.125 	0.30557312476894116	-4.745208483798903e-18	-0.001848642744476774	0.23577661992056018	-0.0018486427444768113	-0.23577661992056018	0.6944268752310591	4.745208483798903e-18	
1.15 	0.2942784024384245	-6.774630615849955e-18	-0.001978319140651519	0.215908067471555	-0.0019783191406514944	-0.215908067471555	0.7057215975615756	6.774630615849955e-18	
1.175 	0.28399219127679065	-3.3017099616663887e-18	-0.002112907693725494	0.19544716881447605	-0.002112907693725438	-0.19544716881447605	0.7160078087232096	3.3017099616663887e-18	
1.2 	0.27474244744885395	-2.936261292415035e-18	-0.0022523928169140505	0.17446059941561928	-0.002252392816914071	-0.17446059941561928	0.7252575525511461	2.936261292415035e-18	
1.225 	0.2665537604813205	-6.496964519207704e-20	-0.0023967534359092884	0.15301631768163307	-0.002396753435909242	-0.15301631768163307	0.7334462395186795	6.496964519207704e-20	
1.25 	0.2594472938677707	7.495567912101216e-20	-0.0025459630578544465	0.13118337480000744	-0.0025459630578544305	-0.13118337480000744	0.7405527061322291	-7.495567912101216e-20	
1.275 	0.2534407351919744	-1.2955391711978587e-18	-0.00269998979508678	0.10903172419639398	-0.002699989795086805	-0.10903172419639398	0.7465592648080255	1.2955391711978587e-18	
1.3 	0.24854825578409123	1.1052874760948388e-19	-0.002858796341982286	0.08663203079190912	-0.0028587963419823307	-0.08663203079190912	0.7514517442159085	-1.1052874760948388e-19	
1.325 	0.24478047991527727	2.795915769961603e-18	-0.0030223399036753097	0.06405548023912365	-0.003022339903675285	-0.06405548023912365	0.7552195200847225	-2.795915769961603e-18	
1.35 	0.2421444635273414	-1.2119877279308123e-18	-0.003190572075833417	0.04137358831359694	-0.003190572075833445	-0.04137358831359694	0.7578555364726581	1.2119877279308123e-18	
1.375 	0.24064368248524526	-1.9798568357150803e-18	-0.003363438675053913	0.018658010638184046	-0.003363438675053814	-0.018658010638184046	0.7593563175147542	2.4513335973827325e-19	
1.4 	0.24027803033133815	2.9492130063523574e-20	-0.003540879519821663	-0.004019647080430509	-0.0035408795198216855	0.004019647080430511	0.7597219696686613	3.2978086529477204e-19	
1.425 	0.2410438255111515	7.500668044462098e-19	-0.0037228281623287694	-0.026588018119764655	-0.0037228281623287807	0.026588018119764655	0.758956174488848	-7.500668044462098e-19	
1.45 	0.24293382803130087	-9.473220686014732e-19	-0.003909211571815798	-0.048976162925924084	-0.003909211571815798	0.048976162925924084	0.7570661719686986	9.473220686014732e-19	
1.475 	0.24593726550048178	-4.164913031513024e-19	-0.004099949770453426	-0.07111375622011368	-0.004099949770453497	0.07111375622011368	0.7540627344995178	4.164913031513024e-19	
1.5 	0.25003986849467225	1.3042972204854366e-19	-0.0042949554231585816	-0.09293127282621397	-0.0042949554231586345	0.09293127282621397	0.7499601315053273	-1.3042972204854366e-19	
1.525 	0.255223915177411	-1.455176956378764e-18	-0.004494133383124298	-0.11436017201085855	-0.00449413338312425	0.11436017201085855	0.7447760848225884	1.455176956378764e-18	
1.55 	0.26146828509539705	2.415898645594071e-19	-0.004697380195253066	-0.13533308011938086	-0.004697380195253072	0.13533308011938086	0.7385317149046025	-2.415898645594071e-19	
1.575 	0.2687485220586094	3.920929995306219e-18	-0.004904583560122406	-0.15578397128243063	-0.004904583560122395	0.15578397128243063	0.7312514779413901	-3.920929995306219e-18	
1.6 	0.2770369060026647	2.3861816024255484e-18	-0.005115621761579276	-0.175648345959021	-0.005115621761579293	0.175648345959021	0.7229630939973346	-2.3861816024255484e-18	
1.625 	0.28630253371917974	-4.352543546672356e-18	-0.005330363061569399	-0.19486340707224592	-0.005330363061569382	0.19486340707224592	0.7136974662808193	4.352543546672356e-18	
1.65 	0.2965114083274711	9.579586411165048e-19	-0.005548665066349087	-0.21336823348387324	-0.005548665066349103	0.21336823348387324	0.7034885916725283	-9.579586411165048e-19	
1.675 	0.3076265373479693	3.529810797566567e-19	-0.005770374068817067	-0.23110395054340493	-0.005770374068817063	0.23110395054340493	0.6923734626520301	-3.529810797566567e-19	
1.7 	0.31960803922423164	-5.184797314901706e-18	-0.005995324372330615	-0.24801389743593277	-0.005995324372330649	0.24801389743593277	0.6803919607757678	5.184797314901706e-18	
1.725 	0.3324132581263478	-6.540841011437566e-19	-0.006223337602034396	-0.26404379104110287	-0.006223337602034344	0.26404379104110287	0.6675867418736514	6.540841011437566e-19	
1.75 	0.3459968868538401	-3.549182777970809e-18	-0.006454222010439788	-0.27914188600265377	-0.006454222010439773	0.27914188600265377	0.6540031131461591	3.549182777970809e-18	
1.775 	0.36031109764078456	-4.533448501768576e-18	-0.006687771784724493	-0.29325913069420045	-0.006687771784724482	0.29325913069420045	0.6396889023592146	4.533448501768576e-18	
1.8 	0.37530568064980463	5.7460415115690865e-18	-0.0069237663639876434	-0.30634931875212706	-0.006923766363987679	0.30634931875212706	0.6246943193501945	-5.7460415115690865e-18	
1.825 	0.3909281899247319	-2.9746497207784823e-18	-0.00716196977547244	-0.3183692358305445	-0.0071619697754724465	0.3183692358305445	0.6090718100752672	2.9746497207784823e-18	
1.85 	0.4071240965540612	9.67148423493789e-19	-0.007402129999554507	-0.32927880121622494	-0.007402129999554492	0.32927880121622494	0.5928759034459381	-9.67148423493789e-19	
1.875 	0.42383694877876704	-3.991047569120215e-18	-0.00764397837407099	-0.33904120392323184	-0.007643978374070978	0.33904120392323184	0.5761630512212322	3.991047569120215e-18	
1.9 	0.4410085387585624	6.237513806147947e-18	-0.00788722904931961	-0.34762303286763446	-0.007887229049319674	0.34762303286763446	0.5589914612414371	-6.237513806147947e-18	
1.925 	0.45857907569018763	-1.3633062519298474e-17	-0.008131578505771252	-0.3549944007023246	-0.008131578505771224	0.3549944007023246	0.5414209243098119	1.3633062519298474e-17	
1.95 	0.4764873649497958	6.500156628507225e-18	-0.008376705147191464	-0.3611290608706481	-0.00837670514719149	0.3611290608706481	0.5235126350502035	-6.500156628507225e-18	
1.975 	0.4946709929088844	-1.3462873991096848e-18	-0.00862226898244013	-0.3660045174155323	-0.008622268982440054	0.3660045174155323	0.5053290070911148	1.3462873991096848e-18	
2.0 	0.5130665170494948	3.3477792001409938e-18	-0.008867911409676344	-0.36960212705828055	-0.00886791140967633	0.36960212705828055	0.48693348295050404	-3.3477792001409938e-18	
2.025 	0.5316096609795496	1.218619217244299e-17	-0.009113255117037988	-0.3719071930385566	-0.009113255117037965	0.3719071930385566	0.46839033902044924	-1.218619217244299e-17	
2.05 	0.5502355139232025	-1.3068443844927496e-17	-0.009357904114031156	-0.37290905018470233	-0.00935790411403112	0.37290905018470233	0.4497644860767964	1.3068443844927496e-17	
2.075 	0.5688787342339976	1.1372371124187722e-17	-0.00960144390786465	-0.37260114066190614	-0.009601443907864654	0.37260114066190614	0.43112126576600135	-1.1372371124187722e-17	
2.1 	0.5874737564504904	-7.115432571051385e-18	-0.009843441838741668	-0.37098107982544964	-0.009843441838741694	0.37098107982544964	0.41252624354950856	7.115432571051385e-18	
2.125 	0.6059550013848776	-5.321131810975111e-18	-0.010083447587668019	-0.3680507115879337	-0.010083447587667986	0.3680507115879337	0.3940449986151212	5.321131810975111e-18	
2.15 	0.6242570887052267	1.1698209839127127e-17	-0.010320993869623	-0.3638161526937604	-0.010320993869623013	0.3638161526937604	0.3757429112947717	-1.1698209839127127e-17	
2.175 	0.6423150514412382	-8.20347571739275e-18	-0.010555597323944475	-0.3582878252820034	-0.0105555973239445	0.3582878252820034	0.35768494855876015	8.20347571739275e-18	
2.2 	0.6600645518123132	3.1476580199752765e-18	-0.01078675961248554	-0.35148047711097763	-0.010786759612485593	0.35148047711097763	0.3399354481876852	-3.1476580199752765e-18	
2.225 	0.6774420977452807	-1.3304873718789679e-18	-0.011013968734498196	-0.3434131888152102	-0.011013968734498215	0.3434131888152102	0.3225579022547177	1.3304873718789679e-18	
2.25 	0.6943852594177305	2.4141127549916927e-18	-0.01123670056527249	-0.3341093675690414	-0.011236700565272468	0.3341093675690414	0.305614740582268	-2.4141127549916927e-18	
2.275 	0.7108328851318415	1.8389596297502776e-18	-0.011454420623316603	-0.32359672654164884	-0.011454420623316582	0.32359672654164884	0.289167114868157	-1.8389596297502776e-18	
2.3 	0.7267253157932677	6.704470851105839e-18	-0.011666586068302271	-0.3119072495468274	-0.011666586068302337	0.3119072495468274	0.27327468420673073	-6.704470851105839e-18	
2.325 	0.7420045972404513	-2.8610968111166618e-18	-0.011872647929139947	-0.2990771403182236	-0.011872647929140001	0.2990771403182236	0.2579954027595471	2.8610968111166618e-18	
2.35 	0.7566146896421544	-6.6802214154504124e-18	-0.012072053558408275	-0.28514675587773225	-0.012072053558408275	0.28514675587773225	0.24338531035784397	6.6802214154504124e-18	
2.375 	0.7705016731555236	-9.096282106599276e-18	-0.01226424930597849	-0.2701605235121325	-0.012264249305978536	0.2701605235121325	0.2294983268444749	9.096282106599276e-18	
2.4 	0.783613949014169	-1.2551851308102676e-17	-0.012448683401085297	-0.2541668409313559	-0.012448683401085328	0.2541668409313559	0.21638605098582947	1.2551851308102676e-17	
2.425 	0.795902435196101	6.521357278322143e-18	-0.01262480902834998	-0.23721795925148792	-0.01262480902834997	0.23721795925148792	0.20409756480389732	-6.521357278322143e-18	
2.45 	0.8073207558055103	3.584245498380097e-18	-0.012792087579427824	-0.2193698485269645	-0.012792087579427826	0.2193698485269645	0.1926792441944879	-3.584245498380097e-18	
2.475 	0.8178254232908768	1.1886731740883912e-18	-0.012949992058085754	-0.20068204564949152	-0.01294999205808579	0.20068204564949152	0.18217457670912135	-1.1886731740883912e-18	
2.5 	0.8273760126153379	-3.4298834890138964e-18	-0.013098010612703553	-0.18121748453580766	-0.013098010612703553	0.18121748453580766	0.17262398738466042	3.4298834890138964e-18	
2.525 	0.8359353264941967	5.207226156738703e-18	-0.013235650166511403	-0.16104230864210778	-0.013235650166511412	0.16104230864210778	0.1640646735058017	-5.207226156738703e-18	
2.55 	0.8434695508194607	2.610086899531199e-18	-0.01336244011240916	-0.14022566596903913	-0.013362440112409198	0.14022566596903913	0.15653044918053774	-2.610086899531199e-18	
2.575 	0.8499483994028361	-5.678887963619721e-19	-0.013477936036054473	-0.11883948685671554	-0.013477936036054463	0.11883948685671554	0.15005160059716235	5.678887963619721e-19	
2.6 	0.8553452471871485	-7.316907363809405e-19	-0.013581723428136619	-0.0969582450129086	-0.0135817234281366	0.0969582450129086	0.14465475281285015	7.316907363809405e-19	
2.625 	0.8596372511020468	-7.759065221405181e-19	-0.013673421344469553	-0.07465870236795095	-0.013673421344469552	0.07465870236795095	0.14036274889795178	7.759065221405181e-19	
2.65 	0.8628054577733931	-1.3831620903188488e-18	-0.013752685970803225	-0.052019638505143496	-0.013752685970803279	0.052019638505143496	0.13719454222660526	1.3831620903188488e-18	
2.675 	0.8648348973371216	-4.951172424081206e-18	-0.013819214048159126	-0.029121565573571748	-0.013819214048159063	0.02912156557357175	0.13516510266287696	3.2164489481043987e-18	
2.7 	0.8657146626576705	-3.0300446961746224e-18	-0.013872746114089014	-0.006046429748983372	-0.013872746114089098	0.006046429748983374	0.1342853373423279	2.9556368225387162e-18	
2.725 	0.8654379733083105	-2.956910003868224e-18	-0.013913069515604096	0.0171226995346434	-0.013913069515604035	-0.0171226995346434	0.1345620266916876	2.956910003868224e-18	
2.75 	0.8640022237356586	-3.7423193043285015e-18	-0.013940021150631095	0.040301951207524056	-0.013940021150631067	-0.040301951207524056	0.13599777626433954	3.7423193043285015e-18	
2.775 	0.86140901510312	9.358324805338938e-19	-0.013953489896781307	0.06340698351936958	-0.013953489896781229	-0.06340698351936958	0.13859098489687804	-9.358324805338938e-19	
2.8 	0.8576641703875036	-2.4016758144520368e-18	-0.013953418688918057	0.086353322670153	-0.013953418688918053	-0.086353322670153	0.1423358296124944	2.4016758144520368e-18	
2.825 	0.8527777323890892	9.237178074443944e-19	-0.013939806210502398	0.10905670733469999	-0.013939806210502401	-0.10905670733469999	0.14722226761090884	-9.237178074443944e-19	
2.85 	0.8467639444073145	3.0044845658928322e-18	-0.013912708167916395	0.13143343718976563	-0.013912708167916394	-0.13143343718976563	0.15323605559268347	-3.0044845658928322e-18	
2.875 	0.8396412134312161	-1.881194441091007e-18	-0.013872238121858851	0.15340072345938724	-0.013872238121858846	-0.15340072345938724	0.16035878656878177	1.881194441091007e-18	
2.9 	0.8314320557948968	5.589176603310248e-19	-0.01381856785540599	0.17487703942031385	-0.013818567855405993	-0.17487703942031385	0.16856794420510124	-5.589176603310248e-19	
2.925 	0.8221630253526265	3.2444731726340224e-18	-0.013751927264322552	0.19578246875598693	-0.01375192726432265	-0.19578246875598693	0.17783697464737191	-3.2444731726340224e-18	
2.95 	0.8118646243346369	1.3109384273354723e-19	-0.013672603761599199	0.21603904961631656	-0.013672603761599237	-0.21603904961631656	0.1881353756653613	-1.3109384273354723e-19	
2.975 	0.8005711971521068	-1.9937426199652954e-18	-0.013580941194846055	0.23557111223242339	-0.013580941194846124	-0.23557111223242339	0.19942880284789116	1.9937426199652954e-18	
3.0 	0.7883208075270809	7.504525299417861e-18	-0.013477338281966985	0.2543056079512401	-0.013477338281966995	-0.2543056079512401	0.21167919247291708	-7.504525299417861e-18	
3.025 	0.775155099428929	1.1814379630358923e-17	-0.013362246577330822	0.27217242759459126	-0.01336224657733079	-0.27217242759459126	0.22484490057106893	-1.1814379630358923e-17	
3.05 	0.7611191424022364	7.17925306942211e-18	-0.013236167987309146	0.2891047071108549	-0.013236167987309205	-0.2891047071108549	0.23888085759776156	-7.17925306942211e-18	
3.075 	0.7462612619705321	1.0271493216348584e-17	-0.013099651860423769	0.30503911857385807	-0.013099651860423783	-0.30503911857385807	0.2537387380294659	-1.0271493216348584e-17	
3.1 	0.7306328558949136	3.642071360730389e-18	-0.012953291683312608	0.3199161446921461	-0.012953291683312664	-0.3199161446921461	0.2693671441050843	-3.642071360730389e-18	
3.125 	0.7142881971553264	6.90753592923191e-18	-0.012797721419158133	0.33368033512064377	-0.012797721419158081	-0.33368033512064377	0.28571180284467146	-6.90753592923191e-18	
3.15 	0.6972842246040414	-8.304012889115058e-18	-0.012633611530012842	0.3462805430140884	-0.012633611530012826	-0.3462805430140884	0.30271577539595673	8.304012889115058e-18	
3.175 	0.6796803223148818	-3.741858058826525e-18	-0.012461664728520665	0.3576701404252035	-0.01246166472852069	-0.3576701404252035	0.3203196776851161	3.741858058826525e-18	
3.2 	0.66153808871722	1.3564910400136033e-17	-0.012282611507777794	0.36780721132787336	-0.012282611507777793	-0.36780721132787336	0.3384619112827779	-1.3564910400136033e-17	
3.225 	0.6429210966600813	-8.451118265453716e-18	-0.012097205500464659	0.37665472123383986	-0.0120972055004647	-0.37665472123383986	0.3570789033399164	8.451118265453716e-18	
3.25 	0.623894645598394	-8.818970795524809e-18	-0.011906218719872496	0.3841806625677651	-0.01190621871987247	-0.3841806625677651	0.3761053544016036	8.818970795524809e-18	
3.275 	0.6045255071301502	1.4673646719816598e-19	-0.011710436736019802	0.3903581751669303	-0.011710436736019849	-0.3903581751669303	0.3954744928698473	-1.4673646719816598e-19	
3.3 	0.5848816651398546	-1.866337961662442e-18	-0.01151065383974099	0.3951656414753613	-0.01151065383974095	-0.3951656414753613	0.4151183348601429	1.866337961662442e-18	
3.325 	0.5650320518200643	1.014544597662465e-17	-0.01130766824643097	0.3985867562048683	-0.011307668246430919	-0.3985867562048683	0.4349679481799333	-1.014544597662465e-17	
3.35 	0.5450462808492035	1.0043146807389751e-17	-0.011102277389130137	0.4006105704345151	-0.011102277389130112	-0.4006105704345151	0.45495371915079413	-1.0043146807389751e-17	
3.375 	0.5249943790004146	7.85919055542707e-18	-0.010895273347861225	0.4012315103127646	-0.010895273347861254	-0.4012315103127646	0.475005620999583	-7.85919055542707e-18	
3.4 	0.5049465174433487	4.081462894767042e-18	-0.010687438458707834	0.40044937071053605	-0.010687438458707762	-0.40044937071053605	0.49505348255664905	-4.081462894767042e-18	
3.425 	0.48497274397901385	3.721879731875764e-18	-0.010479541142108254	0.3982692843465154	-0.010479541142108202	-0.3982692843465154	0.515027256020984	-3.721879731875764e-18	
3.45 	0.4651427174176659	-8.99467932380413e-18	-0.010272331985360506	0.3947016670664123	-0.01027233198536052	-0.3947016670664123	0.5348572825823322	8.99467932380413e-18	
3.475 	0.44552544527192584	1.1140713077673241e-17	-0.010066540109484724	0.38976214010392785	-0.010066540109484717	-0.38976214010392785	0.5544745547280719	-1.1140713077673241e-17	
3.5 	0.42618902589259255	-1.1966255617931495e-17	-0.009862869845487825	0.3834714302818003	-0.00986286984548786	-0.3834714302818003	0.5738109741074049	1.1966255617931495e-17	
3.525 	0.4072003961237688	-2.461535923119844e-18	-0.009661997739831146	0.3758552492255734	-0.009661997739831117	-0.3758552492255734	0.5927996038762288	2.461535923119844e-18	
3.55 	0.38862508549778446	-4.166916947504861e-18	-0.009464569903621692	0.3669441527601901	-0.009464569903621633	-0.3669441527601901	0.6113749145022129	4.166916947504861e-18	
3.575 	0.370526977929813	1.0765072885603272e-17	-0.009271199714832009	0.35677338173996714	-0.009271199714831998	-0.35677338173996714	0.6294730220701842	-1.0765072885603272e-17	
3.6 	0.3529680818078855	-7.91508349410586e-18	-0.009082465877800858	0.3453826856260925	-0.009082465877800823	-0.3453826856260925	0.6470319181921119	7.91508349410586e-18	
3.625 	0.3360083093070593	-6.604751501694669e-18	-0.008898910839453102	0.33281613017292444	-0.008898910839453112	-0.33281613017292444	0.663991690692938	6.604751501694669e-18	
3.65 	0.3197052656875849	-4.3442538959157726e-18	-0.008721039557187294	0.3191218906157247	-0.008721039557187314	-0.3191218906157247	0.6802947343124126	4.3442538959157726e-18	
3.675 	0.3041140492668074	1.0357944497239529e-17	-0.008549318609253655	0.30435203176891634	-0.008549318609253655	-0.30435203176891634	0.6958859507331899	-1.0357944497239529e-17	
3.7 	0.2892870626839727	-5.116660781157365e-18	-0.00838417563475952	0.28856227644659244	-0.008384175634759593	-0.28856227644659244	0.7107129373160247	5.116660781157365e-18	
3.725 	0.2752738360067096	-4.254354600205577e-18	-0.00822599908719581	0.2718117636070218	-0.00822599908719579	-0.2718117636070218	0.7247261639932877	4.254354600205577e-18	
3.75 	0.26212086215837094	1.240284178394511e-17	-0.00807513828263061	0.2541627976016184	-0.00807513828263065	-0.2541627976016184	0.7378791378416265	-1.240284178394511e-17	
3.775 	0.249871445077127	1.6394804978655819e-18	-0.007931903721448245	0.23568058987764842	-0.00793190372144829	-0.23568058987764842	0.7501285549228702	-1.6394804978655819e-18	
3.8 	0.23856556095120565	1.262959153085728e-18	-0.007796567660743554	0.21643299444425682	-0.0077965676607435344	-0.21643299444425682	0.7614344390487913	-1.262959153085728e-18	
3.825 	0.22823973281033322	-5.8476370525631164e-18	-0.007669364913184679	0.19649023836462043	-0.00766936491318469	-0.19649023836462043	0.7717602671896637	5.8476370525631164e-18	
3.85 	0.21892691869158384	3.1129521196845997e-18	-0.007550493847326869	0.1759246484845623	-0.007550493847326851	-0.1759246484845623	0.7810730813084132	-3.1129521196845997e-18	
3.875 	0.21065641353873293	-4.1430369137757734e-18	-0.007440117563955671	0.15481037555113158	-0.007440117563955728	-0.15481037555113158	0.7893435864612643	4.1430369137757734e-18	
3.9 	0.20345376493802117	2.9744179914104624e-18	-0.00733836522303743	0.1332231168147121	-0.0073383652230374465	-0.1332231168147121	0.796546235061976	-2.9744179914104624e-18	
3.925 	0.19734070274010207	3.4610475629738303e-18	-0.0072453334962125394	0.11123983814634797	-0.007245333496212523	-0.11123983814634797	0.8026592972598953	-3.4610475629738303e-18	
3.95 	0.19233508256792398	-1.4775971070376447e-18	-0.0071610881204414185	0.08893849663921706	-0.007161088120441446	-0.08893849663921706	0.8076649174320731	1.4775971070376447e-18	
3.975 	0.18845084316342717	2.0796254288597886e-18	-0.007085665529374267	0.066397764600497	-0.007085665529374293	-0.066397764600497	0.8115491568365699	-2.0796254288597886e-18	
4.0 	0.18569797748216646	-6.0174927666576645e-19	-0.007019074540195049	0.043696755778074706	-0.0070190745401950486	-0.043696755778074706	0.8143020225178306	6.0174927666576645e-19	
4.025 	0.18408251740426626	-5.088180190719592e-19	-0.0069612980750715665	0.020914754606358957	-0.006961298075071567	-0.02091475460635895	0.8159174825957305	-5.073594661882566e-19	
4.05 	0.18360653189236034	1.127401973526442e-19	-0.0069122948978645625	-0.0018690508025482433	-0.006912294897864534	0.0018690508025482476	0.8163934681076364	-2.6113541718379107e-20	
4.075 	0.18426813839224945	-1.6244646047069521e-18	-0.0068720013483795995	-0.024575831251413997	-0.00687200134837958	0.024575831251414	0.8157318616077472	-1.1025887126985499e-19	
4.1 	0.18606152723978858	-4.94811025901965e-18	-0.006840333058144747	-0.04712737401559398	-0.006840333058144793	0.04712737401559398	0.813938472760208	1.4786633070660356e-18	
4.125 	0.18897699880782748	-1.3953800916405986e-18	-0.006817186633434147	-0.06944633479639147	-0.006817186633434145	0.06944633479639147	0.8110230011921692	1.3953800916405986e-18	
4.15 	0.1930010130997043	-3.207669872333994e-18	-0.006802441292995601	-0.09145648354616316	-0.006802441292995605	0.09145648354616316	0.8069989869002925	3.207669872333994e-18	
4.175 	0.19811625147066841	-1.8742129687963575e-19	-0.006795960449661219	-0.11308294368339082	-0.006795960449661164	0.11308294368339082	0.8018837485293284	1.8742129687963575e-19	
4.2 	0.2043016901354967	1.0345989975717178e-18	-0.0067975932266922225	-0.13425242425453487	-0.006797593226692222	0.13425242425453487	0.7956983098644999	-1.0345989975717178e-18	
4.225 	0.21153268509930356	-2.86669159193406e-18	-0.006807175901319053	-0.15489344463462892	-0.006807175901319088	0.15489344463462892	0.7884673149006932	2.86669159193406e-18	
4.25 	0.21978106812894693	-1.6560304046202465e-17	-0.0068245332694663345	-0.1749365513903773	-0.006824533269466282	0.1749365513903773	0.7802189318710496	2.6825162383880086e-18	
4.275 	0.2290152533643569	5.354307675516933e-18	-0.006849479927094721	-0.19431452695813883	-0.006849479927094686	0.19431452695813883	0.7709847466356398	-5.354307675516933e-18	
4.3 	0.2392003541523751	3.875834776266609e-18	-0.006881821464921354	-0.21296258981481836	-0.006881821464921356	0.21296258981481836	0.7607996458476216	-3.875834776266609e-18	
4.325 	0.2502983096701879	-6.236398763504989e-19	-0.006921355574523239	-0.2308185858425556	-0.006921355574523288	0.2308185858425556	0.7497016903298089	6.236398763504989e-19	
4.35 	0.2622680208909912	2.1783837544673938e-18	-0.006967873064939186	-0.24782317060844447	-0.006967873064939135	0.24782317060844447	0.7377319791090056	-2.1783837544673938e-18	
4.375 	0.2750654954310508	-8.117002156246151e-18	-0.007021158789907974	-0.26391998229858177	-0.007021158789907964	0.26391998229858177	0.724934504568946	8.117002156246151e-18	
4.4 	0.28864400080469566	-1.1984356733368903e-17	-0.007080992486779559	-0.279055805061793	-0.007080992486779598	0.279055805061793	0.7113559991953012	1.1984356733368903e-17	
4.425 	0.30295422560191204	-4.298489296196818e-18	-0.007147149528935931	-0.2931807225326647	-0.0071471495289359395	0.2931807225326647	0.6970457743980849	4.298489296196818e-18	
4.45 	0.31794444809201444	-4.155594670684685e-18	-0.007219401594258827	-0.3062482613162962	-0.007219401594258834	0.3062482613162962	0.6820555519079824	4.155594670684685e-18	
4.475 	0.3335607117462811	4.217438389605447e-18	-0.0072975172527784595	-0.318215524228696	-0.007297517252778465	0.318215524228696	0.6664392882537157	-4.217438389605447e-18	
4.5 	0.34974700716240525	-7.357644538597416e-18	-0.007381262477155863	-0.329043313097252	-0.007381262477155852	0.329043313097252	0.6502529928375916	7.357644538597416e-18	
4.525 	0.3664454598640799	-6.656736121982138e-18	-0.007470401080078006	-0.3386962409354111	-0.007470401080078043	0.3386962409354111	0.633554540135917	6.656736121982138e-18	
4.55 	0.3835965234399723	3.4209292592988998e-18	-0.007564695083000318	-0.3471428333148368	-0.007564695083000382	0.3471428333148368	0.6164034765600247	-3.4209292592988998e-18	
4.575 	0.4011391774777249	1.5915735652475235e-18	-0.0076639050209569405	-0.35435561876707755	-0.00766390502095696	0.35435561876707755	0.598860822522272	-1.5915735652475235e-18	
4.6 	0.41901112974044025	1.373827178451634e-17	-0.007767790188384331	-0.3603112080553705	-0.00776779018838429	0.3603112080553705	0.5809888702595567	-1.373827178451634e-17	
4.625 	0.4371490220253493	-3.775189975043781e-18	-0.007876108831072292	-0.3649903621657963	-0.007876108831072287	0.3649903621657963	0.5628509779746476	3.775189975043781e-18	
4.65 	0.4554886391370448	-1.1392402508203276e-17	-0.007988618289479828	-0.3683780488757735	-0.007988618289479856	0.3683780488757735	0.5445113608629519	1.1392402508203276e-17	
4.675 	0.47396512040078387	-4.130724019921132e-18	-0.008105075098730003	-0.3704634877669853	-0.008105075098729979	0.3704634877669853	0.5260348795992128	4.130724019921132e-18	
4.7 	0.49251317313495785	-1.3914157603217425e-18	-0.008225235050642378	-0.3712401835594299	-0.00822523505064245	0.3712401835594299	0.507486826865039	1.3914157603217425e-18	
4.725 	0.5110672874959149	-2.1666690215352193e-18	-0.008348853223171984	-0.37070594765350967	-0.008348853223171986	0.37070594765350967	0.4889327125040818	2.1666690215352193e-18	
4.75 	0.5295619521029379	-4.612718038014077e-18	-0.00847568398260427	-0.36886290777807396	-0.008475683982604287	0.36886290777807396	0.4704380478970589	4.612718038014077e-18	
4.775 	0.5479318698463662	-8.459149530579615e-18	-0.00860548096381682	-0.365717505654227	-0.008605480963816817	0.365717505654227	0.4520681301536305	8.459149530579615e-18	
4.8 	0.5661121732776667	1.2545787160078082e-17	-0.008737997033853173	-0.36128048259763845	-0.00873799703385312	0.36128048259763845	0.4338878267223298	-1.2545787160078082e-17	
4.825 	0.5840386389767334	-8.133143536921591e-18	-0.008872984243974208	-0.3555668529961778	-0.0088729842439742	0.3555668529961778	0.4159613610232631	8.133143536921591e-18	
4.85 	0.6016479002889225	-4.4609572122800096e-18	-0.009010193775251429	-0.3485958656150374	-0.009010193775251486	0.3485958656150374	0.398352099711074	4.4609572122800096e-18	
4.875 	0.6188776578223467	1.1426036859331183e-17	-0.009149375882652843	-0.34039095269825964	-0.00914937588265279	0.34039095269825964	0.3811223421776497	-1.1426036859331183e-17	
4.9 	0.6356668870948474	1.926292229329513e-18	-0.009290279842439537	-0.3309796668538189	-0.009290279842439575	0.3309796668538189	0.364333112905149	-1.926292229329513e-18	
4.925 	0.6519560427199131	-5.5971108082008385e-18	-0.009432653907545491	-0.3203936057292721	-0.009432653907545515	0.3203936057292721	0.34804395728008336	5.5971108082008385e-18	
4.95 	0.6676872585216922	2.911200444351691e-18	-0.009576245275447235	-0.30866832450656734	-0.009576245275447244	0.30866832450656734	0.3323127414783042	-2.911200444351691e-18	
4.975 	0.6828045429712577	5.024997181246619e-18	-0.009720800072854249	-0.29584323626799564	-0.00972080007285422	0.29584323626799564	0.31719545702873886	-5.024997181246619e-18	
5.0 	0.6972539693395023	-9.864785233182171e-18	-0.009866063361349122	-0.2819615003105806	-0.009866063361349117	0.2819615003105806	0.3027460306604941	9.864785233182171e-18	
5.025 	0.7109838599665843	-5.4331511831741714e-18	-0.010011779167892606	-0.26706989851350565	-0.01001177916789258	0.26706989851350565	0.28901614003341214	5.4331511831741714e-18	
5.05 	0.7239449640537969	-1.1532046111508098e-17	-0.010157690543866763	-0.2512186998925549	-0.01015769054386672	0.2512186998925549	0.27605503594619957	1.1532046111508098e-17	
5.075 	0.7360906283912149	1.6235136860852797e-18	-0.010303539656073972	-0.23446151350704295	-0.010303539656073933	0.23446151350704295	0.26390937160878164	-1.6235136860852797e-18	
5.1 	0.7473769604435756	1.0612236774146653e-18	-0.01044906791282188	-0.21685512991838327	-0.010449067912821889	0.21685512991838327	0.2526230395564211	-1.4939011485229122e-17	
5.125 	0.7577629832276968	-3.5499754633506124e-18	-0.010594016127917043	-0.19845935143530613	-0.010594016127916973	0.19845935143530613	0.24223701677229978	3.5499754633506124e-18	
5.15 	0.7672107814274305	-5.072123068779561e-18	-0.01073812472505431	-0.17933681141878993	-0.01073812472505427	0.17933681141878993	0.2327892185725658	5.072123068779561e-18	
5.175 	0.7756856382067939	-2.3416546594488913e-18	-0.010881133984726418	-0.15955278295998193	-0.01088113398472639	0.15955278295998193	0.22431436179320235	2.3416546594488913e-18	
5.2 	0.7831561621986404	-5.872801734806079e-18	-0.011022784335387404	-0.13917497728670217	-0.011022784335387397	0.13917497728670217	0.21684383780135622	5.872801734806079e-18	
5.225 	0.789594404165104	-7.970565413042405e-18	-0.011162816690186926	-0.11827333229844919	-0.011162816690186905	0.11827333229844919	0.2104055958348926	1.031671509135177e-18	
5.25 	0.7949759628472072	1.43093309964154e-18	-0.01130097283014456	-0.09691979167603232	-0.011300972830144598	0.09691979167603232	0.2050240371527895	-1.43093309964154e-18	
5.275 	0.799280079544502	-1.350369528404438e-19	-0.011436995834163535	-0.07518807505987742	-0.011436995834163523	0.07518807505987742	0.20071992045549455	1.350369528404438e-19	
5.3 	0.8024897209915641	2.5371906860288997e-19	-0.011570630555783458	-0.053153439840470086	-0.01157063055578347	0.053153439840470086	0.1975102790084326	-2.5371906860288997e-19	
5.325 	0.8045916501265807	-8.082774239277008e-19	-0.011701624146056397	-0.030892435155068	-0.011701624146056399	0.030892435155068	0.19540834987341604	8.082774239277008e-19	
5.35 	0.805576484378277	2.860981281940592e-19	-0.011829726621388979	-0.008482648736421308	-0.011829726621388956	0.008482648736421312	0.19442351562171972	4.32447862522532e-19	
5.375 	0.8054387411310096	-3.828342026823532e-19	-0.011954691474639232	0.01399755268855635	-0.011954691474639222	-0.013997552688556346	0.19456125886898706	2.3401845541054087e-19	
5.4 	0.8041768700640654	-7.408801349133333e-19	-0.01207627632719395	0.03646928869982045	-0.012076276327193942	-0.03646928869982045	0.19582312993593118	7.408801349133333e-19	
5.425 	0.801793272100027	-1.5859655569834951e-18	-0.012194243619179299	0.05885343538242447	-0.0121942436191793	-0.05885343538242447	0.19820672789996974	1.5859655569834951e-18	
5.45 	0.7982943047384821	1.87255113271196e-18	-0.0123083613343866	0.08107089956800113	-0.012308361334386633	-0.08107089956800113	0.20170569526151455	-1.87255113271196e-18	
5.475 	0.7936902735953104	1.5604849357321306e-18	-0.012418403755935361	0.10304289621536661	-0.012418403755935375	-0.10304289621536661	0.2063097264046859	-1.5604849357321306e-18	
5.5 	0.7879954100142096	-5.692812670561612e-19	-0.01252415224813813	0.12469122797774329	-0.012524152248138123	-0.12469122797774329	0.2120045899857868	5.692812670561612e-19	
5.525 	0.7812278346659021	-1.838243503247974e-18	-0.012625396059511752	0.14593856595812785	-0.012625396059511766	-0.14593856595812785	0.2187721653340944	1.838243503247974e-18	
5.55 	0.7734095071014829	-4.344423889698581e-19	-0.012721933141374977	0.16670873061138122	-0.012721933141374977	-0.16670873061138122	0.22659049289851343	4.344423889698581e-19	
5.575 	0.7645661612794339	3.540795412631948e-18	-0.012813570976013192	0.18692697171232414	-0.012813570976013227	-0.18692697171232414	0.23543383872056253	-3.540795412631948e-18	
5.6 	0.7547272271407579	-6.348482751383972e-18	-0.012900127407976372	0.20652024627412405	-0.012900127407976344	-0.20652024627412405	0.24527277285923837	6.348482751383972e-18	
5.625 	0.7439257383632542	1.9695461493292994e-18	-0.012981431471712065	0.22541749327120403	-0.01298143147171202	-0.22541749327120403	0.2560742616367422	-1.9695461493292994e-18	
5.65 	0.7321982264838695	-3.773709742460391e-18	-0.013057324208439032	0.24354990399641502	-0.013057324208438966	-0.24354990399641502	0.267801773516127	3.773709742460391e-18	
5.675 	0.7195846016370694	7.218072791200804e-18	-0.013127659464933925	0.26085118686390324	-0.013127659464933895	-0.26085118686390324	0.2804153983629272	-7.218072791200804e-18	
5.7 	0.7061280202169089	1.1251486104326062e-17	-0.013192304666749135	0.27725782545755046	-0.013192304666749172	-0.27725782545755046	0.29387197978308743	-1.1251486104326062e-17	
5.725 	0.6918747398306376	-3.1324038163808206e-19	-0.013251141558307429	0.2927093286205903	-0.013251141558307448	-0.2927093286205903	0.3081252601693588	3.1324038163808206e-19	
5.75 	0.676873961971828	1.6917927414432371e-18	-0.013304066902330927	0.30714847138549123	-0.013304066902330967	-0.30714847138549123	0.3231260380281683	-1.6917927414432371e-18	
5.775 	0.6611776629008174	3.864498380963368e-18	-0.013350993131168389	0.3205215255548499	-0.013350993131168368	-0.3205215255548499	0.33882233709917897	-3.864498380963368e-18	
5.8 	0.644840413279238	-4.2231327155713546e-19	-0.013391848942778001	0.33277847876418454	-0.013391848942778029	-0.33277847876418454	0.3551595867207584	4.2231327155713546e-19	
5.825 	0.6279191871631876	2.6034294561721544e-18	-0.013426579834417189	0.3438732408864065	-0.0134265798344172	-0.3438732408864065	0.3720808128368087	-2.6034294561721544e-18	
5.85 	0.610473161015692	9.92401107651084e-18	-0.013455148567470598	0.3537638366755162	-0.01345514856747058	-0.3537638366755162	0.38952683898430435	-9.92401107651084e-18	
5.875 	0.5925635034531065	-1.1600723186721857e-17	-0.013477535557326812	0.3624125835937714	-0.013477535557326795	-0.3624125835937714	0.40743649654688996	1.1600723186721857e-17	
5.9 	0.5742531564915363	-3.5621655749928325e-18	-0.013493739182775221	0.3697862538221355	-0.01349373918277522	-0.3697862538221355	0.42574684350846026	3.5621655749928325e-18	
5.925 	0.5556066091077968	1.3058260713719737e-17	-0.013503776010037948	0.37585621951806175	-0.01350377601003796	-0.37585621951806175	0.44439339089219965	-1.3058260713719737e-17	
5.95 	0.5366896639744493	3.2132265885694792e-18	-0.013507680927278519	0.3805985804573116	-0.013507680927278568	-0.3805985804573116	0.46331033602554716	-3.2132265885694792e-18	
5.975 	0.5175691982696272	-4.4514061301125154e-17	-0.013505507186210701	0.3839942732771301	-0.013505507186210724	-0.3839942732771301	0.4824308017303693	4.4514061301125154e-17	
6.0 	0.4983129194993341	-4.3460198390941907e-17	-0.01349732634828047	0.38602916162620315	-0.013497326348280467	-0.38602916162620315	0.5016870805006624	4.3460198390941907e-17	
6.025 	0.47898911730227267	-4.6600241617269344e-17	-0.013483228133787994	0.3866941066217581	-0.01348322813378799	-0.3866941066217581	0.521010882697724	4.6600241617269344e-17	
6.05 	0.45966641223474425	-5.251716661995637e-17	-0.013463320173239543	0.38598501711523087	-0.013463320173239587	-0.38598501711523087	0.5403335877652524	5.251716661995637e-17	
6.075 	0.4404135025554509	-4.593327391669355e-17	-0.013437727661174487	0.3839028793742816	-0.013437727661174497	-0.3839028793742816	0.5595864974445457	4.593327391669355e-17	
6.1 	0.42129891004688697	3.515539574366988e-18	-0.01340659291366622	0.3804537658996991	-0.013406592913666252	-0.3804537658996991	0.5787010899531096	-3.515539574366988e-18	
6.125 	0.40239072592123853	-4.6398302756354215e-17	-0.013370074831652597	0.37564882320992554	-0.013370074831652692	-0.37564882320992554	0.5976092740787585	4.6398302756354215e-17	
6.15 	0.38375635786416784	-2.636180735587693e-17	-0.013328348273185298	0.3695042385425333	-0.013328348273185336	-0.3695042385425333	0.6162436421358289	2.636180735587693e-17	
6.175 	0.36546227926944563	1.171496126619856e-17	-0.013281603338589885	0.36204118553992654	-0.013281603338589998	-0.36204118553992654	0.6345377207305511	-1.171496126619856e-17	
6.2 	0.34757378171107245	-3.6551595629264526e-17	-0.013230044573387017	0.3532857491047424	-0.01323004457338708	-0.3532857491047424	0.6524262182889243	3.6551595629264526e-17	
6.225 	0.330154731687322	-3.4407852971993777e-17	-0.013173890094623992	0.3432688297277744	-0.013173890094624021	-0.3432688297277744	0.6698452683126748	3.4407852971993777e-17	
6.25 	0.313267332653099	-2.3826316108139286e-17	-0.013113370646997623	0.33202602770667766	-0.013113370646997746	-0.33202602770667766	0.6867326673468979	2.3826316108139286e-17	
6.275 	0.2969718933332643	-2.1901341304126854e-17	-0.013048728595802592	0.31959750778613655	-0.013048728595802667	-0.31959750778613655	0.7030281066667325	2.1901341304126854e-17	
6.3 	0.28132660328032133	-2.2229420882574942e-17	-0.012980216864299713	0.3060278448585964	-0.01298021686429979	-0.3060278448585964	0.7186733967196752	2.2229420882574942e-17	
6.325 	0.2663873166052903	-4.6185184618390185e-18	-0.01290809782357166	0.29136585146808885	-0.012908097823571737	-0.29136585146808885	0.7336126833947062	4.6185184618390185e-18	
6.35 	0.2522073447710059	2.214691056771921e-17	-0.01283264214329885	0.2756643879572295	-0.012832642143298942	-0.2756643879572295	0.7477926552289905	-2.214691056771921e-17	
6.375 	0.2388372592927724	2.4634961233428497e-17	-0.012754127612152428	0.2589801561883179	-0.01275412761215248	-0.2589801561883179	0.7611627407072241	-2.4634961233428497e-17	
6.4 	0.2263247051426412	2.637787547708689e-17	-0.012672837936658491	0.24137347785290023	-0.012672837936658616	-0.24137347785290023	0.7736752948573553	-2.637787547708689e-17	
6.425 	0.2147142256009422	3.9692945866276063e-17	-0.012589061527436708	0.22290805845954567	-0.01258906152743669	-0.22290805845954567	0.7852857743990544	-3.9692945866276063e-17	
6.45 	0.20404709924250253	1.923694765500233e-17	-0.012503090281661333	0.20365073815642096	-0.012503090281661343	-0.20365073815642096	0.7959529007574944	-1.923694765500233e-17	
6.475 	0.1943611896856735	3.705690011285895e-17	-0.012415218370436	0.18367123060312696	-0.012415218370436059	-0.18367123060312696	0.8056388103143233	-3.705690011285895e-17	
6.5 	0.18569080867030982	3.907941107715552e-17	-0.01232574103951744	0.16304185115490386	-0.012325741039517484	-0.16304185115490386	0.8143091913296868	-3.907941107715552e-17	
6.525 	0.17806659296666488	4.2356181832087775e-17	-0.01223495343147917	0.14183723566154074	-0.012234953431479265	-0.14183723566154074	0.8219334070333316	-4.2356181832087775e-17	
6.55 	0.1715153955512709	5.82507640810204e-17	-0.012143149436975887	0.12013405121309804	-0.012143149436975947	-0.12013405121309804	0.8284846044487257	-5.82507640810204e-17	
6.575 	0.1660601914187165	4.9420730123031913e-17	-0.01205062058226802	0.0980107001849127	-0.012050620582268079	-0.0980107001849127	0.8339398085812801	-4.9420730123031913e-17	
6.6 	0.16171999833029502	5.643396268060427e-17	-0.011957654959594948	0.0755470189454722	-0.011957654959594975	-0.0755470189454722	0.8382800016697015	-5.643396268060427e-17	
6.625 	0.15850981273222792	6.984659342858678e-17	-0.011864536206363234	0.0528239725928766	-0.01186453620636328	-0.0528239725928766	0.8414901872677686	-6.984659342858678e-17	
6.65 	0.1564405610080085	7.17632682129816e-17	-0.011771542538450641	0.0299233470790963	-0.011771542538450667	-0.029923347079096295	0.843559438991988	-7.349799168895841e-17	
6.675 	0.15551906616178687	7.365984580886303e-17	-0.011678945842222404	0.006927440066516265	-0.011678945842222382	-0.00692744006651626	0.8444809338382095	-7.294129981814644e-17	
6.7 	0.15574802996302184	7.405154139248943e-17	-0.011587010829137889	-0.0160812481611742	-0.01158701082913792	0.016081248161174202	0.8442519700369746	-7.506771887774965e-17	
6.725 	0.15712603051723126	7.260566181232352e-17	-0.011495994256089374	-0.03902032244127518	-0.011495994256089416	0.03902032244127518	0.842873969482765	-7.260566181232352e-17	
6.75 	0.1596475351639313	7.229080000817133e-17	-0.011406144213881217	-0.06180779787122413	-0.01140614421388122	0.06180779787122413	0.840352464836065	-7.229080000817133e-17	
6.775 	0.16330292854106115	7.821270701873749e-17	-0.011317699485530784	-0.08436240113032635	-0.011317699485530776	0.08436240113032635	0.8366970714589351	-7.821270701873749e-17	
6.8 	0.16807855559564322	7.835852669254196e-17	-0.01123088897536676	-0.10660386681710733	-0.011230888975366709	0.10660386681710733	0.831921444404353	-7.835852669254196e-17	
6.825 	0.17395677926335676	6.704341431984222e-17	-0.011145931209218047	-0.12845322768721604	-0.011145931209217997	0.12845322768721604	0.8260432207366396	-6.704341431984222e-17	
6.85 	0.18091605248533077	7.028588457378386e-17	-0.011063033905340003	-0.14983309773260103	-0.011063033905339924	0.14983309773260103	0.8190839475146656	-7.028588457378386e-17	
6.875 	0.18893100417896425	6.961607196699157e-17	-0.010982393615118411	-0.17066794710170385	-0.01098239361511838	0.17066794710170385	0.8110689958210322	-6.961607196699157e-17	
6.9 	0.19797253873109305	6.48323071331488e-17	-0.010904195432031416	-0.1908843679220178	-0.010904195432031307	0.1908843679220178	0.8020274612689033	-6.48323071331488e-17	
6.925 	0.20800794853647925	5.2995349590633955e-17	-0.010828612766839515	-0.21041133014991348	-0.010828612766839392	0.21041133014991348	0.7919920514635171	-5.2995349590633955e-17	
6.95 	0.21900103906245788	8.28563048673365e-17	-0.010755807186516884	-0.22918042663753696	-0.010755807186516864	0.22918042663753696	0.7809989609375385	-8.28563048673365e-17	
6.975 	0.23091226588170738	7.157252695021916e-17	-0.010685928314038546	-0.24712610667228374	-0.010685928314038522	0.24712610667228374	0.7690877341182893	-7.157252695021916e-17	
7.0 	0.2436988830795344	5.0186303276093286e-17	-0.010619113785792729	-0.2641858973103227	-0.010619113785792679	0.2641858973103227	0.7563011169204622	-5.0186303276093286e-17	
7.025 	0.2573151024097855	5.642399838516588e-17	-0.010555489263106154	-0.2803006118914112	-0.010555489263106151	0.2803006118914112	0.7426848975902111	-5.642399838516588e-17	
7.05 	0.2717122625444871	5.2327654102544806e-17	-0.010495168494137348	-0.2954145451873895	-0.010495168494137327	0.2954145451873895	0.7282877374555097	-5.2327654102544806e-17	
7.075 	0.28683900773654775	6.068546397807191e-17	-0.010438253422225971	-0.3094756547008769	-0.010438253422225964	0.3094756547008769	0.7131609922634491	-6.068546397807191e-17	
7.1 	0.30264147519225937	4.743970942452611e-17	-0.01038483433666545	-0.32243572769350665	-0.0103848343366654	0.32243572769350665	0.6973585248077375	-4.743970942452611e-17	
7.125 	0.31906349043083254	6.022644028758914e-17	-0.010334990061798388	-0.3342505335842361	-0.010334990061798326	0.3342505335842361	0.6809365095691644	-6.022644028758914e-17	
7.15 	0.3360467698917277	4.922738664123848e-17	-0.01028878818031976	-0.3448799614176366	-0.010288788180319699	0.3448799614176366	0.663953230108269	-4.922738664123848e-17	
7.175 	0.3535311300369753	3.4422536764018203e-17	-0.010246285286696003	-0.354288142159411	-0.01024628528669593	0.35428814215941107	0.6464688699630213	-8.993368799527603e-17	
7.2 	0.371454702184934	7.417885809258922e-17	-0.010207527266676236	-0.36244355563158	-0.010207527266676135	0.36244355563158	0.6285452978150626	-7.417885809258922e-17	
7.225 	0.3897541523038864	5.1801979708776453e-17	-0.010172549598975842	-0.36931912195270516	-0.010172549598975797	0.36931912195270516	0.6102458476961101	-5.1801979708776453e-17	
7.25 	0.40836490498842115	3.7696351562536305e-17	-0.010141377675350505	-0.37489227739914305	-0.010141377675350479	0.37489227739914305	0.5916350950115753	-3.7696351562536305e-17	
7.275 	0.42722137083856015	-5.569354567725205e-18	-0.010114027135442804	-0.379145034651594	-0.010114027135442759	0.379145034651594	0.5727786291614363	5.569354567725205e-18	
7.3 	0.4462571764609663	4.756843161919604e-17	-0.010090504212973533	-0.3820640274371617	-0.010090504212973436	0.3820640274371617	0.5537428235390304	-4.756843161919604e-17	
7.325 	0.46540539631317557	-4.6986990953501846e-18	-0.010070806090058459	-0.38364053962077826	-0.010070806090058348	0.38364053962077826	0.534594603686821	4.6986990953501846e-18	
7.35 	0.4845987856155369	3.9942112910562686e-17	-0.010054921256660392	-0.38387051884125134	-0.010054921256660302	0.38387051884125134	0.51540121438446	-3.9942112910562686e-17	
7.375 	0.5037700135612908	3.126622118249069e-17	-0.010042829872417162	-0.3827545748264192	-0.010042829872417128	0.3827545748264192	0.4962299864387061	-3.126622118249069e-17	
7.4 	0.5228518960628865	2.730229142461377e-17	-0.010034504128341622	-0.3802979625590591	-0.0100345041283416	0.3802979625590591	0.4771481039371102	-2.730229142461377e-17	
7.425 	0.5417776272821005	-2.1583308617148717e-18	-0.010029908606133103	-0.37651055050037335	-0.010029908606133023	0.3765105505003734	0.458222372717896	-2.5597244753914042e-17	
7.45 	0.5604810092027049	-1.0677448735063879e-17	-0.010029000633100178	-0.3714067741112134	-0.010029000633100076	0.3714067741112134	0.43951899079729145	1.0677448735063879e-17	
7.475 	0.5788966785172389	-4.26217712358126e-17	-0.01003173063094366	-0.3650055749427909	-0.010031730630943491	0.36500557494279096	0.4211033214827577	-1.2889379995445227e-17	
7.5 	0.5969603301137774	-1.1603927878522076e-17	-0.010038042456900693	-0.3573303255986116	-0.010038042456900561	0.3573303255986116	0.4030396698862192	1.1603927878522076e-17	
7.525 	0.6146089364644012	-1.6679006380924632e-17	-0.010047873735996632	-0.3484087408978725	-0.010047873735996532	0.3484087408978725	0.38539106353559527	1.6679006380924632e-17	
7.55 	0.6317809622342632	-2.22775713742216e-17	-0.010061156183385671	-0.3382727755976966	-0.01006115618338555	0.3382727755976966	0.3682190377657335	2.22775713742216e-17	
7.575 	0.6484165734486687	-2.346767104384983e-17	-0.01007781591599363	-0.32695850905749846	-0.010077815915993509	0.32695850905749846	0.35158342655132796	2.346767104384983e-17	
7.6 	0.6644578405753814	-2.1234057971790515e-17	-0.010097773752892619	-0.3145060172535544	-0.010097773752892546	0.3145060172535544	0.33554215942461524	2.1234057971790515e-17	
7.625 	0.6798489349003592	-3.359641712465946e-17	-0.010120945504044564	-0.30095923257563817	-0.01012094550404446	0.30095923257563817	0.32015106509963737	3.359641712465946e-17	
7.65 	0.6945363175973018	-2.5180618691939464e-17	-0.010147242247243723	-0.28636579186046357	-0.010147242247243601	0.28636579186046357	0.3054636824026946	2.5180618691939464e-17	
7.675 	0.7084689209146796	-4.084619814380799e-17	-0.010176570593272552	-0.27077687313875154	-0.010176570593272413	0.27077687313875154	0.2915310790853167	4.084619814380799e-17	
7.7 	0.7215983209282905	-2.7108601265342954e-17	-0.010208832939450093	-0.25424702159408963	-0.010208832939449991	0.25424702159408963	0.2784016790717059	2.7108601265342954e-17	
7.725 	0.7338789013328229	-5.4700315657734004e-17	-0.01024392771190756	-0.23683396525246667	-0.0102439277119075	0.23683396525246667	0.26612109866717343	4.082252784991955e-17	
7.75 	0.7452680077723499	-6.516537418140159e-17	-0.010281749597063804	-0.21859842094149226	-0.010281749597063669	0.21859842094149226	0.2547319922276463	6.516537418140159e-17	
7.775 	0.7557260922371257	-6.363716521426005e-17	-0.010322189762899324	-0.19960389107791826	-0.010322189762899288	0.19960389107791826	0.24427390776287083	6.363716521426005e-17	
7.8 	0.7652168470824596	-7.597116361097742e-17	-0.010365136070739616	-0.17991645186119956	-0.01036513607073954	0.17991645186119956	0.23478315291753707	7.597116361097742e-17	
7.825 	0.7737073282548094	-6.532105084411491e-17	-0.010410473278351099	-0.15960453346949946	-0.01041047327835097	0.15960453346949946	0.2262926717451873	6.532105084411491e-17	
7.85 	0.7811680673405013	-5.275229618498042e-17	-0.010458083235240478	-0.13873869287277865	-0.01045808323524044	0.13873869287277865	0.2188319326594954	5.275229618498042e-17	
7.875 	0.7875731720836712	-5.908102819740826e-17	-0.010507845071113558	-0.11739137989540564	-0.01050784507111352	0.11739137989540564	0.2124268279163255	5.908102819740826e-17	
7.9 	0.7929004150520776	-6.207974954180766e-17	-0.010559635378504056	-0.09563669717809176	-0.010559635378503998	0.09563669717809176	0.20709958494791905	6.207974954180766e-17	
7.925 	0.7971313101623475	-5.677055687185975e-17	-0.010613328390629728	-0.07355015470585839	-0.01061332839062971	0.07355015470585839	0.20286868983764916	5.677055687185975e-17	
7.95 	0.8002511768099714	-5.965793913411022e-17	-0.010668796155554265	-0.0512084195851572	-0.010668796155554224	0.051208419585157205	0.19974882319002532	5.2719045230203e-17	
7.975 	0.8022491913839124	-6.07040191420603e-17	-0.010725908707756207	-0.028689061769143428	-0.010725908707756143	0.02868906176914343	0.19775080861608446	5.89692956660835e-17	
8.0 	0.8031184259810334	-6.326596197994923e-17	-0.010784534238205176	-0.006070296445383664	-0.010784534238205117	0.006070296445383669	0.1968815740189634	6.311714623267741e-17	
8.025 	0.8028558741716253	-6.428803627284433e-17	-0.010844539264040111	0.016569276185101955	-0.010844539264039997	-0.016569276185101952	0.1971441258283714	6.327185878758411e-17	
8.05 	0.801462463704119	-7.00580381962209e-17	-0.010905788798921859	0.039150932994694534	-0.01090578879892177	-0.03915093299469453	0.19853753629587775	6.658859124426728e-17	
8.075 	0.7989430560745244	-6.330871219225207e-17	-0.010968146525103365	0.06159609112613391	-0.010968146525103268	-0.06159609112613391	0.20105694392547202	6.330871219225207e-17	
8.1 	0.7953064329242459	-6.855630687931255e-17	-0.011031474968216213	0.08382657153171014	-0.01103147496821613	-0.08382657153171014	0.20469356707575068	6.855630687931255e-17	
8.125 	0.7905652692685833	-6.893609044911913e-17	-0.011095635675720751	0.10576486207581415	-0.011095635675720765	-0.10576486207581415	0.209434730731413	6.893609044911913e-17	
8.15 	0.7847360935974382	-6.233517140577387e-17	-0.01116048939990372	0.1273343794121652	-0.011160489399903722	-0.1273343794121652	0.21526390640255808	6.233517140577387e-17	
8.175 	0.7778392349293799	-6.66733560456988e-17	-0.01122589628623243	0.14845972883856268	-0.01122589628623239	-0.14845972883856268	0.2221607650706166	6.66733560456988e-17	
8.2 	0.7698987569402769	-6.66094976824545e-17	-0.011291716067796768	0.1690669613250262	-0.011291716067796703	-0.1690669613250262	0.23010124305971952	6.66094976824545e-17	
8.225 	0.7609423793280441	-6.44086170933924e-17	-0.011357808266475599	0.18908382690584513	-0.011357808266475563	-0.18908382690584513	0.23905762067195244	6.44086170933924e-17	
8.25 	0.7510013866156198	-5.620305885662088e-17	-0.011424032401364404	0.20844002362252678	-0.011424032401364392	-0.20844002362252678	0.2489986133843771	5.620305885662088e-17	
8.275 	0.7401105246349934	-9.396380438217947e-17	-0.011490248204899804	0.2270674412030742	-0.011490248204899817	-0.22706744120307418	0.2598894753650035	8.008601657436501e-17	
8.3 	0.7283078849758252	-8.177504882176655e-17	-0.011556315846995952	0.24490039866361826	-0.011556315846995914	-0.24490039866361826	0.2716921150241716	8.177504882176655e-17	
8.325 	0.7156347777228287	-8.618243173426233e-17	-0.011622096167393181	0.26187587502135323	-0.0116220961673932	-0.26187587502135323	0.2843652222771682	8.618243173426233e-17	
8.35 	0.702135592846524	-2.4445589657019106e-17	-0.011687450916290679	0.2779337323131511	-0.011687450916290715	-0.2779337323131511	0.29786440715347273	2.4445589657019106e-17	
8.375 	0.687857650652054	-3.063894818035353e-17	-0.01175224300320822	0.29301693012234065	-0.011752243003208308	-0.29301693012234065	0.31214234934794266	3.063894818035353e-17	
8.4 	0.6728510417303699	-2.2052757883581475e-17	-0.011816336753885043	0.30707173082710393	-0.0118163367538851	-0.30707173082710393	0.32714895826962676	2.2052757883581475e-17	
8.425 	0.6571684568950856	-2.797850282904489e-17	-0.011879598174890958	0.32004789479792384	-0.01187959817489103	-0.32004789479792384	0.34283154310491115	2.797850282904489e-17	
8.45 	0.6408650076265104	-2.6758306393595758e-17	-0.011941895225487173	0.33189886478868613	-0.011941895225487227	-0.33189886478868613	0.3591349923734865	2.6758306393595758e-17	
8.475 	0.6239980375816435	-3.474089749673728e-17	-0.012003098096134061	0.3425819387865202	-0.01200309809613409	-0.3425819387865202	0.37600196241835326	3.474089749673728e-17	
8.5 	0.6066269257650746	-3.800068326162154e-17	-0.012063079492910677	0.3520584306094151	-0.012063079492910694	-0.3520584306094151	0.3933730742349222	3.800068326162154e-17	
8.525 	0.588812881990609	-5.293850276971332e-17	-0.012121714926973127	0.36029381756815326	-0.012121714926973153	-0.36029381756815326	0.41118711800938773	5.293850276971332e-17	
8.55 	0.5706187352968485	-3.9471031431986774e-17	-0.012178883008050163	0.3672578745402908	-0.012178883008050262	-0.3672578745402908	0.42938126470314836	3.9471031431986774e-17	
8.575 	0.55210871601171	-4.943205964159347e-17	-0.012234465740849793	0.372924793838826	-0.012234465740849809	-0.372924793838826	0.44789128398828676	4.943205964159347e-17	
8.6 	0.5333482321907855	5.431475508558093e-18	-0.012288348823127397	0.37727329029689183	-0.012288348823127477	-0.37727329029689183	0.4666517678092112	-5.431475508558093e-18	
8.625 	0.5144036411823306	-2.1516117468272864e-18	-0.012340421944062813	0.38028669103230617	-0.012340421944062848	-0.38028669103230617	0.485596358817666	2.1516117468272864e-18	
8.65 	0.4953420170973358	-5.220383113848065e-18	-0.01239057908148338	0.38195300940208865	-0.012390579081483425	-0.38195300940208865	0.504657982902661	5.220383113848065e-18	
8.675 	0.47623091498639597	-4.047407659537834e-18	-0.012438718796385757	0.38226500270706626	-0.012438718796385858	-0.38226500270706626	0.5237690850136009	4.047407659537834e-18	
8.7 	0.4571381325457613	1.1199188764412427e-17	-0.012484744523127507	0.38122021326035177	-0.01248474452312749	-0.38122021326035177	0.5428618674542354	-1.1199188764412427e-17	
8.725 	0.43813147019284426	1.0519681786690675e-17	-0.012528564853595143	0.3788209924906776	-0.012528564853595226	-0.3788209924906776	0.5618685298071527	-1.0519681786690675e-17	
8.75 	0.4192784903664119	3.444777455867611e-17	-0.012570093813604178	0.37507450781212814	-0.012570093813604194	-0.37507450781212814	0.580721509633585	-3.444777455867611e-17	
8.775 	0.40064627691853444	4.1761607059952254e-17	-0.012609251129750736	0.36999273205555877	-0.012609251129750813	-0.36999273205555877	0.5993537230814626	-4.1761607059952254e-17	
8.8 	0.38230119547393765	2.5893518465363746e-17	-0.012645962484918914	0.36359241532365716	-0.012645962484918975	-0.36359241532365716	0.6176988045260596	-2.5893518465363746e-17	
8.825 	0.36430865563759085	6.046215300853416e-18	-0.012680159760640628	0.35589503920094007	-0.012680159760640648	-0.35589503920094007	0.6356913443624066	-6.046215300853416e-18	
8.85 	0.3467328759330125	1.5112918563105434e-17	-0.012711781264528502	0.3469267533216469	-0.012711781264528576	-0.3469267533216469	0.653267124066985	-1.5112918563105434e-17	
8.875 	0.3296366523517922	4.4482527824611787e-17	-0.012740771941030743	0.3367182943721557	-0.012740771941030822	-0.3367182943721557	0.670363347648205	-4.4482527824611787e-17	
8.9 	0.3130811313891237	4.616983454707785e-17	-0.012767083563813305	0.32530488767980664	-0.012767083563813335	-0.32530488767980664	0.6869188686108737	-4.616983454707785e-17	
8.925 	0.2971255884306396	6.092540133939893e-17	-0.012790674908145795	0.31272613161645807	-0.012790674908145819	-0.31272613161645807	0.7028744115693577	-6.092540133939893e-17	
8.95 	0.28182721234249747	7.618882986410004e-17	-0.012811511901756282	0.29902586512226853	-0.012811511901756379	-0.29902586512226853	0.7181727876574998	-7.618882986410004e-17	
8.975 	0.2672408970994547	8.146789744326937e-17	-0.01282956775272739	0.28425201873261474	-0.012829567752727434	-0.28425201873261474	0.7327591029005425	-8.146789744326937e-17	
9.0 	0.2534190412645935	7.784071611635128e-17	-0.012844823053131114	0.26845644956822823	-0.012844823053131123	-0.26845644956822823	0.7465809587354035	-7.784071611635128e-17	
9.025 	0.24041135610944092	9.747090016968059e-17	-0.012857265857238556	0.2516947608250435	-0.012857265857238592	-0.2516947608250435	0.7595886438905562	-9.747090016968059e-17	
9.05 	0.2282646831345136	7.465814745450453e-17	-0.012866891733293709	0.23402610637536694	-0.012866891733293728	-0.23402610637536694	0.7717353168654836	-7.465814745450453e-17	
9.075 	0.21702282171790432	7.294279619676819e-17	-0.012873703788012473	0.21551298116527762	-0.012873703788012517	-0.21551298116527762	0.7829771782820929	-7.294279619676819e-17	
9.1 	0.20672636758348867	1.0068531250984026e-16	-0.012877712663141586	0.19622099816410768	-0.012877712663141602	-0.19622099816410768	0.7932736324165084	-1.0068531250984026e-16	
9.125 	0.19741256274082924	7.89409500524939e-17	-0.012878936503605401	0.17621865268991077	-0.012878936503605526	-0.17621865268991077	0.802587437259168	-7.89409500524939e-17	
9.15 	0.18911515750602373	8.62313405803523e-17	-0.012877400896962316	0.15557707499947868	-0.012877400896962442	-0.15557707499947868	0.8108848424939737	-8.62313405803523e-17	
9.175 	0.1818642851667832	7.189752643497925e-17	-0.012873138784096938	0.134369772092225	-0.012873138784096938	-0.13436977209222498	0.8181357148332146	-8.577531424279371e-17	
9.2 	0.17568634980612782	6.641298432170412e-17	-0.012866190341277277	0.11267235973363016	-0.01286619034127737	-0.11267235973363016	0.8243136501938702	-6.641298432170412e-17	
9.225 	0.17060392774749608	6.553352763001937e-17	-0.012856602833917272	0.09056228575550225	-0.012856602833917222	-0.09056228575550225	0.8293960722525019	-6.553352763001937e-17	
9.25 	0.16663568303001952	7.08083805585739e-17	-0.012844430442585014	0.06811854573662833	-0.012844430442585097	-0.06811854573662833	0.8333643169699783	-7.08083805585739e-17	
9.275 	0.16379629726649164	6.953750194407547e-17	-0.012829734062004996	0.04542139220811002	-0.012829734062005018	-0.04542139220811002	0.8362037027335063	-7.300694889602908e-17	
9.3 	0.1620964141784533	6.85442535264271e-17	-0.012812581073995265	0.022552038562461036	-0.012812581073995272	-0.022552038562461033	0.8379035858215448	-7.027897700240391e-17	
9.325 	0.16154259904312165	6.918415577153297e-17	-0.012793045095471021	-0.00040764112588226027	-0.01279304509547102	0.00040764112588226423	0.8384574009568766	-6.964348279594237e-17	
9.35 	0.16213731322592473	6.871726519918341e-17	-0.01277120570282528	-0.023375415138851673	-0.012771205702825271	0.023375415138851677	0.8378626867740735	-7.045198867516021e-17	
9.375 	0.16387890391049992	7.002316621975436e-17	-0.012747148134159177	-0.046268998766529734	-0.012747148134159116	0.046268998766529734	0.8361210960894985	-7.002316621975436e-17	
9.4 	0.16676160907550103	6.620856163695775e-17	-0.012720962970994816	-0.06900635931831699	-0.012720962970994742	0.06900635931831699	0.8332383909244973	-6.620856163695775e-17	
9.425 	0.17077557770477533	6.981137452824392e-17	-0.012692745801233021	-0.09150602023736422	-0.012692745801232988	0.09150602023736422	0.8292244222952229	-6.981137452824392e-17	
9.45 	0.17590690515475366	6.10873894292457e-17	-0.012662596865242915	-0.11368736306692073	-0.012662596865242893	0.11368736306692073	0.8240930948452445	-6.802628333315293e-17	
9.475 	0.18213768354059418	7.186154259097562e-17	-0.012630620687071168	-0.13547092602874755	-0.012630620687071105	0.13547092602874755	0.8178623164594041	-7.186154259097562e-17	
9.5 	0.18944606694104843	6.88075633562969e-17	-0.012596925692840615	-0.15677869799185276	-0.012596925692840487	0.15677869799185276	0.8105539330589503	-6.88075633562969e-17	
9.525 	0.19780635116152157	7.355721003885145e-17	-0.012561623818472763	-0.17753440663435716	-0.012561623818472659	0.17753440663435716	0.802193648838477	-7.355721003885145e-17	
9.55 	0.2071890677356815	6.412997932922878e-17	-0.012524830108911386	-0.1976637996320673	-0.012524830108911273	0.1976637996320673	0.7928109322643173	-6.412997932922878e-17	
9.575 	0.21756109178854477	5.2832611086099305e-17	-0.012486662311045288	-0.21709491774405326	-0.012486662311045109	0.21709491774405326	0.7824389082114539	-5.2832611086099305e-17	
9.6 	0.22888576332851834	7.986201374399846e-17	-0.012447240462534372	-0.2357583587078791	-0.012447240462534205	0.2357583587078791	0.7711142366714804	-7.986201374399846e-17	
9.625 	0.2411230214826767	5.4161188948410335e-17	-0.012406686478721965	-0.25358753090476094	-0.012406686478721868	0.25358753090476094	0.758876978517322	-5.4161188948410335e-17	
9.65 	0.2542295511388631	5.760274508499991e-17	-0.012365123739784553	-0.270518895807439	-0.012365123739784486	0.270518895807439	0.7457704488611356	-5.760274508499991e-17	
9.675 	0.2681589414102484	5.877435208297897e-17	-0.012322676680210901	-0.28649219828051675	-0.012322676680210736	0.28649219828051675	0.7318410585897503	-5.877435208297897e-17	
9.7 	0.2828618552929759	5.188085808570993e-17	-0.012279470382634317	-0.3014506838639999	-0.012279470382634146	0.3014506838639999	0.7171381447070226	-5.188085808570993e-17	
9.725 	0.29828620984566023	5.3745311534470174e-17	-0.01223563017795349	-0.31534130223528356	-0.012235630177953354	0.31534130223528356	0.7017137901543387	-5.3745311534470174e-17	
9.75 	0.3143773661809422	6.512696434287103e-17	-0.012191281253572548	-0.3281148961124112	-0.012191281253572429	0.3281148961124112	0.6856226338190566	-6.512696434287103e-17	
9.775 	0.3310783285241961	3.1053238080629276e-17	-0.012146548271480906	-0.3397263749315636	-0.012146548271480746	0.3397263749315636	0.6689216714758026	-3.1053238080629276e-17	
9.8 	0.34832995156291896	2.214560813737193e-17	-0.012101554997761407	-0.35013487270394056	-0.012101554997761277	0.35013487270394056	0.6516700484370797	-2.214560813737193e-17	
9.825 	0.3660711552824398	3.0357298392109986e-17	-0.012056423944985633	-0.3593038895309711	-0.012056423944985507	0.3593038895309711	0.6339288447175591	-3.0357298392109986e-17	
9.85 	0.38423914645939317	-7.109491650666422e-18	-0.01201127602880566	-0.36720141633165404	-0.012011276028805496	0.36720141633165404	0.6157608535406057	7.109491650666422e-18	
9.875 	0.402769645963984	-2.115236866753167e-18	-0.011966230239908773	-0.3738000424112972	-0.011966230239908624	0.3738000424112973	0.5972303540360145	-2.5640338748875747e-17	
9.9 	0.4215971210054178	-2.9283236766196767e-18	-0.011921403332343676	-0.37907704557654937	-0.011921403332343513	0.3790770455765494	0.5784028789945808	-5.258282755463815e-17	
9.925 	0.44065502144200386	-3.797369350566427e-18	-0.011876909529073639	-0.38301446457695315	-0.011876909529073458	0.38301446457695315	0.5593449785579947	3.797369350566427e-18	
9.95 	0.45987601926832333	-2.012552368602265e-18	-0.011832860245456557	-0.3855991537278716	-0.011832860245456368	0.3855991537278716	0.5401239807316752	2.012552368602265e-18	
9.975 	0.47919225038643337	-6.629314777260239e-18	-0.011789363831198944	-0.3868228196431806	-0.011789363831198801	0.3868228196431806	0.5208077496135652	6.629314777260239e-18	
10.0 	0.4985355577663119	-7.62137160947419e-18	-0.011746525331175421	-0.3866820400781916	-0.011746525331175301	0.3866820400781916	0.5014644422336867	7.62137160947419e-18	
10.025 	0.5178377351025351	-8.0465295957157e-18	-0.01170444626536393	-0.3851782649535637	-0.011704446265363794	0.3851782649535637	0.4821622648974636	8.0465295957157e-18	
10.05 	0.5370307700794305	-6.578624332434916e-18	-0.011663224428002014	-0.38231779969916485	-0.011663224428001865	0.38231779969916485	0.46296922992056844	6.578624332434916e-18	
10.075 	0.5560470863655554	-8.24624669712367e-18	-0.011622953705936287	-0.37811177112269484	-0.011622953705936226	0.37811177112269484	0.44395291363444345	8.24624669712367e-18	
10.1 	0.5748197834701826	-1.1803935998891641e-17	-0.011583723916013457	-0.3725760760711501	-0.0115837239160133	0.3725760760711501	0.42518021652981636	1.1803935998891641e-17	
10.125 	0.5932828736094021	-1.178308573436578e-17	-0.011545620661237708	-0.3657313132136898	-0.01154562066123758	0.3657313132136898	0.4067171263905967	1.178308573436578e-17	
10.15 	0.61137151474733	-1.0411488615153038e-17	-0.011508725205321839	-0.35760269833199054	-0.0115087252053218	0.35760269833199054	0.3886284852526687	1.0411488615153038e-17	
10.175 	0.6290222389985906	-2.4508724773059495e-18	-0.011473114365151334	-0.3482199635586201	-0.011473114365151202	0.3482199635586201	0.37097776100140833	2.4508724773059495e-18	
10.2 	0.6461731756015587	4.140529476978929e-18	-0.011438860420601165	-0.3376172410552004	-0.011438860420600994	0.3376172410552004	0.35382682439843993	-4.140529476978929e-18	
10.225 	0.6627642676976578	8.214190572847875e-18	-0.0114060310410682	-0.3258329316701156	-0.011406031041068047	0.3258329316701156	0.33723573230234083	-8.214190572847875e-18	
10.25 	0.6787374821801148	-1.1869975637509177e-18	-0.011374689228014838	-0.31290955916017144	-0.01137468922801468	0.31290955916017144	0.32126251781988396	1.1869975637509177e-18	
10.275 	0.6940370119058531	-3.0625421827059113e-17	-0.011344893272768618	-0.29889361060193476	-0.011344893272768445	0.29889361060193476	0.3059629880941457	3.0625421827059113e-17	
10.3 	0.7086094695964468	-2.832710504222669e-17	-0.011316696728779586	-0.2838353636564539	-0.011316696728779524	0.2838353636564539	0.2913905304035519	2.832710504222669e-17	
10.325 	0.7224040727881264	-3.648416995072563e-17	-0.011290148397504536	-0.26778870138571637	-0.01129014839750442	0.26778870138571637	0.2775959272118722	3.648416995072563e-17	
10.35 	0.7353728192265419	-3.3236076755088104e-17	-0.011265292327065198	-0.25081091535057015	-0.01126529232706509	0.25081091535057015	0.26462718077345654	3.3236076755088104e-17	
10.375 	0.7474706521391943	-1.3006378837383996e-17	-0.011242167822819024	-0.2329624977479827	-0.011242167822818887	0.2329624977479827	0.2525293478608039	1.3006378837383996e-17	
10.4 	0.7586556148569744	-1.3293095104818068e-17	-0.011220809468974425	-0.21430692337049798	-0.011220809468974286	0.21430692337049798	0.24134438514302395	1.3293095104818068e-17	
10.425 	0.7688889942959535	-3.867358683472444e-17	-0.011201247160392423	-0.1949104221926674	-0.011201247160392393	0.19491042219266744	0.23111100570404491	2.479579902690998e-17	
10.45 	0.7781354528512953	-3.563402825058452e-17	-0.011183506143729814	-0.17484174340815817	-0.011183506143729767	0.17484174340815817	0.22186454714870305	3.563402825058452e-17	
10.475 	0.7863631482967557	-4.551790435152127e-17	-0.011167607067099804	-0.1541719117572841	-0.011167607067099726	0.1541719117572841	0.2136368517032422	4.551790435152127e-17	
10.5 	0.7935438413255669	-5.510032488265014e-17	-0.011153566037458634	-0.13297397699796182	-0.011153566037458608	0.13297397699796182	0.2064561586744312	5.510032488265014e-17	
10.525 	0.7996529904114245	-4.92059729001808e-17	-0.011141394684954915	-0.11132275738367582	-0.011141394684954854	0.11132275738367582	0.20034700958857388	4.92059729001808e-17	
10.55 	0.8046698337116968	-5.721345977098322e-17	-0.011131100233524928	-0.08929457802004673	-0.011131100233524928	0.08929457802004673	0.1953301662883016	5.721345977098322e-17	
10.575 	0.8085774577786913	-5.797792199309648e-17	-0.01112268557705714	-0.0669670049771462	-0.011122685577057069	0.06696700497714621	0.19142254222130733	5.103902808918925e-17	
10.6 	0.8113628528887668	-5.419816159749225e-17	-0.011116149360495294	-0.04441857603789525	-0.01111614936049533	0.04441857603789525	0.18863714711123175	5.419816159749225e-17	
10.625 	0.81301695484313	-5.54155673404999e-17	-0.011111486065307815	-0.02172852896382568	-0.01111148606530783	0.021728528963825686	0.18698304515686856	5.4399389855239684e-17	
10.65 	0.813534673138192	-5.552763072688728e-17	-0.0111086860987913	0.0010234718417275349	-0.01110868609879136	-0.0010234718417275312	0.1864653268618062	5.515426935751653e-17	
10.675 	0.8129149054472994	-5.3575599878451076e-17	-0.011107735886743235	0.023757609396203076	-0.011107735886743275	-0.023757609396203073	0.18708509455269912	5.184087640247427e-17	
10.7 	0.8111605383993585	-5.378650723344317e-17	-0.011108617969083346	0.04639418805459718	-0.011108617969083405	-0.04639418805459718	0.18883946160063989	5.378650723344317e-17	
10.725 	0.8082784346832985	-4.7325454632087164e-17	-0.011111311098064998	0.06885390641601713	-0.011111311098065048	-0.06885390641601713	0.19172156531669993	4.7325454632087164e-17	
10.75 	0.804279406550299	-5.0049405009046746e-17	-0.011115790338767039	0.09105812836450185	-0.011115790338767154	-0.09105812836450185	0.19572059344969941	5.0049405009046746e-17	
10.775 	0.7991781758282506	-3.702265431183879e-17	-0.011122027171613785	0.11292915139928544	-0.011122027171613978	-0.11292915139928544	0.20082182417174776	3.702265431183879e-17	
10.8 	0.7929933206048346	-2.7998463417936833e-17	-0.011129989596720543	0.1343904714220383	-0.01112998959672073	-0.1343904714220383	0.20700667939516373	2.7998463417936833e-17	
10.825 	0.7857472087768994	-2.6743945939960823e-17	-0.01113964223991103	0.15536704316260866	-0.011139642239911228	-0.15536704316260866	0.2142527912230991	2.6743945939960823e-17	
10.85 	0.777465918704349	-3.374806964311848e-17	-0.011150946460303053	0.17578553544035544	-0.011150946460303233	-0.17578553544035544	0.22253408129564975	3.374806964311848e-17	
10.875 	0.7681791472464836	-1.7639373817693908e-17	-0.011163860459398812	0.19557458047527612	-0.011163860459399017	-0.19557458047527612	0.231820852753515	1.7639373817693908e-17	
10.9 	0.7579201054975635	2.208219610796926e-17	-0.011178339391662115	0.2146650164817552	-0.011178339391662318	-0.2146650164817552	0.2420798945024352	-2.208219610796926e-17	
10.925 	0.7467254025762257	1.5220735035887175e-17	-0.011194335476595476	0.23299012279786738	-0.011194335476595643	-0.23299012279786738	0.25327459742377284	-1.5220735035887175e-17	
10.95 	0.7346349178602096	7.637134908857215e-18	-0.011211798112371961	0.25048584682474345	-0.011211798112372252	-0.25048584682474345	0.2653650821397888	-3.539271052448613e-17	
10.975 	0.7216916620935463	6.077559664749864e-17	-0.011230673991098705	0.2670910220735343	-0.011230673991098917	-0.2670910220735343	0.27830833790645204	-6.077559664749864e-17	
11.0 	0.7079416278278885	7.822663633991914e-17	-0.011250907215817564	0.28274757664197775	-0.011250907215817776	-0.28274757664197775	0.29205837217211	-7.822663633991914e-17	
11.025 	0.6934336296929113	7.873060041698988e-17	-0.011272439419369888	0.2974007314684837	-0.011272439419370112	-0.2974007314684837	0.3065663703070872	-7.873060041698988e-17	
11.05 	0.6782191350226471	9.217123266786517e-17	-0.011295209885267048	0.3109991877390012	-0.011295209885267218	-0.3109991877390012	0.3217808649773514	-9.217123266786517e-17	
11.075 	0.6623520853951336	8.228906220174906e-17	-0.011319155670719144	0.32349530285071715	-0.011319155670719316	-0.32349530285071715	0.3376479146048649	-8.228906220174906e-17	
11.1 	0.6458887096718076	9.958805612258952e-17	-0.011344211731985753	0.33484525436687124	-0.01134421173198583	-0.33484525436687124	0.35411129032819083	-9.958805612258952e-17	
11.125 	0.6288873291505728	1.0785219533224202e-16	-0.011370311052209021	0.34500919142864434	-0.011370311052209066	-0.34500919142864434	0.3711126708494255	-1.0785219533224202e-16	
11.15 	0.6114081554723544	1.042571620038119e-16	-0.011397384771892697	0.35395137312321506	-0.01139738477189265	-0.35395137312321506	0.3885918445276439	-1.042571620038119e-16	
11.175 	0.5935130819451341	1.160917208221136e-16	-0.011425362322178558	0.36164029334165637	-0.011425362322178586	-0.36164029334165637	0.406486918054864	-1.160917208221136e-16	
11.2 	0.5752654689718875	1.2171446754044548e-16	-0.011454171561067556	0.36804879169638804	-0.011454171561067558	-0.36804879169638804	0.4247345310281108	-1.2171446754044548e-16	
11.225 	0.5567299242894205	1.1049446315030225e-16	-0.011483738912708315	0.37315415010539027	-0.011483738912708324	-0.37315415010539027	0.44327007571057775	-1.1049446315030225e-16	
11.25 	0.5379720787437842	1.0520144463956822e-16	-0.011513989509865027	0.3769381746893184	-0.011513989509864979	-0.3769381746893184	0.4620279212562141	-1.0520144463956822e-16	
11.275 	0.5190583583446263	8.615454856061446e-17	-0.011544847339646443	0.3793872626680305	-0.01154484733964639	-0.3793872626680305	0.48094164165537223	-8.615454856061446e-17	
11.3 	0.500055753355481	1.2313634838431685e-16	-0.011576235392554136	0.3804924539848149	-0.011576235392554084	-0.3804924539848149	0.4999442466445177	-1.2313634838431685e-16	
11.325 	0.4810315851895083	8.830537117974848e-17	-0.011608075814874315	0.3802494674297776	-0.011608075814874282	-0.3802494674297776	0.5189684148104905	-8.830537117974848e-17	
11.35 	0.46205327189051293	8.59325287199222e-17	-0.011640290064406447	0.37865872107835963	-0.011640290064406325	-0.37865872107835963	0.5379467281094857	-8.59325287199222e-17	
11.375 	0.4431880929871361	8.455219082721541e-17	-0.011672799069481746	0.3757253369067791	-0.01167279906948157	-0.3757253369067791	0.5568119070128624	-8.455219082721541e-17	
11.4 	0.42450295451385	8.794607892192907e-17	-0.011705523391187047	0.3714591294932572	-0.011705523391186856	-0.3714591294932572	0.5754970454861486	-8.794607892192907e-17	
11.425 	0.4060641549957417	8.946950828048122e-17	-0.011738383388667539	0.36587457876213436	-0.011738383388667424	-0.36587457876213436	0.5939358450042569	-8.946950828048122e-17	
11.45 	0.38793715319498995	3.290585349095253e-17	-0.01177129938733645	0.35899078677732915	-0.01177129938733633	-0.35899078677732915	0.6120628468050087	-3.290585349095253e-17	
11.475 	0.37018633841535664	1.8326994575145283e-17	-0.011804191849777664	0.3508314186419363	-0.011804191849777473	-0.3508314186419363	0.629813661584642	-1.8326994575145283e-17	
11.5 	0.35287480415690353	1.3751888044007485e-18	-0.011836981549078253	0.34142462761200787	-0.011836981549078068	-0.34142462761200787	0.6471251958430952	-1.3751888044007485e-18	
11.525 	0.33606412590643847	-3.029374423674797e-17	-0.011869589744284557	0.3308029645845755	-0.011869589744284391	-0.3308029645845755	0.6639358740935603	3.029374423674797e-17	
11.55 	0.31981414383988477	-2.7525118211938504e-17	-0.011901938357626457	0.31900327217262087	-0.011901938357626332	-0.31900327217262087	0.680185856160114	2.7525118211938504e-17	
11.575 	0.30418275120080057	-2.47531153244233e-17	-0.01193395015311026	0.30606656363283674	-0.01193395015311014	-0.30606656363283674	0.6958172487991983	2.47531153244233e-17	
11.6 	0.2892256891046495	-2.5664782161506462e-17	-0.011965548916035162	0.2920378869654654	-0.011965548916035004	-0.2920378869654654	0.7107743108953495	2.5664782161506462e-17	
11.625 	0.27499634850112264	-2.4293700653366312e-17	-0.011996659632945876	0.27696617455907707	-0.011996659632945729	-0.27696617455907707	0.7250036514988762	2.4293700653366312e-17	
11.65 	0.26154558000682515	-2.0991270163621328e-17	-0.012027208671491261	0.2609040788066635	-0.012027208671491024	-0.2609040788066635	0.7384544199931738	2.0991270163621328e-17	
11.675 	0.24892151229799434	-1.681017563400979e-17	-0.012057123959620636	0.2439077941726489	-0.012057123959620478	-0.2439077941726489	0.7510784877020046	1.681017563400979e-17	
11.7 	0.23716937972761365	-4.42933202900952e-17	-0.012086335163515797	0.22603686624314945	-0.012086335163515661	-0.22603686624314945	0.7628306202723855	4.42933202900952e-17	
11.725 	0.22633135980336475	-3.56007952692256e-17	-0.012114773863621338	0.2073539883437916	-0.012114773863621128	-0.2073539883437916	0.7736686401966345	3.56007952692256e-17	
11.75 	0.21644642113237095	-3.996699697791287e-17	-0.01214237372811015	0.18792478636039692	-0.012142373728109983	-0.18792478636039692	0.7835535788676282	3.996699697791287e-17	
11.775 	0.20755018240566306	-4.458452190452326e-17	-0.012169070683096956	0.16781759244757508	-0.012169070683096805	-0.16781759244757508	0.7924498175943361	4.458452190452326e-17	
11.8 	0.19967478295984026	-3.9521966006244645e-17	-0.012194803078892365	0.147103208358497	-0.012194803078892143	-0.147103208358497	0.8003252170401588	3.9521966006244645e-17	
11.825 	0.19284876541556376	-4.2366418323954334e-17	-0.012219511851579372	0.12585465917554495	-0.012219511851579216	-0.12585465917554495	0.8071512345844353	4.2366418323954334e-17	
11.85 	0.18709697085241633	-4.0104226891414153e-17	-0.012243140679182092	0.10414693826590493	-0.01224314067918191	-0.10414693826590493	0.8129030291475831	4.0104226891414153e-17	
11.875 	0.1824404469373996	-3.9905540002373374e-17	-0.012265636131697679	0.08205674432817557	-0.01226563613169756	-0.08205674432817557	0.8175595530625999	3.9905540002373374e-17	
11.9 	0.17889636938004203	-4.826939430220286e-17	-0.012286947814265188	0.05966221143545565	-0.012286947814265002	-0.05966221143545565	0.8211036306199573	4.4799947350249245e-17	
11.925 	0.17647797704088633	-4.7656716886235906e-17	-0.012307028502752804	0.0370426330168492	-0.01230702850275265	-0.0370426330168492	0.823522022959113	4.7656716886235906e-17	
11.95 	0.17519452097218965	-5.133611624327285e-17	-0.012325834271063396	0.014278180752631155	-0.012325834271063207	-0.01427818075263115	0.8248054790278099	5.118730049600103e-17	
11.975 	0.17505122762014136	-5.3914570065201363e-17	-0.012343324609481373	-0.008550380611822018	-0.012343324609481243	0.008550380611822022	0.824948772379858	5.3406481322571253e-17	
