0.0 	0.9999999999999997	0.0	-6.223285321735373e-19	0.0	-3.251767952832689e-17	0.0	5.9779208748350985e-34	0.0	
0.025 	0.9993755425958021	3.9566062517241493e-19	-1.2078141913778252e-05	0.024958676562104414	-1.2078141913836951e-05	-0.024958676562104414	0.0006244574041975126	-3.9566062517241493e-19	
0.05 	0.9975075275338616	2.7311437925104453e-19	-9.126361417669871e-05	0.04971559925996234	-9.126361417667941e-05	-0.04971559925996234	0.002492472466138171	-2.7311437925104453e-19	
0.075 	0.9944096796555666	2.7350379088655555e-18	-0.00029030631060215456	0.07413163074493344	-0.0002903063106021597	-0.07413163074493344	0.005590320344433111	-2.7350379088655555e-18	
0.1 	0.9901019037467428	-1.4599514871736252e-18	-0.00064318314536463	0.09809586692633811	-0.0006431831453646634	-0.09809586692633811	0.00989809625325675	1.4599514871736252e-18	
0.125 	0.98460919863579	1.9931546615523696e-18	-0.0011792936382527335	0.12151434194038466	-0.0011792936382526782	-0.12151434194038466	0.01539080136420961	-1.9931546615523696e-18	
0.15 	0.9779609295190559	4.244439568519824e-18	-0.0019115889290788604	0.14430573326922755	-0.0019115889290789105	-0.14430573326922755	0.022039070480943845	-4.244439568519824e-18	
0.175 	0.9701902829269674	-1.6924801980844337e-18	-0.0028455662815921054	0.16639822463506154	-0.0028455662815920863	-0.16639822463506154	0.029809717073032097	1.6924801980844337e-18	
0.2 	0.9613338282913637	5.810876087619076e-18	-0.003984424701265118	0.18772809323007084	-0.00398442470126513	-0.18772809323007084	0.0386661717086359	-5.810876087619076e-18	
0.225 	0.9514311569750684	-3.844908400799635e-18	-0.005322764204990595	0.20823804862011921	-0.005322764204990591	-0.20823804862011921	0.04856884302493112	3.844908400799635e-18	
0.25 	0.9405245620801657	-1.078466354909246e-18	-0.0068656494624967585	0.2278765444324417	-0.006865649462496775	-0.2278765444324417	0.05947543791983373	1.078466354909246e-18	
0.275 	0.9286587645745686	6.44996003280613e-18	-0.00859109086381689	0.24659834098194747	-0.008591090863816889	-0.24659834098194747	0.07134123542543075	-6.44996003280613e-18	
0.3 	0.9158806608196877	6.34157502412137e-17	-0.010480105077229617	0.26436277556188026	-0.010480105077229579	-0.26436277556188026	0.08411933918031185	-6.34157502412137e-17	
0.325 	0.9022390807387604	6.612883641372609e-17	-0.01252706010449117	0.2811327448971449	-0.012527060104491124	-0.2811327448971449	0.09776091926123931	-6.612883641372609e-17	
0.35 	0.8877845418541862	6.188154474074444e-17	-0.014736093665757717	0.2968748955313442	-0.01473609366575767	-0.2968748955313442	0.11221545814581337	-6.188154474074444e-17	
0.375 	0.8725690811089736	5.5348809307188476e-17	-0.017073811843938993	0.31156467643889274	-0.017073811843938972	-0.31156467643889274	0.12743091889102603	-5.5348809307188476e-17	
0.4 	0.8566460620236588	5.0145698911220967e-17	-0.019500121113278077	0.32517601427080095	-0.01950012111327803	-0.32517601427080095	0.143353937976341	-5.0145698911220967e-17	
0.425 	0.8400698452633046	4.3928998160283654e-17	-0.02206965827807535	0.3376872276551215	-0.02206965827807535	-0.3376872276551215	0.15993015473669495	-4.3928998160283654e-17	
0.45 	0.8228958162173873	5.709069473862663e-17	-0.024698802383610174	0.34908739459893223	-0.024698802383610153	-0.34908739459893223	0.17710418378261225	-5.709069473862663e-17	
0.475 	0.8051800236733044	3.988056638083679e-17	-0.027405946401879055	0.3593558765713434	-0.027405946401879027	-0.3593558765713434	0.19481997632669515	-3.988056638083679e-17	
0.5 	0.7869789853678498	5.860599784426675e-18	-0.030219561994880045	0.36849269814864455	-0.030219561994880014	-0.36849269814864455	0.21302101463214967	-5.860599784426675e-18	
0.525 	0.7683497884948013	4.120710557687888e-17	-0.033041396857015924	0.3764859835319375	-0.03304139685701578	-0.3764859835319375	0.23165021150519827	-4.120710557687888e-17	
0.55 	0.7493494291556401	2.6208556814924913e-17	-0.035958906594874274	0.3833356073547677	-0.03595890659487419	-0.3833356073547677	0.25065057084435954	-2.6208556814924913e-17	
0.575 	0.7300352750143458	4.3607013050866725e-17	-0.03883404972264938	0.3890436462751524	-0.03883404972264928	-0.3890436462751524	0.2699647249856538	-4.3607013050866725e-17	
0.6 	0.7104641203404942	4.527940021546353e-18	-0.04182081881871844	0.3936098792067916	-0.04182081881871839	-0.3936098792067916	0.28953587965950567	-4.527940021546353e-18	
0.625 	0.6906929352010076	3.4163931483241645e-17	-0.04476615593523749	0.3970513288370374	-0.04476615593523743	-0.3970513288370374	0.3093070647989922	-3.4163931483241645e-17	
0.65 	0.6707778207811652	4.2010633841128226e-17	-0.04775424028101	0.3993677991118691	-0.04775424028100992	-0.3993677991118691	0.3292221792188346	-4.2010633841128226e-17	
0.675 	0.6507746761631334	4.096143192208742e-17	-0.05068236576858796	0.40058004134255226	-0.050682365768587874	-0.40058004134255226	0.3492253238368663	-4.096143192208742e-17	
0.7 	0.6307381385923198	3.940823680757239e-17	-0.053704477221547454	0.40069901008850844	-0.05370447722154737	-0.40069901008850844	0.36926186140767997	-3.940823680757239e-17	
0.725 	0.6107226404146414	4.7350117558015887e-17	-0.056617226008741375	0.39974879221766213	-0.056617226008741355	-0.39974879221766213	0.38927735958535825	-4.7350117558015887e-17	
0.75 	0.5907808499777296	9.16670490994651e-19	-0.059603714276176493	0.3977463448883744	-0.05960371427617646	-0.3977463448883744	0.40921915002227016	-9.16670490994651e-19	
0.775 	0.5709650104833767	-4.4331147065798694e-18	-0.06250759391852428	0.3947191287836599	-0.06250759391852422	-0.3947191287836599	0.4290349895166231	4.4331147065798694e-18	
0.8 	0.5513254628993609	-1.1724969609318967e-17	-0.06544170859863514	0.390698044500372	-0.0654417085986351	-0.390698044500372	0.4486745371006387	1.1724969609318967e-17	
0.825 	0.5319117440676953	8.906899736755091e-18	-0.06829283574232534	0.38569302177106546	-0.06829283574232528	-0.38569302177106546	0.4680882559323046	-8.906899736755091e-18	
0.85 	0.5127713399086119	8.813341457653463e-18	-0.0711730265128964	0.37976299678255754	-0.0711730265128963	-0.37976299678255754	0.4872286600913877	-8.813341457653463e-18	
0.875 	0.4939506197443388	1.1126627625487591e-17	-0.07399152473631483	0.37291603130475703	-0.07399152473631489	-0.37291603130475703	0.5060493802556608	-1.1126627625487591e-17	
0.9 	0.47549404067520323	-9.921775739166881e-18	-0.07675713079780895	0.3652057512706553	-0.07675713079780884	-0.3652057512706553	0.5245059593247965	9.921775739166881e-18	
0.925 	0.4574441316607526	7.691832235645091e-18	-0.07953914886131522	0.35665420418999	-0.07953914886131512	-0.35665420418999	0.5425558683392474	-7.691832235645091e-18	
0.95 	0.4398420337981456	-1.1908781177996736e-17	-0.08220654242781682	0.34730277298090634	-0.08220654242781678	-0.34730277298090634	0.5601579662018541	1.1908781177996736e-17	
0.975 	0.42272622504062674	5.30809444735567e-18	-0.08494573662869656	0.3372036970434589	-0.08494573662869652	-0.3372036970434589	0.5772737749593732	-5.30809444735567e-18	
1.0 	0.4061339848649574	5.944492128479124e-18	-0.08755529328499292	0.3263739600058923	-0.08755529328499288	-0.3263739600058923	0.5938660151350426	-5.944492128479124e-18	
1.025 	0.3900998693970131	-2.9556288920306105e-17	-0.09016099670749668	0.31488027244514094	-0.09016099670749665	-0.31488027244514094	0.609900130602987	2.9556288920306105e-17	
1.05 	0.37465655062226166	-2.8270526449520234e-17	-0.09274925631502062	0.30275033179519206	-0.09274925631502058	-0.30275033179519206	0.6253434493777384	2.8270526449520234e-17	
1.075 	0.3598347172407891	-3.360553722997138e-17	-0.09523648086935123	0.2900309863196374	-0.09523648086935123	-0.2900309863196374	0.6401652827592109	3.360553722997138e-17	
1.1 	0.3456623543625339	-2.207258048572176e-17	-0.09775130182898394	0.27677460788836494	-0.09775130182898394	-0.27677460788836494	0.6543376456374661	2.207258048572176e-17	
1.125 	0.332165625110405	-2.2954825685413756e-17	-0.10021372042098242	0.26301372567757003	-0.10021372042098241	-0.26301372567757003	0.6678343748895951	2.2954825685413756e-17	
1.15 	0.3193683324924378	-4.0823842246487433e-17	-0.10256141692622159	0.24881014072022403	-0.10256141692622152	-0.24881014072022403	0.680631667507562	4.0823842246487433e-17	
1.175 	0.3072915914319054	-6.000074870904736e-17	-0.10497167401149543	0.23419497242864365	-0.10497167401149529	-0.23419497242864365	0.6927084085680942	6.000074870904736e-17	
1.2 	0.29595477253173946	-3.755112045644886e-17	-0.10726961080537613	0.21922294596177203	-0.10726961080537614	-0.21922294596177203	0.7040452274682605	3.755112045644886e-17	
1.225 	0.2853744653044032	-5.618794733499458e-17	-0.10953867408291322	0.20394177459957252	-0.10953867408291316	-0.20394177459957252	0.7146255346955965	5.618794733499458e-17	
1.25 	0.27556503841219415	-5.221098747570721e-17	-0.11181720557813303	0.18839425528646844	-0.11181720557813303	-0.18839425528646844	0.7244349615878055	5.221098747570721e-17	
1.275 	0.2665387142392714	-5.876518632129961e-17	-0.11397597040844937	0.1726275395917066	-0.11397597040844933	-0.1726275395917066	0.7334612857607283	5.876518632129961e-17	
1.3 	0.25830508523784174	-5.401807220487297e-17	-0.1161496260154276	0.15669193546376559	-0.11614962601542758	-0.15669193546376559	0.7416949147621581	5.401807220487297e-17	
1.325 	0.25087166078103873	-5.2346877414722686e-17	-0.11828615578436004	0.14062748191891303	-0.11828615578436007	-0.14062748191891303	0.749128339218961	5.2346877414722686e-17	
1.35 	0.24424361395892977	-5.050133530961221e-17	-0.12034237559547041	0.12448488403634557	-0.12034237559547041	-0.12448488403634557	0.7557563860410701	5.050133530961221e-17	
1.375 	0.23842379053874482	-4.665319324370709e-17	-0.12241706906834805	0.10830543118799643	-0.12241706906834804	-0.10830543118799643	0.7615762094612551	4.665319324370709e-17	
1.4 	0.23341291899005248	-6.140651205498484e-17	-0.12442973892139256	0.09213435739332494	-0.12442973892139253	-0.09213435739332494	0.7665870810099477	6.140651205498484e-17	
1.425 	0.22920946007663662	-5.520001229030741e-17	-0.12637293253170206	0.0760163830649737	-0.1263729325317021	-0.0760163830649737	0.7707905399233634	5.520001229030741e-17	
1.45 	0.22580977327003057	-5.273726718244411e-17	-0.1283365563579099	0.059989834450211346	-0.12833655635790986	-0.059989834450211346	0.7741902267299695	5.273726718244411e-17	
1.475 	0.22320818259347935	-5.65924529823706e-17	-0.13023519314337106	0.04410025334514984	-0.130235193143371	-0.04410025334514984	0.7767918174065206	5.65924529823706e-17	
1.5 	0.2213967914329764	-5.396279856911726e-17	-0.13208428205213188	0.02838676193702853	-0.13208428205213188	-0.02838676193702853	0.7786032085670238	5.396279856911726e-17	
1.525 	0.22036597345088052	-5.528238762283997e-17	-0.1339327089012127	0.012884751251979338	-0.13393270890121273	-0.012884751251979338	0.7796340265491198	5.528238762283997e-17	
1.55 	0.22010406081453854	-5.54719212068478e-17	-0.13572125566280352	-0.002362870566274125	-0.1357212556628035	0.002362870566274125	0.7798959391854619	5.54719212068478e-17	
1.575 	0.2205974413617736	-5.582276013914503e-17	-0.13747769657399536	-0.01732161234008797	-0.13747769657399536	0.01732161234008797	0.7794025586382268	5.582276013914503e-17	
1.6 	0.22183090166257066	-5.5172577035057625e-17	-0.1392179243813574	-0.0319598371794752	-0.13921792438135733	0.0319598371794752	0.7781690983374298	5.5172577035057625e-17	
1.625 	0.223787523803516	-5.2241086026930025e-17	-0.1409181765138491	-0.046242552396304294	-0.14091817651384914	0.046242552396304294	0.7762124761964847	5.2241086026930025e-17	
1.65 	0.2264485454772365	-5.915040298846261e-17	-0.14256269668793967	-0.06013120917944048	-0.14256269668793964	0.06013120917944048	0.773551454522764	5.915040298846261e-17	
1.675 	0.22979381869514065	-4.983526692526889e-17	-0.14423515632798695	-0.07360894903141359	-0.14423515632798706	0.07360894903141359	0.7702061813048598	4.983526692526889e-17	
1.7 	0.23380190848758456	-4.798880843519134e-17	-0.14580498233037723	-0.08663622848657822	-0.14580498233037725	0.08663622848657822	0.7661980915124161	4.798880843519134e-17	
1.725 	0.2384495954191326	-5.159487566775019e-17	-0.14738173593160395	-0.09919013329487843	-0.14738173593160397	0.09919013329487843	0.7615504045808681	5.159487566775019e-17	
1.75 	0.24371260188423566	-4.8983002791604034e-17	-0.14895575657613264	-0.11124648982298256	-0.1489557565761327	0.11124648982298256	0.7562873981157652	4.8983002791604034e-17	
1.775 	0.24956556163699395	-4.00473468560412e-17	-0.15046303295799024	-0.12278258779488355	-0.1504630329579903	0.12278258779488355	0.7504344383630068	4.00473468560412e-17	
1.8 	0.25598181890603877	-3.9848854897796074e-17	-0.151926954110917	-0.13377465334382163	-0.1519269541109171	0.13377465334382163	0.744018181093962	3.9848854897796074e-17	
1.825 	0.26293363304386097	-4.641758975138608e-17	-0.15340984612662426	-0.14420304565820075	-0.15340984612662428	0.14420304565820075	0.7370663669561399	4.641758975138608e-17	
1.85 	0.27039252879749365	-3.830246010001868e-17	-0.15486231153001662	-0.15405507533109097	-0.15486231153001673	0.15405507533109097	0.7296074712025071	3.830246010001868e-17	
1.875 	0.2783292141293593	-4.366535438208226e-17	-0.15620180107449022	-0.16331093201285957	-0.15620180107449036	0.16331093201285957	0.7216707858706416	4.366535438208226e-17	
1.9 	0.28671340450719274	-4.3586039531470506e-17	-0.15763045420825636	-0.1719543734864943	-0.15763045420825647	0.1719543734864943	0.713286595492808	4.3586039531470506e-17	
1.925 	0.29551435655532277	-2.513416470685256e-17	-0.15899139154426048	-0.17997955497146753	-0.15899139154426056	0.17997955497146753	0.704485643444678	2.513416470685256e-17	
1.95 	0.3047008293156891	-2.3862609452676748e-17	-0.1602873143896682	-0.1873732571643429	-0.16028731438966828	0.1873732571643429	0.6952991706843118	2.3862609452676748e-17	
1.975 	0.3142410203904419	-4.1152526840198404e-17	-0.16157255514273358	-0.19412730150109708	-0.16157255514273364	0.19412730150109708	0.6857589796095589	4.1152526840198404e-17	
2.0 	0.32410276527181997	-3.232024075697689e-17	-0.16290100243346717	-0.20023414910519677	-0.16290100243346733	0.20023414910519677	0.6758972347281809	3.232024075697689e-17	
2.025 	0.3342536159886115	-1.2776700287741389e-17	-0.16416779644110915	-0.20569148971933035	-0.1641677964411092	0.20569148971933035	0.6657463840113891	1.2776700287741389e-17	
2.05 	0.3446610786958517	-2.6286229188850217e-17	-0.16533338901391237	-0.21049814723737212	-0.1653333890139125	0.21049814723737212	0.6553389213041491	2.6286229188850217e-17	
2.075 	0.355292508211663	-2.312199631219121e-17	-0.1665426989192619	-0.21464996756172136	-0.16654269891926207	0.21464996756172136	0.6447074917883377	2.312199631219121e-17	
2.1 	0.36611514031882575	-2.304961016261073e-17	-0.16782928625196825	-0.21814598182759312	-0.1678292862519684	0.21814598182759312	0.633884859681175	2.304961016261073e-17	
2.125 	0.3770963600110564	-1.7399396865322656e-17	-0.1688829008588583	-0.2209961545592251	-0.16888290085885843	0.2209961545592251	0.6229036399889445	1.7399396865322656e-17	
2.15 	0.38820396198650653	-1.872701987792389e-17	-0.1700275229774023	-0.22320079794427372	-0.1700275229774024	0.22320079794427372	0.6117960380134944	1.872701987792389e-17	
2.175 	0.39940572829951615	-1.393601704260998e-17	-0.17120950035564755	-0.2247636004284795	-0.1712095003556477	0.2247636004284795	0.6005942717004848	1.393601704260998e-17	
2.2 	0.4106697567321484	-1.58984564607438e-17	-0.17228511525829673	-0.22569444927582555	-0.17228511525829682	0.22569444927582555	0.5893302432678525	1.58984564607438e-17	
2.225 	0.42196472779710403	-1.9806461222627628e-17	-0.1733634686902781	-0.2260014575331386	-0.17336346869027824	0.2260014575331386	0.578035272202897	1.9806461222627628e-17	
2.25 	0.43325983784210237	-2.381027922266647e-17	-0.17435516027416356	-0.22570219395766844	-0.17435516027416367	0.22570219395766844	0.5667401621578985	2.381027922266647e-17	
2.275 	0.44452486653656437	-1.5318975063176488e-17	-0.1755288095303015	-0.2247974772311496	-0.1755288095303016	0.2247974772311496	0.5554751334634366	1.5318975063176488e-17	
2.3 	0.45572980919592604	-1.8498156755241896e-17	-0.17649515013548348	-0.22330487800964963	-0.1764951501354836	0.22330487800964963	0.544270190804075	1.8498156755241896e-17	
2.325 	0.4668459152500093	-1.664162066439638e-17	-0.17742648471619651	-0.22124591552964568	-0.17742648471619663	0.22124591552964568	0.5331540847499918	1.664162066439638e-17	
2.35 	0.4778451547834159	-1.300319713251995e-17	-0.17844651217756174	-0.21863146264268662	-0.17844651217756186	0.21863146264268662	0.5221548452165854	1.300319713251995e-17	
2.375 	0.48870003183907135	-2.7813292349256423e-18	-0.17948659965428243	-0.2154740071107937	-0.1794865996542825	0.2154740071107937	0.51129996816093	2.7813292349256423e-18	
2.4 	0.49938392080678046	-2.5485487096020332e-17	-0.18035312667441722	-0.21179829935359276	-0.18035312667441733	0.21179829935359276	0.500616079193221	2.5485487096020332e-17	
2.425 	0.5098715492258268	-3.2773694111666533e-18	-0.18127387759401334	-0.2076248788283118	-0.18127387759401342	0.2076248788283118	0.4901284507741746	3.2773694111666533e-18	
2.45 	0.5201383855178002	-1.6558702148639236e-17	-0.18216449161910384	-0.2029710318510682	-0.18216449161910392	0.2029710318510682	0.47986161448220105	1.6558702148639236e-17	
2.475 	0.5301609894752864	-2.0440656487495313e-17	-0.18313973226256294	-0.19785741995542175	-0.18313973226256305	0.19785741995542175	0.4698390105247147	2.0440656487495313e-17	
2.5 	0.5399167798633475	-2.0531084821891662e-18	-0.183995526899541	-0.19230334243248118	-0.1839955268995411	0.19230334243248118	0.4600832201366537	2.0531084821891662e-18	
2.525 	0.5493846223313138	-1.991265677431729e-17	-0.1847771740491969	-0.18634355120838011	-0.18477717404919705	0.18634355120838011	0.4506153776686876	1.991265677431729e-17	
2.55 	0.5585446229055119	-1.7529255972310062e-17	-0.18566901003606304	-0.17999333870438008	-0.18566901003606312	0.17999333870438008	0.4414553770944895	1.7529255972310062e-17	
2.575 	0.5673777104442895	-1.2347730616985828e-17	-0.18656659835542713	-0.17327063840853907	-0.18656659835542722	0.17327063840853907	0.43262228955571147	1.2347730616985828e-17	
2.6 	0.5758661498957032	-1.438133131990173e-17	-0.18732550658092123	-0.16621280168205815	-0.18732550658092134	0.16621280168205815	0.4241338501042979	1.438133131990173e-17	
2.625 	0.5839936853982463	-1.0362264008180261e-17	-0.18810373132065125	-0.15883854053817636	-0.1881037313206513	0.15883854053817636	0.41600631460175486	1.0362264008180261e-17	
2.65 	0.5917451913911876	-1.8396483022087523e-17	-0.18891863958563332	-0.15117539913641662	-0.18891863958563337	0.15117539913641662	0.40825480860881347	1.8396483022087523e-17	
2.675 	0.5991067563142219	-1.167759120306806e-17	-0.18971573684448625	-0.1432456831215427	-0.1897157368444864	0.1432456831215427	0.4008932436857794	1.167759120306806e-17	
2.7 	0.6060658101498434	-1.8726972653181652e-17	-0.19046439436883797	-0.1350792165631314	-0.19046439436883808	0.1350792165631314	0.39393418985015777	1.8726972653181652e-17	
2.725 	0.6126111690175691	-1.9470033281046867e-17	-0.19115257790376577	-0.12670223819695495	-0.19115257790376583	0.12670223819695495	0.38738883098243215	1.9470033281046867e-17	
2.75 	0.6187329443768654	-7.822745210893787e-18	-0.19187154069708268	-0.11813985384759114	-0.19187154069708273	0.11813985384759114	0.38126705562313584	7.822745210893787e-18	
2.775 	0.6244224725102095	-1.3168763469339148e-17	-0.1927063989416494	-0.10941701160160336	-0.1927063989416495	0.10941701160160336	0.3755775274897918	1.3168763469339148e-17	
2.8 	0.6296724934897276	-1.1610363062703748e-17	-0.19333865017141072	-0.10056435866830761	-0.1933386501714109	0.10056435866830761	0.3703275065102734	1.1610363062703748e-17	
2.825 	0.6344771240462853	-6.975865471702161e-18	-0.19397621334658394	-0.09160495787075953	-0.19397621334658402	0.09160495787075953	0.3655228759537158	6.975865471702161e-18	
2.85 	0.6388316030736247	-1.2064078295914528e-18	-0.19470928272024	-0.08256358914091269	-0.19470928272024016	0.08256358914091269	0.36116839692637637	1.2064078295914528e-18	
2.875 	0.6427325657399794	3.5903405435541734e-19	-0.19540404179962034	-0.07346810733939513	-0.19540404179962048	0.07346810733939513	0.35726743426002194	-3.5903405435541734e-19	
2.9 	0.6461779773063601	-1.188468789873787e-18	-0.19604113291299133	-0.0643452351510781	-0.1960411329129914	0.0643452351510781	0.35382202269364127	1.188468789873787e-18	
2.925 	0.6491670448092206	-4.895190496595662e-20	-0.19665773253982394	-0.05521911334047573	-0.19665773253982405	0.05521911334047573	0.35083295519078067	4.895190496595662e-20	
2.95 	0.6517001874176858	5.538147157597584e-18	-0.19727380131331543	-0.046111305711840224	-0.1972738013133155	0.046111305711840224	0.3482998125823157	-5.538147157597584e-18	
2.975 	0.6537788704182593	6.6245027257981175e-18	-0.19794504424688147	-0.037045292513455785	-0.1979450442468815	0.037045292513455785	0.34622112958174206	-6.6245027257981175e-18	
3.0 	0.6554059581641651	8.021400185062731e-18	-0.19855477244413536	-0.028052754364436376	-0.19855477244413539	0.028052754364436376	0.3445940418358365	-8.021400185062731e-18	
3.025 	0.6565856644378976	1.0001550357073922e-17	-0.19911881610164678	-0.01915131965737871	-0.19911881610164692	0.01915131965737871	0.3434143355621039	-1.0001550357073922e-17	
3.05 	0.6573230009921763	1.0385303679172488e-17	-0.19968834804484212	-0.010362085573865159	-0.19968834804484215	0.010362085573865159	0.3426769990078251	-1.0385303679172488e-17	
3.075 	0.6576239491872014	1.2558570480063192e-17	-0.20033523003702977	-0.001699303945201992	-0.2003352300370299	0.001699303945201992	0.3423760508128	-1.2558570480063192e-17	
3.1 	0.6574957603330809	1.4662025430487888e-17	-0.20086406621326436	0.006796533013031529	-0.2008640662132645	-0.006796533013031529	0.3425042396669207	-1.4662025430487888e-17	
3.125 	0.656947093279839	1.687599789537111e-17	-0.20140984693530453	0.01512008314410412	-0.2014098469353046	-0.01512008314410412	0.3430529067201624	-1.687599789537111e-17	
3.15 	0.6559869883010749	1.896445573722462e-17	-0.20197052314738675	0.0232515161664047	-0.20197052314738684	-0.0232515161664047	0.3440130116989266	-1.896445573722462e-17	
3.175 	0.654625540853998	2.2322529308697053e-17	-0.2025063067711239	0.03116919112492086	-0.20250630677112402	-0.03116919112492086	0.3453744591460035	-2.2322529308697053e-17	
3.2 	0.6528738154524528	2.0325081876223234e-17	-0.2030591375528829	0.03886039075809702	-0.203059137552883	-0.03886039075809702	0.34712618454754907	-2.0325081876223234e-17	
3.225 	0.6507436818361578	2.2807607522258503e-17	-0.20355125740740432	0.0463011774374209	-0.20355125740740437	-0.0463011774374209	0.349256318163844	-2.2807607522258503e-17	
3.25 	0.6482481621968876	3.3025245109322535e-17	-0.2040356646454938	0.05347563187202333	-0.2040356646454939	-0.05347563187202333	0.35175183780311403	-3.3025245109322535e-17	
3.275 	0.6454006002873869	4.4577728903855515e-17	-0.20457916864527137	0.06038048597571662	-0.20457916864527143	-0.06038048597571662	0.35459939971261484	-4.4577728903855515e-17	
3.3 	0.6422148843714565	4.107580058233702e-17	-0.2051008648783452	0.06699884548238272	-0.2051008648783453	-0.06699884548238272	0.35778511562854526	-4.107580058233702e-17	
3.325 	0.6387058218380567	4.0347665463518817e-17	-0.20552772454683554	0.07331004159807057	-0.20552772454683566	-0.07331004159807057	0.3612941781619451	-4.0347665463518817e-17	
3.35 	0.6348891156018102	4.721013063523387e-17	-0.20597612127232265	0.07930444522237826	-0.2059761212723227	-0.07930444522237826	0.36511088439819156	-4.721013063523387e-17	
3.375 	0.6307806822014231	4.594492293615349e-17	-0.20649055083761203	0.08497882171378411	-0.2064905508376121	-0.08497882171378411	0.36921931779857875	-4.594492293615349e-17	
3.4 	0.6263967449568196	5.665342523225911e-17	-0.20698755169685026	0.09032285042372752	-0.20698755169685035	-0.09032285042372752	0.37360325504318237	-5.665342523225911e-17	
3.425 	0.6217540856173008	5.95475161753979e-17	-0.20740742173071108	0.09532548440602391	-0.2074074217307111	-0.09532548440602391	0.37824591438270105	-5.95475161753979e-17	
3.45 	0.6168700916566712	5.703589672454819e-17	-0.20781077928635971	0.0999754974034725	-0.20781077928635971	-0.0999754974034725	0.3831299083433307	-5.703589672454819e-17	
3.475 	0.6117623856213412	6.907120910684876e-17	-0.20825838835629223	0.10427383659292155	-0.2082583883562923	-0.10427383659292155	0.38823761437866067	-6.907120910684876e-17	
3.5 	0.6064488023682012	5.829690143868167e-17	-0.20869716666861118	0.10820996551159247	-0.2086971666686112	-0.10820996551159247	0.39355119763180074	-5.829690143868167e-17	
3.525 	0.6009474095767989	5.964903223887256e-17	-0.2092071030491959	0.11178617050436407	-0.2092071030491959	-0.11178617050436407	0.39905259042320307	-5.964903223887256e-17	
3.55 	0.5952762244324497	5.899220317826766e-17	-0.2095254982006916	0.11499925779196268	-0.20952549820069158	-0.11499925779196268	0.4047237755675525	-5.899220317826766e-17	
3.575 	0.5894537633943632	7.038861924598771e-17	-0.2098636612190475	0.11783731332965355	-0.20986366121904754	-0.11783731332965355	0.41054623660563916	-7.038861924598771e-17	
3.6 	0.5834985791834394	5.557702528043897e-17	-0.2103192062519448	0.12030827595099065	-0.2103192062519448	-0.12030827595099065	0.4165014208165629	-5.557702528043897e-17	
3.625 	0.577429049910961	5.608623273242044e-17	-0.21080237368956886	0.12241210941476002	-0.21080237368956883	-0.12241210941476002	0.4225709500890413	-5.608623273242044e-17	
3.65 	0.5712634744548731	5.586677319370138e-17	-0.21113313315276197	0.12414974630791784	-0.21113313315276191	-0.12414974630791784	0.42873652554512925	-5.586677319370138e-17	
3.675 	0.5650201883807427	7.470384465608237e-17	-0.21146109901758894	0.12552081236900642	-0.21146109901758894	-0.12552081236900642	0.43497981161925925	-7.470384465608237e-17	
3.7 	0.5587174300285529	6.970191270596971e-17	-0.2117958623949207	0.1265291128515331	-0.2117958623949206	-0.1265291128515331	0.44128256997144927	-6.970191270596971e-17	
3.725 	0.5523732665746377	7.349279968748835e-17	-0.2122443957325111	0.1271782939694576	-0.21224439573251105	-0.1271782939694576	0.44762673342536435	-7.349279968748835e-17	
3.75 	0.5460054811304266	7.352760617449541e-17	-0.21262257015187352	0.1274747654532585	-0.21262257015187352	-0.1274747654532585	0.4539945188695755	-7.352760617449541e-17	
3.775 	0.5396315812242505	7.641664786284363e-17	-0.213001507107504	0.12742389735081144	-0.21300150710750398	-0.12742389735081144	0.46036841877575163	-7.641664786284363e-17	
3.8 	0.5332687583402936	7.216460044721095e-17	-0.21324935848168877	0.12703271821808884	-0.21324935848168872	-0.12703271821808884	0.4667312416597086	-7.216460044721095e-17	
3.825 	0.5269338823253669	7.43365987473222e-17	-0.2135486460506328	0.1263071921218069	-0.21354864605063273	-0.1263071921218069	0.47306611767463513	-7.43365987473222e-17	
3.85 	0.5206434851641294	7.215360470058658e-17	-0.21395049591707027	0.12525488695679746	-0.21395049591707016	-0.12525488695679746	0.4793565148358724	-7.215360470058658e-17	
3.875 	0.5144136849864396	6.72693045304328e-17	-0.21440301271539358	0.12388518769899057	-0.21440301271539347	-0.12388518769899057	0.48558631501356225	-6.72693045304328e-17	
3.9 	0.5082600621681364	6.861123611562942e-17	-0.2146315858422175	0.12220972439133329	-0.21463158584221745	-0.12220972439133329	0.49173993783186515	-6.861123611562942e-17	
3.925 	0.5021976339297136	4.877485611629977e-17	-0.21479697589727456	0.12023851731898387	-0.2147969758972744	-0.12023851731898387	0.49780236607028777	-4.877485611629977e-17	
3.95 	0.4962410225724143	6.132158746457762e-17	-0.21519616953415532	0.1179789632918304	-0.21519616953415527	-0.1179789632918304	0.5037589774275872	-6.132158746457762e-17	
3.975 	0.4904043336372721	5.665917631975628e-17	-0.21554644749501384	0.11544388137314954	-0.21554644749501373	-0.11544388137314954	0.5095956663627291	-5.665917631975628e-17	
4.0 	0.48470100333474764	5.951678254237378e-17	-0.21587147916213448	0.11264635974898889	-0.21587147916213437	-0.11264635974898889	0.515298996665254	-5.951678254237378e-17	
4.025 	0.47914387364059063	5.834430241349185e-17	-0.21615568708642974	0.10959828486028848	-0.21615568708642963	-0.10959828486028848	0.5208561263594109	-5.834430241349185e-17	
4.05 	0.47374512303350935	4.847101966033251e-17	-0.21634570243805384	0.10631315309726601	-0.21634570243805373	-0.10631315309726601	0.5262548769664921	-4.847101966033251e-17	
4.075 	0.46851631854904424	6.069464910341342e-17	-0.21663571353574945	0.10280257281369631	-0.21663571353574934	-0.10280257281369631	0.5314836814509573	-6.069464910341342e-17	
4.1 	0.4634683959282947	6.053454377701096e-17	-0.21696086380540813	0.09908019964426572	-0.21696086380540805	-0.09908019964426572	0.5365316040717071	-6.053454377701096e-17	
4.125 	0.4586115874972981	5.199763618732235e-17	-0.21731632340051013	0.0951605006738806	-0.21731632340050996	-0.0951605006738806	0.5413884125027033	-5.199763618732235e-17	
4.15 	0.4539553689682094	4.612481482253512e-17	-0.21754736193197766	0.09105915759946828	-0.2175473619319775	-0.09105915759946828	0.546044631031792	-4.612481482253512e-17	
4.175 	0.44950847459677085	3.606862044050788e-17	-0.21768335710515965	0.086789390134736	-0.2176833571051595	-0.086789390134736	0.5504915254032305	-3.606862044050788e-17	
4.2 	0.44527902066679514	3.3203684798815267e-17	-0.21793022694435008	0.0823640039587605	-0.21793022694434988	-0.0823640039587605	0.5547209793332064	-3.3203684798815267e-17	
4.225 	0.44127441553988217	3.5065175443702096e-17	-0.21829294850204536	0.07779816263518438	-0.21829294850204523	-0.07779816263518438	0.5587255844601196	-3.5065175443702096e-17	
4.25 	0.4375012313971397	3.6253169858257614e-17	-0.21860580792769713	0.07311071684912943	-0.21860580792769696	-0.07311071684912943	0.5624987686028621	-3.6253169858257614e-17	
4.275 	0.4339651928481447	2.7669598058213932e-17	-0.21874178907324848	0.06831317587287793	-0.21874178907324832	-0.06831317587287793	0.5660348071518572	-2.7669598058213932e-17	
4.3 	0.43067147947923684	2.121476897013672e-17	-0.21893497094175812	0.06342071386991517	-0.21893497094175796	-0.06342071386991517	0.569328520520765	-2.121476897013672e-17	
4.325 	0.4276245021899934	2.438365346032091e-17	-0.21920407121939406	0.05844666566649305	-0.21920407121939392	-0.05844666566649305	0.5723754978100082	-2.438365346032091e-17	
4.35 	0.42482787831409946	2.285644796713161e-17	-0.21942925690722653	0.053408914152349884	-0.2194292569072264	-0.053408914152349884	0.5751721216859021	-2.285644796713161e-17	
4.375 	0.42228450635346537	2.0392835030019305e-17	-0.21969132583973217	0.048318778224386245	-0.219691325839732	-0.048318778224386245	0.5777154936465362	-2.0392835030019305e-17	
4.4 	0.41999653461313713	2.0741145643584243e-17	-0.21995112490047009	0.04319661551533114	-0.21995112490046992	-0.04319661551533114	0.5800034653868648	-2.0741145643584243e-17	
4.425 	0.4179651450341191	2.1528058019969867e-17	-0.22004036684048325	0.038055151386031265	-0.22004036684048306	-0.038055151386031265	0.5820348549658827	-2.1528058019969867e-17	
4.45 	0.4161912332801595	1.8741273285305487e-17	-0.22024529458945175	0.032900590651160154	-0.22024529458945158	-0.032900590651160154	0.583808766719842	-1.8741273285305487e-17	
4.475 	0.41467496397356246	1.2579976101387095e-17	-0.22050371155117007	0.027752760818823146	-0.2205037115511699	-0.027752760818823146	0.585325036026439	-1.2579976101387095e-17	
4.5 	0.41341559377803244	9.327862186842136e-18	-0.2207444512017048	0.022627421218337065	-0.22074445120170463	-0.022627421218337065	0.5865844062219691	-9.327862186842136e-18	
4.525 	0.41241163592549196	3.272169608024153e-18	-0.22094700546285345	0.01753838493977424	-0.22094700546285329	-0.01753838493977424	0.5875883640745093	-3.272169608024153e-18	
4.55 	0.41166087346644453	1.509799844578909e-19	-0.22104566856954733	0.012499960678326606	-0.22104566856954713	-0.012499960678326606	0.5883391265335568	-1.509799844578909e-19	
4.575 	0.4111607965949996	-3.8543906112436465e-18	-0.22123703703158037	0.007513222852730556	-0.2212370370315802	-0.007513222852730556	0.5888392034050014	3.8543906112436465e-18	
4.6 	0.41090839913340244	-8.050208048163868e-18	-0.22148767086270255	0.0025970884248449895	-0.22148767086270238	-0.0025970884248449895	0.5890916008665985	8.050208048163868e-18	
4.625 	0.41089961309414896	-1.2200188928044359e-17	-0.22166985550649485	-0.0022310471296794663	-0.22166985550649476	0.0022310471296794663	0.5891003869058521	1.2200188928044359e-17	
4.65 	0.4111298566062104	-1.606667334047244e-17	-0.22182724049930724	-0.006962718445070694	-0.22182724049930705	0.006962718445070694	0.5888701433937907	1.606667334047244e-17	
4.675 	0.4115941010204345	-2.0484500455824803e-17	-0.22198503701439146	-0.011588029457350121	-0.2219850370143914	0.011588029457350121	0.5884058989795666	2.0484500455824803e-17	
4.7 	0.41228670214868196	-2.4930215764963915e-17	-0.22214529844415015	-0.016097382465134334	-0.22214529844415	0.016097382465134334	0.5877132978513192	2.4930215764963915e-17	
4.725 	0.413201670041806	-2.380075143356627e-17	-0.22229282496491248	-0.02047920985772598	-0.22229282496491237	0.02047920985772598	0.5867983299581949	2.380075143356627e-17	
4.75 	0.41433255099659794	-2.978522957797118e-17	-0.2225228615481627	-0.024733098794294014	-0.22252286154816264	0.024733098794294014	0.585667449003403	2.978522957797118e-17	
4.775 	0.41567248896437353	-2.8624519569333496e-17	-0.22267540591476237	-0.028837991139468864	-0.2226754059147623	0.028837991139468864	0.5843275110356274	2.8624519569333496e-17	
4.8 	0.417213686334911	-3.220551700000341e-17	-0.22275156043292016	-0.03278206517565063	-0.2227515604329201	0.03278206517565063	0.5827863136650901	3.220551700000341e-17	
4.825 	0.4189480522635514	-3.083337471758374e-17	-0.22289967791700108	-0.03656629872867914	-0.222899677917001	0.03656629872867914	0.5810519477364499	3.083337471758374e-17	
4.85 	0.4208676990140582	-3.086750389632955e-17	-0.22310050193314554	-0.0401897862947207	-0.2231005019331454	0.0401897862947207	0.579132300985943	3.086750389632955e-17	
4.875 	0.4229641778444033	-3.17534801663338e-17	-0.2232923027020445	-0.0436403116865825	-0.22329230270204445	0.0436403116865825	0.5770358221555979	3.17534801663338e-17	
4.9 	0.4252285905411008	-3.011850701773047e-17	-0.22338756119816067	-0.046905371786291915	-0.2233875611981606	0.046905371786291915	0.5747714094589004	3.011850701773047e-17	
4.925 	0.4276515628802162	-3.4022019657654646e-17	-0.22349927905404762	-0.04998245551174198	-0.22349927905404757	0.04998245551174198	0.5723484371197851	3.4022019657654646e-17	
4.95 	0.43022365702776144	-3.9256648699990614e-17	-0.2235988735137314	-0.05286825770170512	-0.2235988735137314	0.05286825770170512	0.5697763429722401	3.9256648699990614e-17	
4.975 	0.43293508942150316	-3.3466593628925383e-17	-0.22378821950449923	-0.055558209166591994	-0.22378821950449912	0.055558209166591994	0.5670649105784981	3.3466593628925383e-17	
5.0 	0.43577628165514926	-3.530864587121786e-17	-0.2239532661953362	-0.05805572107665617	-0.2239532661953361	0.05805572107665617	0.5642237183448524	3.530864587121786e-17	
5.025 	0.43873718441544807	-4.0415340559642023e-17	-0.22404928585179684	-0.06034651195534063	-0.22404928585179676	0.06034651195534063	0.5612628155845535	4.0415340559642023e-17	
5.05 	0.441807591302057	-3.96704258483676e-17	-0.22421072643646903	-0.06243639202333599	-0.22421072643646897	0.06243639202333599	0.5581924086979448	3.96704258483676e-17	
5.075 	0.44497732718649186	-4.2310645198124103e-17	-0.22422240005695537	-0.06431719650087865	-0.22422240005695526	0.06431719650087865	0.55502267281351	4.2310645198124103e-17	
5.1 	0.44823584433138425	-4.0888861620685215e-17	-0.2242885979376203	-0.06598811798870183	-0.22428859793762024	0.06598811798870183	0.5517641556686178	4.0888861620685215e-17	
5.125 	0.4515726782810212	-4.4340116817513044e-17	-0.22453900531696036	-0.06745192049203613	-0.22453900531696033	0.06745192049203613	0.5484273217189808	4.4340116817513044e-17	
5.15 	0.4549776566914251	-4.2882238834481595e-17	-0.22473112094464867	-0.06871292740458358	-0.22473112094464862	0.06871292740458358	0.545022343308577	4.2882238834481595e-17	
5.175 	0.4584404849461182	-4.9024610548427313e-17	-0.2247767169848435	-0.0697655908253277	-0.2247767169848435	0.0697655908253277	0.541559515053884	4.9024610548427313e-17	
5.2 	0.461950718556691	-4.9728543827406446e-17	-0.22474812000337183	-0.07060851322382926	-0.22474812000337183	0.07060851322382926	0.5380492814433111	4.9728543827406446e-17	
5.225 	0.4654979171589407	-4.9951295609037964e-17	-0.22486183901117543	-0.07124533570817185	-0.22486183901117543	0.07124533570817185	0.5345020828410614	4.9951295609037964e-17	
5.25 	0.4690718640227255	-4.7216488519035e-17	-0.22509268092913595	-0.07167956053808926	-0.22509268092913595	0.07167956053808926	0.5309281359772767	4.7216488519035e-17	
5.275 	0.4726625902486219	-4.926458423939192e-17	-0.22519103225108894	-0.0719159999893173	-0.225191032251089	0.0719159999893173	0.5273374097513807	4.926458423939192e-17	
5.3 	0.4762601468126564	-4.9057437188415284e-17	-0.22531764391725476	-0.07195388732191786	-0.22531764391725476	0.07195388732191786	0.5237398531873462	4.9057437188415284e-17	
5.325 	0.4798547731982825	-5.0078474389848786e-17	-0.22538897075240827	-0.07179897677304245	-0.22538897075240827	0.07179897677304245	0.5201452268017202	5.0078474389848786e-17	
5.35 	0.48343689515747446	-4.7783374701349476e-17	-0.22537898591456698	-0.07145424238348345	-0.22537898591456698	0.07145424238348345	0.5165631048425284	4.7783374701349476e-17	
5.375 	0.4869970741327869	-5.068026754940252e-17	-0.22544154140427056	-0.07092233653134375	-0.22544154140427058	0.07092233653134375	0.5130029258672159	5.068026754940252e-17	
5.4 	0.49052611659321627	-5.034813318461468e-17	-0.22563082794542574	-0.07020998579181421	-0.2256308279454258	0.07020998579181421	0.5094738834067865	5.034813318461468e-17	
5.425 	0.4940151620841646	-4.9824024695737247e-17	-0.22576910349157023	-0.06932301748095912	-0.22576910349157023	0.06932301748095912	0.5059848379158379	4.9824024695737247e-17	
5.45 	0.4974556117632219	-4.761159237958462e-17	-0.22590237757196457	-0.06826753386684718	-0.22590237757196469	0.06826753386684718	0.5025443882367804	4.761159237958462e-17	
5.475 	0.5008391895728322	-4.9891708484128517e-17	-0.22590903665165765	-0.06704892927550216	-0.22590903665165776	0.06704892927550216	0.4991608104271703	4.9891708484128517e-17	
5.5 	0.504157862772226	-4.999232236499493e-17	-0.22587684416316442	-0.06567224586634664	-0.22587684416316442	0.06567224586634664	0.49584213722777637	4.999232236499493e-17	
5.525 	0.5074038658058951	-4.943804208014569e-17	-0.225923214427374	-0.06414303768161973	-0.22592321442737406	0.06414303768161973	0.4925961341941074	4.943804208014569e-17	
5.55 	0.5105697564734727	-4.536999770631333e-17	-0.22620573165410313	-0.062469555287151465	-0.22620573165410318	0.062469555287151465	0.48943024352652964	4.536999770631333e-17	
5.575 	0.5136485954608906	-4.478125630991733e-17	-0.22636092493528187	-0.06066212799635423	-0.22636092493528193	0.06066212799635423	0.48635140453911174	4.478125630991733e-17	
5.6 	0.5166338223118702	-3.976767847214379e-17	-0.22629643508706584	-0.05872567701103463	-0.22629643508706596	0.05872567701103463	0.4833661776881318	3.976767847214379e-17	
5.625 	0.519519105554614	-3.272613221946094e-17	-0.226311523686769	-0.05666564760571064	-0.226311523686769	0.05666564760571064	0.48048089444538833	3.272613221946094e-17	
5.65 	0.5222985105564878	-3.496996536131729e-17	-0.22643651418080582	-0.05449267808016071	-0.22643651418080588	0.05449267808016071	0.4777014894435143	3.496996536131729e-17	
5.675 	0.5249665747237667	-3.5521310193648016e-17	-0.22644662098423124	-0.05221188756195319	-0.2264466209842313	0.05221188756195319	0.4750334252762355	3.5521310193648016e-17	
5.7 	0.5275181127214275	-3.105591031444213e-17	-0.22661298828732712	-0.04983426902341639	-0.22661298828732718	0.04983426902341639	0.4724818872785747	3.105591031444213e-17	
5.725 	0.5299484913754445	-2.5387912911386205e-17	-0.2267189534040609	-0.047366754833962764	-0.22671895340406098	0.047366754833962764	0.47005150862455736	2.5387912911386205e-17	
5.75 	0.5322534344336651	-2.0781642777439886e-17	-0.22684338411538446	-0.044818679640072134	-0.22684338411538446	0.044818679640072134	0.4677465655663367	2.0781642777439886e-17	
5.775 	0.5344291654248465	-2.1220548660757962e-17	-0.22681387574279904	-0.04219901362455967	-0.2268138757427991	0.04219901362455967	0.46557083457515536	2.1220548660757962e-17	
5.8 	0.5364722058927014	-2.190736391697182e-17	-0.22678141422137732	-0.03951200090968628	-0.22678141422137738	0.03951200090968628	0.46352779410730055	2.190736391697182e-17	
5.825 	0.5383794021624859	-2.1928945136970263e-17	-0.2268708556115647	-0.036767024008643234	-0.22687085561156473	0.036767024008643234	0.4616205978375161	2.1928945136970263e-17	
5.85 	0.5401481030268724	-2.101980372800104e-17	-0.2270617240602162	-0.03397400838280401	-0.22706172406021627	0.03397400838280401	0.4598518969731297	2.101980372800104e-17	
5.875 	0.5417762172094637	-2.2689431772747377e-17	-0.2271732940204713	-0.031145158392528894	-0.2271732940204714	0.031145158392528894	0.45822378279053844	2.2689431772747377e-17	
5.9 	0.5432620839526776	-1.4815504824164656e-17	-0.22720101711615057	-0.028284922466354567	-0.22720101711615065	0.028284922466354567	0.45673791604732433	1.4815504824164656e-17	
5.925 	0.5446043499975893	-1.5524534177794906e-17	-0.22717953287871626	-0.025402562911529123	-0.22717953287871637	0.025402562911529123	0.4553956500024127	1.5524534177794906e-17	
5.95 	0.5458020358642441	-1.3023983886549075e-17	-0.22716291874182357	-0.022501702382754875	-0.22716291874182365	0.022501702382754875	0.4541979641357579	1.3023983886549075e-17	
5.975 	0.5468543728908118	-1.199839354387508e-17	-0.22731840171732848	-0.01959206133564043	-0.2273184017173286	0.01959206133564043	0.4531456271091901	1.199839354387508e-17	
6.0 	0.5477612784558684	-1.0171408181618069e-17	-0.22746021573853664	-0.01668662285277154	-0.22746021573853664	0.01668662285277154	0.45223872154413364	1.0171408181618069e-17	
6.025 	0.5485231996788231	-8.467258210594936e-18	-0.22748783415396176	-0.013791930924841406	-0.22748783415396184	0.013791930924841406	0.4514768003211788	8.467258210594936e-18	
6.05 	0.5491407379967234	-6.042557430966584e-18	-0.22753188822134265	-0.01091253980526253	-0.22753188822134277	0.01091253980526253	0.4508592620032783	6.042557430966584e-18	
6.075 	0.5496148581078873	-3.546916748067665e-18	-0.2276015772887771	-0.00805745713554022	-0.22760157728877722	0.00805745713554022	0.45038514189211426	3.546916748067665e-18	
6.1 	0.5499470288803828	-1.3259393927659517e-18	-0.227616769944083	-0.005234289193597224	-0.2276167699440831	0.005234289193597224	0.45005297111961884	1.3259393927659517e-18	
6.125 	0.5501389293724527	6.055181337889539e-19	-0.22764316687424643	-0.0024479133201892305	-0.22764316687424652	0.0024479133201892305	0.4498610706275488	-6.055181337889539e-19	
6.15 	0.5501924503286195	2.283078307280418e-18	-0.22779561024598868	0.0002998412455081211	-0.22779561024598877	-0.0002998412455081211	0.4498075496713823	-2.283078307280418e-18	
6.175 	0.5501099526030092	4.038757904264257e-18	-0.22789134429160987	0.002990277972106195	-0.2278913442916099	-0.002990277972106195	0.4498900473969925	-4.038757904264257e-18	
6.2 	0.5498944685336254	4.398925167433264e-18	-0.22789524933962751	0.005618315387225621	-0.2278952493396276	-0.005618315387225621	0.45010553146637633	-4.398925167433264e-18	
6.225 	0.5495491759724853	5.335220276076773e-18	-0.2278856877120553	0.008183119784286815	-0.2278856877120554	-0.008183119784286815	0.45045082402751657	-5.335220276076773e-18	
6.25 	0.5490771970175494	5.702910941654761e-18	-0.22795892628245631	0.010683222099458727	-0.22795892628245637	-0.010683222099458727	0.45092280298245235	-5.702910941654761e-18	
6.275 	0.5484820912187884	7.138081337634078e-18	-0.2280358106249977	0.013109000950981409	-0.22803581062499775	-0.013109000950981409	0.4515179087812133	-7.138081337634078e-18	
6.3 	0.5477675521929669	8.995511774641204e-18	-0.22816116889633245	0.015458377527974647	-0.22816116889633245	-0.015458377527974647	0.4522324478070346	-8.995511774641204e-18	
6.325 	0.5469377737703467	8.867281004616852e-18	-0.22817942015558984	0.01771675900157113	-0.22817942015558987	-0.01771675900157113	0.45306222622965486	-8.867281004616852e-18	
6.35 	0.5459973546676212	8.90911377816886e-18	-0.22819304690676065	0.019884426391058765	-0.22819304690676076	-0.019884426391058765	0.4540026453323804	-8.90911377816886e-18	
6.375 	0.5449508652525248	8.131036616898539e-18	-0.2282457153373458	0.02195993945608538	-0.22824571533734586	-0.02195993945608538	0.455049134747477	-8.131036616898539e-18	
6.4 	0.5438029953626324	9.701394412256467e-18	-0.22829014883160198	0.023937966575489248	-0.22829014883160198	-0.023937966575489248	0.4561970046373693	-9.701394412256467e-18	
6.425 	0.5425587058279185	1.038018910198246e-17	-0.22839590525200926	0.025817725680551257	-0.2283959052520093	-0.025817725680551257	0.45744129417208307	-1.038018910198246e-17	
6.45 	0.5412229526428203	1.2618970161475695e-17	-0.22848043650219974	0.02759497368829209	-0.22848043650219974	-0.02759497368829209	0.45877704735718106	-1.2618970161475695e-17	
6.475 	0.5398010554754566	1.2350421827804424e-17	-0.2284873259454198	0.029261805423331566	-0.22848732594541984	-0.029261805423331566	0.4601989445245445	-1.2350421827804424e-17	
6.5 	0.5382985096505112	1.169915348737439e-17	-0.22857420056625094	0.030822365801370766	-0.228574200566251	-0.030822365801370766	0.4617014903494898	-1.169915348737439e-17	
6.525 	0.5367207586705682	1.1511480734356607e-17	-0.22854245432461062	0.032268279287146914	-0.22854245432461068	-0.032268279287146914	0.4632792413294328	-1.1511480734356607e-17	
6.55 	0.5350736442536853	1.0445944331167761e-17	-0.2285518342943589	0.033597628609082296	-0.2285518342943589	-0.033597628609082296	0.46492635574631574	-1.0445944331167761e-17	
6.575 	0.5333628678455498	1.0344506087356924e-17	-0.22865781493625667	0.034814284129033715	-0.22865781493625664	-0.034814284129033715	0.4666371321544513	-1.0344506087356924e-17	
6.6 	0.5315940565494011	1.0066501403198705e-17	-0.22885377462982023	0.03591970032813295	-0.2288537746298203	-0.03591970032813295	0.46840594345060027	-1.0066501403198705e-17	
6.625 	0.5297727820336581	1.3733779331361614e-17	-0.22888043278955852	0.03691118385368202	-0.2288804327895586	-0.03691118385368202	0.4702272179663435	-1.3733779331361614e-17	
6.65 	0.527905064826304	1.418492695079185e-17	-0.22877400293061628	0.03777742219620317	-0.22877400293061625	-0.03777742219620317	0.47209493517369766	-1.418492695079185e-17	
6.675 	0.5259969702119563	1.3255806957902286e-17	-0.22880376533403607	0.038526942303343845	-0.22880376533403612	-0.038526942303343845	0.4740030297880452	-1.3255806957902286e-17	
6.7 	0.524054344403787	1.507513029430645e-17	-0.22888449490036658	0.039158981339533105	-0.22888449490036664	-0.039158981339533105	0.47594565559621466	-1.507513029430645e-17	
6.725 	0.5220829952758801	1.40918906903126e-17	-0.22899463372681034	0.03967562360492528	-0.2289946337268104	-0.03967562360492528	0.4779170047241217	-1.40918906903126e-17	
6.75 	0.5200886891872655	1.3670021417780792e-17	-0.22908386676907425	0.040077209160744365	-0.22908386676907427	-0.040077209160744365	0.47991131081273625	-1.3670021417780792e-17	
6.775 	0.518077176721102	1.4832532711089082e-17	-0.22914861178544335	0.0403642475781198	-0.22914861178544335	-0.0403642475781198	0.4819228232788998	-1.4832532711089082e-17	
6.8 	0.5160541674782164	1.260230938870748e-17	-0.22918291185752604	0.04053754683732283	-0.22918291185752607	-0.04053754683732283	0.4839458325217856	-1.260230938870748e-17	
6.825 	0.5140252962487735	1.2911367714695504e-17	-0.22907783904817605	0.04059757804223663	-0.22907783904817605	-0.04059757804223663	0.48597470375122837	-1.2911367714695504e-17	
6.85 	0.5119962339460625	1.3705013119470224e-17	-0.22915168312033196	0.04054691344443067	-0.22915168312033202	-0.04054691344443067	0.4880037660539393	-1.3705013119470224e-17	
6.875 	0.5099724029793302	1.2718176920805258e-17	-0.22919901981685661	0.04038838801736178	-0.22919901981685656	-0.04038838801736178	0.4900275970206718	-1.2718176920805258e-17	
6.9 	0.5079591526083148	1.3295995481448944e-17	-0.22929948857867666	0.04012448911885216	-0.22929948857867663	-0.04012448911885216	0.4920408473916869	-1.3295995481448944e-17	
6.925 	0.5059616786473479	1.409325926678763e-17	-0.22944669353931108	0.03975788820190761	-0.22944669353931113	-0.03975788820190761	0.49403832135265346	-1.409325926678763e-17	
6.95 	0.5039849849877676	1.3018869587348465e-17	-0.22954087720049055	0.03929382381641518	-0.2295408772004905	-0.03929382381641518	0.4960150150122337	-1.3018869587348465e-17	
6.975 	0.5020339323859585	1.3714961104232683e-17	-0.22941753038647802	0.03873228674193037	-0.22941753038647802	-0.03873228674193037	0.49796606761404283	-1.3714961104232683e-17	
7.0 	0.5001133686240453	1.4119596733922785e-17	-0.22933680020573327	0.03807486306736937	-0.22933680020573324	-0.03807486306736937	0.49988663137595585	-1.4119596733922785e-17	
7.025 	0.4982279530192542	1.2963160421836232e-17	-0.22936858333005888	0.037326967104962784	-0.2293685833300588	-0.037326967104962784	0.5017720469807471	-1.2963160421836232e-17	
7.05 	0.49638212963972117	1.333353374103948e-17	-0.22954549779383746	0.03649209668567182	-0.22954549779383746	-0.03649209668567182	0.5036178703602799	-1.333353374103948e-17	
7.075 	0.49458008044920726	1.3237808053232233e-17	-0.22974511839881145	0.03557651725485897	-0.2297451183988115	-0.03557651725485897	0.5054199195507938	-1.3237808053232233e-17	
7.1 	0.49282572911782646	1.5372641521923916e-17	-0.22975656946639791	0.034584778247222836	-0.22975656946639783	-0.034584778247222836	0.5071742708821747	-1.5372641521923916e-17	
7.125 	0.4911228777955819	1.4114343829210944e-17	-0.22959417671772406	0.03351672632248086	-0.229594176717724	-0.03351672632248086	0.5088771222044192	-1.4114343829210944e-17	
7.15 	0.4894752705601736	1.5510433652944237e-17	-0.22964879332725296	0.03237630241748964	-0.229648793327253	-0.03237630241748964	0.5105247294398277	-1.5510433652944237e-17	
7.175 	0.4878863030363901	1.200660611425441e-17	-0.2297115398347581	0.031171915537494176	-0.22971153983475814	-0.031171915537494176	0.5121136969636114	-1.200660611425441e-17	
7.2 	0.48635911756735917	1.1938407417944986e-17	-0.2296897655950418	0.029905304911769903	-0.2296897655950419	-0.029905304911769903	0.5136408824326422	-1.1938407417944986e-17	
7.225 	0.4848967379229239	1.2636757937487953e-17	-0.22979703848675329	0.028580919632058093	-0.22979703848675329	-0.028580919632058093	0.5151032620770776	-1.2636757937487953e-17	
7.25 	0.4835018808596589	1.2572726830639964e-17	-0.2299211537378893	0.027205193134968338	-0.22992115373788927	-0.027205193134968338	0.5164981191403427	-1.2572726830639964e-17	
7.275 	0.48217698961752353	1.1717522031918087e-17	-0.23001913596873869	0.025783494613741055	-0.23001913596873869	-0.025783494613741055	0.517823010382478	-1.1717522031918087e-17	
7.3 	0.4809242507042816	1.2680878458498984e-17	-0.22993776802490787	0.024318668577499484	-0.2299377680249078	-0.024318668577499484	0.5190757492957198	-1.2680878458498984e-17	
7.325 	0.47974574726490893	1.2880136400701554e-17	-0.22987953443069886	0.022815339853585498	-0.2298795344306989	-0.022815339853585498	0.5202542527350922	-1.2880136400701554e-17	
7.35 	0.4786433187939468	9.67224352079593e-18	-0.22984810289749372	0.021275937783056892	-0.22984810289749366	-0.021275937783056892	0.5213566812060542	-9.67224352079593e-18	
7.375 	0.4776185980105491	8.628311131771298e-18	-0.229940215757437	0.01970908478327439	-0.229940215757437	-0.01970908478327439	0.5223814019894519	-8.628311131771298e-18	
7.4 	0.47667286845444706	8.956873129999404e-18	-0.23005897464986919	0.018116588213955887	-0.23005897464986907	-0.018116588213955887	0.5233271315455538	-8.956873129999404e-18	
7.425 	0.4758072048570481	8.722170213101779e-18	-0.2302004611486017	0.016507686943905885	-0.23020046114860168	-0.016507686943905885	0.5241927951429529	-8.722170213101779e-18	
7.45 	0.4750222862972251	7.066700805397361e-18	-0.2301450922720345	0.014887250716697518	-0.23014509227203447	-0.014887250716697518	0.5249777137027757	-7.066700805397361e-18	
7.475 	0.474318720132612	6.31065536828213e-18	-0.23005830968100438	0.013253963910365995	-0.2300583096810043	-0.013253963910365995	0.5256812798673889	-6.31065536828213e-18	
7.5 	0.4736970047991822	5.822464427178615e-18	-0.23002859611511872	0.011613910666593796	-0.23002859611511867	-0.011613910666593796	0.5263029952008188	-5.822464427178615e-18	
7.525 	0.4731573887702767	6.238787162735917e-18	-0.2300899446202024	0.009970736032180127	-0.2300899446202024	-0.009970736032180127	0.5268426112297242	-6.238787162735917e-18	
7.55 	0.4726998595303222	5.259621463980646e-18	-0.23024419068344146	0.008332293350033366	-0.2302441906834414	-0.008332293350033366	0.5273001404696788	-5.259621463980646e-18	
7.575 	0.47232394945378764	4.806545616201211e-18	-0.2302373996461179	0.006705218142634994	-0.23023739964611795	-0.006705218142634994	0.5276760505462135	-4.806545616201211e-18	
7.6 	0.4720291652329213	2.737249114995664e-18	-0.2302637537333688	0.005088091359877587	-0.23026375373336874	-0.005088091359877587	0.5279708347670796	-2.737249114995664e-18	
7.625 	0.47181482049208623	1.7873243571665524e-18	-0.23027111766116937	0.0034892202814315308	-0.2302711176611693	-0.0034892202814315308	0.528185179507915	-1.7873243571665524e-18	
7.65 	0.47167993836573296	9.023191353388762e-19	-0.23025896954740643	0.0019091785526999217	-0.2302589695474064	-0.0019091785526999217	0.5283200616342681	-9.023191353388762e-19	
7.675 	0.4716234719311724	8.952807019230954e-20	-0.230255850294152	0.0003535832237093113	-0.230255850294152	-0.0003535832237093113	0.5283765280688288	-8.952807019230954e-20	
7.7 	0.47164411389503436	-7.35457982061072e-19	-0.2302455743322828	-0.0011748701689102907	-0.23024557433228274	0.0011748701689102907	0.5283558861049668	7.35457982061072e-19	
7.725 	0.47174047335858593	-1.3032715120783208e-18	-0.2302912170041518	-0.0026741317119559336	-0.23029121700415178	0.0026741317119559336	0.5282595266414153	1.3032715120783208e-18	
7.75 	0.4719110063897629	-2.562398544888366e-18	-0.23041745794671575	-0.0041402471196409045	-0.23041745794671567	0.0041402471196409045	0.5280889936102383	2.562398544888366e-18	
7.775 	0.4721537645937007	-2.85616504457128e-18	-0.23042874594102775	-0.005562811675525771	-0.23042874594102772	0.005562811675525771	0.5278462354063005	2.85616504457128e-18	
7.8 	0.4724665179531097	-3.0723719026742116e-18	-0.23031983021747948	-0.006939865485362837	-0.23031983021747945	0.006939865485362837	0.5275334820468915	3.0723719026742116e-18	
7.825 	0.47284714999115246	-3.8217166439273485e-18	-0.23032861779215347	-0.00827855420548532	-0.2303286177921534	0.00827855420548532	0.5271528500088487	3.8217166439273485e-18	
7.85 	0.4732935917983888	-4.313016557939708e-18	-0.2303665600237649	-0.009571275138217957	-0.23036656002376485	0.009571275138217957	0.5267064082016124	4.313016557939708e-18	
7.875 	0.4738034759404694	-5.779508402644255e-18	-0.23040758353363647	-0.010814854204330909	-0.23040758353363647	0.010814854204330909	0.5261965240595318	5.779508402644255e-18	
7.9 	0.47437422124499695	-6.419032066249203e-18	-0.23046485428464358	-0.01200711537854982	-0.23046485428464356	0.01200711537854982	0.5256257787550042	6.419032066249203e-18	
7.925 	0.475003280358335	-6.952397920320846e-18	-0.23049365612812484	-0.013145323497357902	-0.23049365612812484	0.013145323497357902	0.524996719641666	6.952397920320846e-18	
7.95 	0.47568769855128196	-7.730234517801135e-18	-0.2304141824566806	-0.014221824928569306	-0.23041418245668066	0.014221824928569306	0.5243123014487191	7.730234517801135e-18	
7.975 	0.47642451945150865	-7.111535247543829e-18	-0.23038332409319107	-0.015240948554705196	-0.230383324093191	0.015240948554705196	0.5235754805484925	7.111535247543829e-18	
8.0 	0.47721084235845074	-8.440382625192121e-18	-0.23042145912730003	-0.01620215816989834	-0.23042145912729994	0.01620215816989834	0.5227891576415503	8.440382625192121e-18	
8.025 	0.4780437550817635	-9.307943012572995e-18	-0.23047715678709751	-0.0171040607853213	-0.2304771567870974	0.0171040607853213	0.5219562449182376	9.307943012572995e-18	
8.05 	0.47892017201328557	-8.975298140963391e-18	-0.23049309181530683	-0.01794230089467063	-0.23049309181530686	0.01794230089467063	0.5210798279867156	8.975298140963391e-18	
8.075 	0.4798369415623999	-8.490274062927566e-18	-0.23050587905256664	-0.018717594563841984	-0.2305058790525667	0.018717594563841984	0.5201630584376014	8.490274062927566e-18	
8.1 	0.480790838708584	-9.196268218346349e-18	-0.23051714825390085	-0.019427701631004005	-0.23051714825390074	0.019427701631004005	0.5192091612914171	9.196268218346349e-18	
8.125 	0.4817786523026471	-9.023556074334488e-18	-0.2305276238647304	-0.020074081711959225	-0.23052762386473036	0.020074081711959225	0.5182213476973542	9.023556074334488e-18	
8.15 	0.48279708267242827	-9.180482358786273e-18	-0.2304059109197049	-0.020651585853277202	-0.23040591091970497	0.020651585853277202	0.5172029173275732	9.180482358786273e-18	
8.175 	0.4838426732413371	-7.968453256485281e-18	-0.23038236336316445	-0.02116153119676501	-0.23038236336316445	0.02116153119676501	0.5161573267586643	7.968453256485281e-18	
8.2 	0.484912127015486	-8.324740059860766e-18	-0.23047558413997052	-0.021606165004912067	-0.23047558413997057	0.021606165004912067	0.5150878729845154	8.324740059860766e-18	
8.225 	0.4860022487017059	-8.33940865508424e-18	-0.2305760965392886	-0.02198740229342361	-0.23057609653928862	0.02198740229342361	0.5139977512982954	8.33940865508424e-18	
8.25 	0.4871098137927174	-1.0517342275806619e-17	-0.23066108416746015	-0.02230447132859899	-0.23066108416746017	0.02230447132859899	0.5128901862072839	1.0517342275806619e-17	
8.275 	0.4882315711207413	-7.612759074903773e-18	-0.23054899859503636	-0.022554206662058953	-0.23054899859503647	0.022554206662058953	0.5117684288792599	7.612759074903773e-18	
8.3 	0.48936413856103755	-1.0608380305570176e-17	-0.23041609439020708	-0.02273716637615284	-0.23041609439020713	0.02273716637615284	0.5106358614389636	1.0608380305570176e-17	
8.325 	0.49050418124421874	-9.245699877876671e-18	-0.2303717083729953	-0.022853739673237446	-0.23037170837299537	0.022853739673237446	0.5094958187557824	9.245699877876671e-18	
8.35 	0.4916485009229532	-9.601464584688633e-18	-0.23045413599079168	-0.022908683163629474	-0.23045413599079173	0.022908683163629474	0.5083514990770482	9.601464584688633e-18	
8.375 	0.4927940084937036	-7.61764380750388e-18	-0.230530740570607	-0.022901481687398546	-0.23053074057060693	0.022901481687398546	0.5072059915062977	7.61764380750388e-18	
8.4 	0.49393763342487845	-7.654099357359392e-18	-0.23060005281462367	-0.022833646386265578	-0.23060005281462367	0.022833646386265578	0.5060623665751227	7.654099357359392e-18	
8.425 	0.49507637859432124	-8.182045563166846e-18	-0.23058053463015932	-0.022706348740966165	-0.23058053463015932	0.022706348740966165	0.5049236214056801	8.182045563166846e-18	
8.45 	0.496207251681056	-7.000222252067425e-18	-0.23057695226273162	-0.02251911865035716	-0.23057695226273156	0.02251911865035716	0.5037927483189454	7.000222252067425e-18	
8.475 	0.4973273825925025	-6.529650846826008e-18	-0.23054974822141233	-0.02227681688312874	-0.2305497482214123	0.02227681688312874	0.5026726174074989	6.529650846826008e-18	
8.5 	0.49843397223875835	-6.62108035308725e-18	-0.2303222600897024	-0.021976941443185218	-0.23032226008970244	0.021976941443185218	0.5015660277612429	6.62108035308725e-18	
8.525 	0.4995241669706174	-6.9020349357979395e-18	-0.23045117826493564	-0.021622861230509403	-0.2304511782649356	0.021622861230509403	0.5004758330293841	6.9020349357979395e-18	
8.55 	0.5005954228334181	-7.177867066904353e-18	-0.2304955097315095	-0.021218812398027934	-0.2304955097315095	0.021218812398027934	0.49940457716658354	7.177867066904353e-18	
8.575 	0.5016452291980562	-6.955657154875458e-18	-0.23048655253922104	-0.020765070391221836	-0.23048655253922115	0.020765070391221836	0.49835477080194535	6.955657154875458e-18	
8.6 	0.5026711392032572	-6.73908342257209e-18	-0.23058027299916342	-0.02026383413384296	-0.23058027299916348	0.02026383413384296	0.49732886079674415	6.73908342257209e-18	
8.625 	0.5036708818059003	-6.418272553880588e-18	-0.23069152114340197	-0.01971896577575472	-0.2306915211434019	0.01971896577575472	0.49632911819410114	6.418272553880588e-18	
8.65 	0.5046423355530146	-6.96512558400959e-18	-0.23055509562799567	-0.019132083079299048	-0.23055509562799573	0.019132083079299048	0.4953576644469869	6.96512558400959e-18	
8.675 	0.5055833814577142	-6.863677540042962e-18	-0.2303472204456477	-0.018502994158764045	-0.2303472204456477	0.018502994158764045	0.49441661854228736	6.863677540042962e-18	
8.7 	0.5064919603485258	-6.529051534121191e-18	-0.23025367450061157	-0.01783354002956533	-0.23025367450061163	0.01783354002956533	0.4935080396514758	6.529051534121191e-18	
8.725 	0.5073661658680906	-7.103117562499758e-18	-0.23048244418942743	-0.01712946789503471	-0.23048244418942737	0.01712946789503471	0.4926338341319109	7.103117562499758e-18	
8.75 	0.508204383118432	-7.340866197997815e-18	-0.23058533246022772	-0.016393745203269812	-0.23058533246022783	0.016393745203269812	0.4917956168815697	7.340866197997815e-18	
8.775 	0.5090050569434947	-6.676424541409103e-18	-0.23068474089944335	-0.01562879259202473	-0.23068474089944332	0.01562879259202473	0.49099494305650715	6.676424541409103e-18	
8.8 	0.5097667949770631	-7.520669879270006e-18	-0.23059272253284926	-0.014836187779764086	-0.23059272253284926	0.014836187779764086	0.4902332050229388	7.520669879270006e-18	
8.825 	0.5104882477946685	-6.0733012901671106e-18	-0.2304415078919791	-0.014017356638983725	-0.2304415078919791	0.014017356638983725	0.48951175220533355	6.0733012901671106e-18	
8.85 	0.5111681576284428	-6.2919168134347824e-18	-0.23043061001468412	-0.013175536518632344	-0.2304306100146842	0.013175536518632344	0.4888318423715594	6.2919168134347824e-18	
8.875 	0.5118054689040883	-6.406469824121582e-18	-0.2304365636659805	-0.012314022301640633	-0.23043656366598048	0.012314022301640633	0.4881945310959141	6.406469824121582e-18	
8.9 	0.5123992648789732	-6.048634686334719e-18	-0.23042321474135172	-0.011435201683247092	-0.23042321474135172	0.011435201683247092	0.4876007351210289	6.048634686334719e-18	
8.925 	0.5129487366895386	-4.9957015914959754e-18	-0.23046035639462165	-0.010541441707701625	-0.23046035639462176	0.010541441707701625	0.4870512633104637	4.9957015914959754e-18	
8.95 	0.5134532180208612	-2.6517169289617016e-18	-0.23056634363827608	-0.009636565723827697	-0.2305663436382761	0.009636565723827697	0.4865467819791409	2.6517169289617016e-18	
8.975 	0.5139122465534862	-2.10722457291848e-18	-0.230582050459832	-0.008723192957071555	-0.230582050459832	0.008723192957071555	0.48608775344651606	2.10722457291848e-18	
9.0 	0.5143254405237375	-1.8348781971467284e-18	-0.23060058311908954	-0.007804190859213509	-0.2306005831190896	0.007804190859213509	0.4856745594762649	1.8348781971467284e-18	
9.025 	0.5146925917204689	-1.3159291960726566e-18	-0.230510250272764	-0.006881439855543467	-0.230510250272764	0.006881439855543467	0.4853074082795337	1.3159291960726566e-18	
9.05 	0.5150135382629367	-6.585059585111732e-19	-0.23039582044566262	-0.005955903487405669	-0.23039582044566265	0.005955903487405669	0.4849864617370657	6.585059585111732e-19	
9.075 	0.5152881769953915	1.3207682192840286e-19	-0.23039727820930236	-0.005029773296701577	-0.23039727820930234	0.005029773296701577	0.4847118230046108	-1.3207682192840286e-19	
9.1 	0.5155165915037947	4.45817317689452e-19	-0.23046353955423998	-0.004107380844975981	-0.23046353955424004	0.004107380844975981	0.48448340849620763	-4.45817317689452e-19	
9.125 	0.5156990354902206	9.067558527252266e-19	-0.23056155654963284	-0.0031918444830974124	-0.23056155654963278	0.0031918444830974124	0.48430096450978194	-9.067558527252266e-19	
9.15 	0.5158359254671446	1.0376494927074355e-18	-0.2306216196642415	-0.002285290679491222	-0.23062161966424152	0.002285290679491222	0.4841640745328579	-1.0376494927074355e-18	
9.175 	0.5159277818694733	1.5160923142958624e-18	-0.2306247118417731	-0.0013910953562774444	-0.23062471184177316	0.0013910953562774444	0.4840722181305295	-1.5160923142958624e-18	
9.2 	0.5159752810525761	2.001570132739389e-18	-0.23050195118106317	-0.0005110867552310122	-0.23050195118106323	0.0005110867552310122	0.4840247189474267	-2.001570132739389e-18	
9.225 	0.5159790664506221	2.343600141582168e-18	-0.23045164228241016	0.0003572619646901513	-0.23045164228241022	-0.0003572619646901513	0.484020933549381	-2.343600141582168e-18	
9.25 	0.51593983633602	2.4688466224477115e-18	-0.2304299569576334	0.001209266508365103	-0.23042995695763352	-0.001209266508365103	0.48406016366398313	-2.4688466224477115e-18	
9.275 	0.5158583805072883	2.9172726673762685e-18	-0.2305758443390851	0.0020452174587013033	-0.23057584433908512	-0.0020452174587013033	0.4841416194927149	-2.9172726673762685e-18	
9.3 	0.5157357427437561	2.6532872982084393e-18	-0.23061896675408886	0.0028561052082852895	-0.23061896675408877	-0.0028561052082852895	0.4842642572562471	-2.6532872982084393e-18	
9.325 	0.5155731736505414	3.0942397031163004e-18	-0.23057326934279954	0.0036431782531163937	-0.2305732693427995	-0.0036431782531163937	0.48442682634946177	-3.0942397031163004e-18	
9.35 	0.515371825202122	3.141983279958137e-18	-0.2305513239738199	0.004406868254574633	-0.23055132397381994	-0.004406868254574633	0.4846281747978811	-3.141983279958137e-18	
9.375 	0.5151328664475026	3.0583032542949775e-18	-0.23061458147004665	0.005146606150640599	-0.23061458147004668	-0.005146606150640599	0.4848671335525007	-3.0583032542949775e-18	
9.4 	0.5148576908414325	3.4851788418497034e-18	-0.2305630029697674	0.00585534023414895	-0.23056300296976742	-0.00585534023414895	0.4851423091585711	-3.4851788418497034e-18	
9.425 	0.5145478104136543	3.6517122625767256e-18	-0.23051649828205426	0.006535501436155099	-0.23051649828205426	-0.006535501436155099	0.4854521895863494	-3.6517122625767256e-18	
9.45 	0.514204583760621	3.514877122709736e-18	-0.23058085732685768	0.007188746801996944	-0.23058085732685768	-0.007188746801996944	0.48579541623938266	-3.514877122709736e-18	
9.475 	0.5138294573166252	4.298247070529457e-18	-0.2306173973943107	0.007810274949872072	-0.23061739739431064	-0.007810274949872072	0.48617054268337867	-4.298247070529457e-18	
9.5 	0.5134240684270551	4.5002367054697005e-18	-0.23067924914492105	0.008400053653203808	-0.23067924914492113	-0.008400053653203808	0.4865759315729486	-4.5002367054697005e-18	
9.525 	0.5129900155172559	4.168556492049382e-18	-0.2306970576796001	0.008956079930333797	-0.2306970576796002	-0.008956079930333797	0.48700998448274796	-4.168556492049382e-18	
9.55 	0.5125290792216204	4.2915119809088174e-18	-0.23060833402817627	0.009474951300949545	-0.23060833402817632	-0.009474951300949545	0.48747092077838344	-4.2915119809088174e-18	
9.575 	0.512043124560817	4.077711610015962e-18	-0.23058155091614096	0.009958248564384134	-0.230581550916141	-0.009958248564384134	0.4879568754391871	-4.077711610015962e-18	
9.6 	0.5115338594645632	4.344202844014261e-18	-0.2305757316599685	0.010406394077290238	-0.2305757316599685	-0.010406394077290238	0.4884661405354407	-4.344202844014261e-18	
9.625 	0.5110030650377653	4.461753343747329e-18	-0.23066096392661603	0.010819689963336179	-0.230660963926616	-0.010819689963336179	0.48899693496223845	-4.461753343747329e-18	
9.65 	0.5104524609417647	6.519880152219462e-18	-0.23077136949706858	0.011198577076965244	-0.23077136949706867	-0.011198577076965244	0.4895475390582392	-6.519880152219462e-18	
9.675 	0.5098838680437053	5.328645500385383e-18	-0.23077676385114854	0.011538976058497635	-0.23077676385114848	-0.011538976058497635	0.4901161319562986	-5.328645500385383e-18	
9.7 	0.5092991749532283	4.9170013684964096e-18	-0.23077903560820673	0.011842499565541691	-0.23077903560820678	-0.011842499565541691	0.4907008250467759	-4.9170013684964096e-18	
9.725 	0.5087002567413296	4.5578485873532134e-18	-0.23067704515072135	0.012107344264174496	-0.2306770451507213	-0.012107344264174496	0.49129974325867476	-4.5578485873532134e-18	
9.75 	0.508089078827163	6.213027713456528e-18	-0.23061830713346862	0.0123333657015691	-0.23061830713346856	-0.0123333657015691	0.49191092117284096	-6.213027713456528e-18	
9.775 	0.507467523276452	6.344872802599821e-18	-0.2306737815906625	0.01252287245575596	-0.2306737815906625	-0.01252287245575596	0.49253247672355194	-6.344872802599821e-18	
9.8 	0.5068373982128825	4.991640377284623e-18	-0.230726415191227	0.01267584188496861	-0.23072641519122705	-0.01267584188496861	0.49316260178712157	-4.991640377284623e-18	
9.825 	0.5062005451967725	6.305490922633342e-18	-0.23082384055609464	0.012792354982947056	-0.23082384055609464	-0.012792354982947056	0.4937994548032317	-6.305490922633342e-18	
9.85 	0.505558754952714	6.347059637604349e-18	-0.23085660491337381	0.012873088357488823	-0.23085660491337376	-0.012873088357488823	0.4944412450472901	-6.347059637604349e-18	
9.875 	0.504913850319885	5.084698436468477e-18	-0.23085582933253618	0.012917177802423721	-0.23085582933253618	-0.012917177802423721	0.49508614968011894	-5.084698436468477e-18	
9.9 	0.5042676306451858	4.617481858078056e-18	-0.23083531425565573	0.012925524932221258	-0.23083531425565568	-0.012925524932221258	0.49573236935481796	-4.617481858078056e-18	
9.925 	0.5036218657264621	6.258073064574734e-18	-0.23094483118492326	0.012899988596511168	-0.2309448311849232	-0.012899988596511168	0.49637813427354166	-6.258073064574734e-18	
9.95 	0.5029782221288244	4.562941121365033e-18	-0.23075588181847054	0.012839517313542997	-0.2307558818184705	-0.012839517313542997	0.4970217778711794	-4.562941121365033e-18	
9.975 	0.5023384809168462	4.646259779578216e-18	-0.23065539301787702	0.012744473580470546	-0.230655393017877	-0.012744473580470546	0.49766151908315764	-4.646259779578216e-18	
10.0 	0.5017043347099539	3.74872232623733e-18	-0.23071026847123183	0.012616094790921097	-0.23071026847123177	-0.012616094790921097	0.49829566529004987	-3.74872232623733e-18	
10.025 	0.5010773730382783	2.6828552161320548e-18	-0.23098869322632834	0.012457675725958257	-0.2309886932263284	-0.012457675725958257	0.49892262696172557	-2.6828552161320548e-18	
10.05 	0.5004590410970717	2.5977715291752573e-18	-0.23113135434555807	0.012270767111860027	-0.23113135434555804	-0.012270767111860027	0.499540958902932	-2.5977715291752573e-18	
10.075 	0.499850800590674	2.1241925145832945e-18	-0.2310598845458067	0.012053912590448418	-0.2310598845458067	-0.012053912590448418	0.5001491994093296	-2.1241925145832945e-18	
10.1 	0.4992541257743076	2.2101898102858173e-18	-0.23090897038199767	0.011808225708294255	-0.23090897038199762	-0.011808225708294255	0.5007458742256962	-2.2101898102858173e-18	
10.125 	0.498670456237342	3.839804101551887e-18	-0.23080377076403705	0.01153402880639565	-0.23080377076403713	-0.01153402880639565	0.501329543762662	-3.839804101551887e-18	
10.15 	0.49810114876753847	2.526187247537224e-18	-0.23083252179725552	0.011234268702664158	-0.23083252179725547	-0.011234268702664158	0.5018988512324658	-2.526187247537224e-18	
10.175 	0.49754745170281295	2.377045408425273e-18	-0.23084184669435345	0.010909608670347614	-0.23084184669435345	-0.010909608670347614	0.5024525482971912	-2.377045408425273e-18	
10.2 	0.49701058264276843	2.4656355505840082e-18	-0.23095818483340647	0.010561420197469668	-0.23095818483340635	-0.010561420197469668	0.5029894173572359	-2.4656355505840082e-18	
10.225 	0.49649165268721573	1.5059118692260393e-18	-0.23110643682182186	0.01019224478718492	-0.23110643682182186	-0.01019224478718492	0.5035083473127887	-1.5059118692260393e-18	
10.25 	0.49599167864337296	1.5193311492610586e-18	-0.23116465862309182	0.009803493045118359	-0.23116465862309177	-0.009803493045118359	0.5040083213566314	-1.5193311492610586e-18	
10.275 	0.49551163058208275	1.9409145235796946e-18	-0.23107484872676695	0.009395191640740817	-0.2310748487267669	-0.009395191640740817	0.5044883694179219	-1.9409145235796946e-18	
10.3 	0.4950524689969237	8.386204354537343e-19	-0.2310408248528761	0.008968291970169679	-0.23104082485287616	-0.008968291970169679	0.5049475310030809	-8.386204354537343e-19	
10.325 	0.49461504628475156	1.1922068293175037e-18	-0.2310263599856403	0.008525997168294842	-0.23102635998564033	-0.008525997168294842	0.505384953715253	-1.1922068293175037e-18	
10.35 	0.4942001202715141	1.1755347490972596e-18	-0.23094569077546895	0.008068642430581327	-0.2309456907754689	-0.008068642430581327	0.5057998797284906	-1.1755347490972596e-18	
10.375 	0.4938084254551832	8.1211213881791425e-19	-0.2309060679587499	0.00759674008260692	-0.23090606795874996	-0.00759674008260692	0.5061915745448217	-8.1211213881791425e-19	
10.4 	0.493440620767635	4.82040545661293e-19	-0.23107282253733735	0.007114186130658785	-0.2310728225373373	-0.007114186130658785	0.5065593792323697	-4.82040545661293e-19	
10.425 	0.4930971942328996	6.563173945374988e-19	-0.23109523042341268	0.006621308297692227	-0.23109523042341268	-0.006621308297692227	0.5069028057671051	-6.563173945374988e-19	
10.45 	0.49277863425009516	7.605393652881822e-20	-0.23117961319276092	0.006119932834091743	-0.23117961319276084	-0.006119932834091743	0.5072213657499094	-7.605393652881822e-20	
10.475 	0.49248531802402684	-7.170893419534575e-19	-0.23128602164048725	0.005611852710239835	-0.23128602164048728	-0.005611852710239835	0.5075146819759778	7.170893419534575e-19	
10.5 	0.49221751316585644	-9.375384639069442e-19	-0.2312219090870587	0.005099594961599092	-0.23122190908705864	-0.005099594961599092	0.5077824868341481	9.375384639069442e-19	
10.525 	0.4919754522980073	-1.6703687182410869e-18	-0.2310536518052504	0.004582199654576467	-0.23105365180525037	-0.004582199654576467	0.5080245477019973	1.6703687182410869e-18	
10.55 	0.49175937058295205	-2.136095780279038e-18	-0.2309235419199771	0.004060202531388508	-0.23092354191997716	-0.004060202531388508	0.5082406294170528	2.136095780279038e-18	
10.575 	0.4915694518931223	-2.729020534527172e-18	-0.23098684727396257	0.003536334413462676	-0.23098684727396263	-0.003536334413462676	0.5084305481068825	2.729020534527172e-18	
10.6 	0.49140572143158545	-3.3328176852796626e-18	-0.23110715602220389	0.003013046742839903	-0.23110715602220389	-0.003013046742839903	0.5085942785684192	3.3328176852796626e-18	
10.625 	0.491268117875238	-3.6429180402764866e-18	-0.23131240242545242	0.0024919426525085555	-0.23131240242545248	-0.0024919426525085555	0.5087318821247666	3.6429180402764866e-18	
10.65 	0.4911564216336611	-3.80604718186412e-18	-0.2312849145358375	0.0019766248812554434	-0.23128491453583738	-0.0019766248812554434	0.5088435783663435	3.80604718186412e-18	
10.675 	0.49107041890705183	-4.127186133275711e-18	-0.23117634670447074	0.0014639865686127342	-0.23117634670447076	-0.0014639865686127342	0.5089295810929528	4.127186133275711e-18	
10.7 	0.49100994072774773	-4.300807037544008e-18	-0.23115511094650074	0.0009563390657097162	-0.23115511094650076	-0.0009563390657097162	0.5089900592722569	4.300807037544008e-18	
10.725 	0.49097467517299803	-4.477246393763187e-18	-0.23110940839578312	0.00045508735264801627	-0.2311094083957831	-0.00045508735264801627	0.5090253248270067	4.477246393763187e-18	
10.75 	0.49096429654429913	-4.576885477389242e-18	-0.23115417244075956	-3.815525827289025e-05	-0.23115417244075964	3.815525827289025e-05	0.5090357034557054	4.576885477389242e-18	
10.775 	0.49097833212743375	-4.6765609684584606e-18	-0.23113173733149392	-0.0005216857054973939	-0.23113173733149392	0.0005216857054973939	0.5090216678725709	4.6765609684584606e-18	
10.8 	0.49101630525198653	-4.791714733403836e-18	-0.2311227889518916	-0.0009959240157551975	-0.2311227889518916	0.0009959240157551975	0.5089836947480179	4.791714733403836e-18	
10.825 	0.4910777427634859	-4.932672773153889e-18	-0.2312338241171216	-0.0014595508890074998	-0.23123382411712165	0.0014595508890074998	0.5089222572365183	4.932672773153889e-18	
10.85 	0.49116200898347384	-4.950826843662722e-18	-0.2312672830389907	-0.0019085911176677775	-0.2312672830389907	0.0019085911176677775	0.5088379910165304	4.950826843662722e-18	
10.875 	0.4912683612503755	-4.786053968092992e-18	-0.2311897081359445	-0.002343057833673421	-0.23118970813594442	0.002343057833673421	0.5087316387496287	4.786053968092992e-18	
10.9 	0.4913961287757289	-5.0010805701848844e-18	-0.2312047230559655	-0.002765126204557279	-0.23120472305596548	0.002765126204557279	0.5086038712242752	5.0010805701848844e-18	
10.925 	0.4915445804334584	-5.005356946252625e-18	-0.23113609212983766	-0.0031702088729188348	-0.23113609212983757	0.0031702088729188348	0.508455419566546	5.005356946252625e-18	
10.95 	0.4917129217591982	-4.798877174094348e-18	-0.2311299195337704	-0.00356072107031012	-0.2311299195337704	0.00356072107031012	0.5082870782408061	4.798877174094348e-18	
10.975 	0.49190036968131673	-4.8571573137516264e-18	-0.23112562654088836	-0.003934505575035342	-0.23112562654088836	0.003934505575035342	0.5080996303186874	4.8571573137516264e-18	
11.0 	0.49210610469913596	-4.430541641218929e-18	-0.23117951982343232	-0.004291959548267646	-0.23117951982343238	0.004291959548267646	0.5078938953008683	4.430541641218929e-18	
11.025 	0.49232928278550286	-4.4393882676965995e-18	-0.23126056970460993	-0.0046320085458832925	-0.23126056970460993	0.0046320085458832925	0.5076707172145014	4.4393882676965995e-18	
11.05 	0.4925689695602543	-4.298127816160456e-18	-0.23125823567219414	-0.00495210629355413	-0.2312582356721942	0.00495210629355413	0.5074310304397497	4.298127816160456e-18	
11.075 	0.49282412616688165	-4.323739613729743e-18	-0.23116505224430384	-0.005251025677558025	-0.23116505224430375	0.005251025677558025	0.5071758738331223	4.323739613729743e-18	
11.1 	0.49309373601477435	-4.398197765497297e-18	-0.2310793969223668	-0.005529976391076141	-0.2310793969223667	0.005529976391076141	0.5069062639852295	4.398197765497297e-18	
11.125 	0.49337680436696785	-4.498490878981222e-18	-0.23108201720173008	-0.005789765507870489	-0.23108201720172997	0.005789765507870489	0.506623195633036	4.498490878981222e-18	
11.15 	0.4936723855321161	-4.472162779309879e-18	-0.23112344360000603	-0.006030126679136058	-0.23112344360000603	0.006030126679136058	0.5063276144678879	4.472162779309879e-18	
11.175 	0.49397947852901636	-4.954485469442232e-18	-0.2311906697813656	-0.006250344172019514	-0.23119066978136557	0.006250344172019514	0.5060205214709875	4.954485469442232e-18	
11.2 	0.49429708733807204	-3.842266031646229e-18	-0.23124914346124686	-0.006450563586426904	-0.2312491434612468	0.006450563586426904	0.5057029126619319	3.842266031646229e-18	
11.225 	0.4946241706479761	-4.424307859087229e-18	-0.2311983041025397	-0.006629009232797247	-0.23119830410253975	0.006629009232797247	0.5053758293520276	4.424307859087229e-18	
11.25 	0.4949596236807333	-3.778072621893592e-18	-0.23109626225175317	-0.006785307117860328	-0.23109626225175317	0.006785307117860328	0.5050403763192706	3.778072621893592e-18	
11.275 	0.4953023444594759	-3.781467188957209e-18	-0.23107334253023287	-0.0069200922739383235	-0.2310733425302329	0.0069200922739383235	0.5046976555405278	3.781467188957209e-18	
11.3 	0.49565131266222795	-3.653916812743313e-18	-0.23111423160775446	-0.007035171135656735	-0.2311142316077545	0.007035171135656735	0.5043486873377758	3.653916812743313e-18	
11.325 	0.49600550140067023	-3.66700892053288e-18	-0.23107642637896542	-0.007128925364903387	-0.2310764263789654	0.007128925364903387	0.5039944985993332	3.66700892053288e-18	
11.35 	0.4963638271848875	-3.696515197317431e-18	-0.23094953101481316	-0.007200238464219951	-0.23094953101481322	0.007200238464219951	0.5036361728151159	3.696515197317431e-18	
11.375 	0.49672520582716695	-3.067910205712631e-18	-0.23106312359467818	-0.007251762872169476	-0.23106312359467823	0.007251762872169476	0.5032747941728364	3.067910205712631e-18	
11.4 	0.4970886769292724	-3.610206198675388e-18	-0.23118473669897463	-0.007283914685530419	-0.23118473669897457	0.007283914685530419	0.5029113230707309	3.610206198675388e-18	
11.425 	0.49745325882086666	-3.0953967973239746e-18	-0.23123589676331036	-0.007296098504218237	-0.2312358967633103	0.007296098504218237	0.5025467411791368	3.0953967973239746e-18	
11.45 	0.49781796626962743	-2.909951095469931e-18	-0.2312164198172531	-0.007288862242659716	-0.2312164198172531	0.007288862242659716	0.5021820337303761	2.909951095469931e-18	
11.475 	0.4981818104547701	-2.3816841823617188e-18	-0.2310596997886555	-0.007261470160157242	-0.23105969978865556	0.007261470160157242	0.5018181895452333	2.3816841823617188e-18	
11.5 	0.49854379102112684	-2.4591567645145753e-18	-0.2309117131824531	-0.007214547583870633	-0.23091171318245304	0.007214547583870633	0.5014562089788765	2.4591567645145753e-18	
11.525 	0.4989029399118417	-1.0513293958202696e-18	-0.23080306543104998	-0.007148165538304014	-0.23080306543104998	0.007148165538304014	0.5010970600881621	1.0513293958202696e-18	
11.55 	0.49925832272009846	-5.646504625246543e-19	-0.2309741690544089	-0.007064618881012837	-0.23097416905440896	0.007064618881012837	0.5007416772799055	5.646504625246543e-19	
11.575 	0.49960911376170025	-5.108617099767032e-19	-0.23096835172325214	-0.006964018721854234	-0.23096835172325214	0.006964018721854234	0.5003908862383036	5.108617099767032e-19	
11.6 	0.4999544348490304	-1.3380085040382397e-18	-0.23110389968389253	-0.00684632024687009	-0.23110389968389258	0.00684632024687009	0.5000455651509734	1.3380085040382397e-18	
11.625 	0.5002934936219983	-1.2423014372950486e-18	-0.23119954726880554	-0.006713415134493027	-0.23119954726880548	0.006713415134493027	0.49970650637800546	1.2423014372950486e-18	
11.65 	0.5006255237660091	-4.525175627184364e-19	-0.2311876597091596	-0.006565407725933469	-0.23118765970915967	0.006565407725933469	0.49937447623399467	4.525175627184364e-19	
11.675 	0.5009497670959931	-6.547368063504682e-19	-0.23098265169038817	-0.006401861716972543	-0.23098265169038812	0.006401861716972543	0.49905023290401096	6.547368063504682e-19	
11.7 	0.5012654568045222	-1.5478166910937982e-19	-0.23077417514588555	-0.006223174576559146	-0.23077417514588563	0.006223174576559146	0.4987345431954819	1.5478166910937982e-19	
11.725 	0.5015718637955635	-1.620299502130211e-19	-0.23076578254326877	-0.00603083178605938	-0.23076578254326882	0.00603083178605938	0.49842813620444076	1.620299502130211e-19	
11.75 	0.5018683401064541	-2.2189653023725548e-20	-0.2309078609430491	-0.005826278726037811	-0.23090786094304916	0.005826278726037811	0.4981316598935501	2.2189653023725548e-20	
11.775 	0.5021543074836401	-1.195591229917884e-19	-0.23094410661155984	-0.005610391137837609	-0.23094410661155992	0.005610391137837609	0.49784569251636446	1.195591229917884e-19	
11.8 	0.5024291981391666	4.9234711978788197e-20	-0.23096044604918317	-0.00538348489105479	-0.23096044604918325	0.00538348489105479	0.49757080186083796	-4.9234711978788197e-20	
11.825 	0.502692476732756	7.97709187057873e-19	-0.23095606446375286	-0.005145931993276818	-0.2309560644637529	0.005145931993276818	0.4973075232672487	-7.97709187057873e-19	
11.85 	0.5029436418972053	1.659862147196312e-18	-0.231032594257175	-0.004899277833490766	-0.23103259425717504	0.004899277833490766	0.49705635810279925	-1.659862147196312e-18	
11.875 	0.5031822682883678	2.1324530326442366e-18	-0.23105185631811898	-0.004644517433807969	-0.23105185631811898	0.004644517433807969	0.4968177317116367	-2.1324530326442366e-18	
11.9 	0.5034079645758921	2.0145262052298674e-18	-0.23092389979416866	-0.004382079935417952	-0.23092389979416866	0.004382079935417952	0.49659203542411207	-2.0145262052298674e-18	
11.925 	0.5036203392088574	2.123887129409918e-18	-0.23085061727649814	-0.0041119012805321264	-0.23085061727649814	0.0041119012805321264	0.4963796607911469	-2.123887129409918e-18	
11.95 	0.5038190622255925	2.1000935130454542e-18	-0.23074785087797114	-0.0038360775609931467	-0.23074785087797117	0.0038360775609931467	0.4961809377744118	-2.1000935130454542e-18	
11.975 	0.5040038423943659	2.499980269662562e-18	-0.23060368414303675	-0.003554004286321108	-0.2306036841430368	0.003554004286321108	0.4959961576056381	-2.499980269662562e-18	
