0.0 	1.0	0.0	-2.5860532068485732e-17	0.0	-2.509858598950547e-17	0.0	-8.783069273710706e-19	0.0	
0.025 	0.9993756694897173	1.2641241865153103e-19	0.0006115330665767489	0.024948587965257216	0.0006115330665767454	-0.024948587965257216	0.0006243305102828289	-6.05861262843305e-19	
0.05 	0.997509505078961	-1.0243717963604857e-18	0.002390046983347341	0.049637523697638006	0.002390046983347355	-0.049637523697638006	0.002490494921039167	1.080711547469476e-18	
0.075 	0.9944194297396525	1.874101699882161e-18	0.0052506725667386565	0.07387679477757872	0.0052506725667386366	-0.07387679477757872	0.005580570260347742	3.142196624973586e-18	
0.1 	0.9901319194919616	-5.943189663371712e-20	0.009115210997475785	0.09751117375758855	0.009115210997475769	-0.09751117375758855	0.0098680805080388	-1.4124980248287547e-18	
0.125 	0.9846805934255893	-4.67721947955402e-18	0.01390130585789576	0.12040906007631505	0.013901305857895807	-0.12040906007631505	0.015319406574411292	-6.244960810042534e-18	
0.15 	0.9781052022015353	-6.853899593704126e-18	0.019536494753523224	0.14245629077484964	0.019536494753523252	-0.14245629077484964	0.021894797798465378	-7.069131984348656e-18	
0.175 	0.9704508233228423	-7.592240293544437e-19	0.025950673210514134	0.16355283712843768	0.02595067321051417	-0.16355283712843768	0.029549176677158215	3.384171941617941e-18	
0.2 	0.9617672107994089	9.25092792108045e-18	0.03307221418150653	0.18361169510902992	0.0330722141815065	-0.18361169510902992	0.03823278920059168	8.769583428241719e-18	
0.225 	0.9521082011077621	-1.876302823521955e-17	0.04083487636680723	0.202555670730697	0.04083487636680722	-0.20255567073069697	0.04789179889223848	1.114776054622874e-17	
0.25 	0.9415312102245165	-2.633528732708257e-18	0.04916003374831894	0.22032048098482498	0.049160033748318954	-0.22032048098482493	0.058468789775483976	6.3982992570225184e-18	
0.275 	0.9300968072856421	-1.2640155546325463e-17	0.05799390181557626	0.23684624863937612	0.0579939018155763	-0.2368462486393761	0.06990319271435828	1.6903930907483043e-17	
0.3 	0.917868235183208	-1.1211637052926211e-18	0.06727825525919018	0.2520814677086028	0.06727825525919014	-0.2520814677086028	0.08213176481679244	4.637458503673112e-18	
0.325 	0.9049109427827257	-2.1828329930826926e-18	0.07694096590985702	0.26598579892500007	0.07694096590985701	-0.26598579892500007	0.0950890572172749	-5.3386211261488004e-18	
0.35 	0.8912922642145658	3.986839300579315e-18	0.08690049523117879	0.27853069285114074	0.0869004952311788	-0.27853069285114074	0.10870773578543502	-3.4266699441517753e-18	
0.375 	0.8770812156906029	-1.4748799599769176e-17	0.0971124967013389	0.2896870259329852	0.0971124967013389	-0.2896870259329851	0.12291878430939772	-7.218199383329053e-18	
0.4 	0.8623476330368512	-1.7051731943298182e-18	0.10753540426914698	0.2994235600375204	0.10753540426914705	-0.2994235600375204	0.13765236696314945	6.54613298737499e-18	
0.425 	0.8471621809212927	8.475265519286121e-18	0.11804361036687488	0.3077546901998794	0.11804361036687494	-0.3077546901998794	0.1528378190787079	1.6432731565821515e-17	
0.45 	0.8315962444483158	-1.2862294287357345e-18	0.12863996553200244	0.3146516998464502	0.1286399655320025	-0.3146516998464502	0.16840375555168458	-5.2743919124458175e-18	
0.475 	0.8157204882222069	-1.8734255768577146e-17	0.13923002940820584	0.3201234695723986	0.13923002940820586	-0.3201234695723986	0.18427951177779361	-8.035360374107856e-18	
0.5 	0.7996062951869554	-6.1432283386899586e-18	0.14972479676387793	0.3242069716295314	0.14972479676387798	-0.3242069716295313	0.20039370481304516	-1.58306010891038e-18	
0.525 	0.7833234629343838	1.2695787334309956e-18	0.1601336261621602	0.3268705762861462	0.16013362616216023	-0.3268705762861462	0.21667653706561676	7.74709709366769e-19	
0.55 	0.7669413945892276	3.8709073765842815e-18	0.17031943688184917	0.32818919224400234	0.1703194368818492	-0.32818919224400234	0.23305860541077297	2.8603276565115087e-18	
0.575 	0.750528057898975	3.3956439799732475e-18	0.1803289670772187	0.32812148719659157	0.18032896707721874	-0.32812148719659157	0.2494719421010255	-8.201278302322454e-19	
0.6 	0.7341495165760478	1.8551083412627872e-17	0.1899773701950782	0.32679201416038506	0.1899773701950782	-0.32679201416038506	0.2658504834239529	1.1714209154073393e-17	
0.625 	0.7178709393719461	-2.329168605103213e-18	0.19933109515679054	0.32416170698178615	0.19933109515679057	-0.32416170698178615	0.2821290606280544	1.3197432676625973e-18	
0.65 	0.7017539520821044	7.842166388501563e-18	0.20826422574887074	0.3203254680081818	0.2082642257488708	-0.3203254680081818	0.29824604791789594	1.6187902201616142e-17	
0.675 	0.6858591042446726	-4.4553550761178734e-18	0.21680353993964696	0.31527449450563305	0.216803539939647	-0.31527449450563305	0.3141408957553278	5.62629488355292e-18	
0.7 	0.6702432521090588	-5.631239729315175e-18	0.2247914606996428	0.309169905412355	0.22479146069964281	-0.30916990541235495	0.32975674789094167	-5.2048924663929575e-18	
0.725 	0.6549614626881415	2.030884614703731e-18	0.2323240148673739	0.30193478226315734	0.23232401486737386	-0.30193478226315734	0.345038537311859	6.757533755728866e-18	
0.75 	0.6400646553997864	7.565984611167912e-18	0.23923901619648655	0.29376588113244145	0.23923901619648658	-0.29376588113244145	0.35993534460021415	1.1190317555162499e-17	
0.775 	0.6256013133084012	-6.237074166327115e-18	0.24560014321568438	0.28461717520544844	0.2456001432156844	-0.28461717520544844	0.3743986866915993	2.7819935929760696e-18	
0.8 	0.6116169243123835	-9.459898465537916e-18	0.251312198849025	0.27464946648852623	0.251312198849025	-0.27464946648852623	0.38838307568761693	-7.778644556899872e-18	
0.825 	0.5981507620704434	6.412312595278588e-19	0.25639478880140143	0.26384129031876213	0.2563947888014015	-0.26384129031876213	0.40184923792955696	5.152356498776718e-18	
0.85 	0.5852435891262596	7.43279850566865e-18	0.2607876678442879	0.2523681576529128	0.2607876678442879	-0.2523681576529128	0.4147564108737409	6.969769297725981e-18	
0.875 	0.5729261191212072	-9.693017638043247e-18	0.26449714355414905	0.24022653253840778	0.26449714355414916	-0.24022653253840776	0.42707388087879317	-7.808385317956069e-18	
0.9 	0.5612312830073862	-1.4147418937458288e-17	0.26751596502037017	0.22750238592654454	0.2675159650203702	-0.22750238592654454	0.43876871699261427	-8.164390510620134e-18	
0.925 	0.5501832342808322	-2.2601071348220083e-18	0.26979385193867644	0.21434051395012885	0.2697938519386765	-0.21434051395012885	0.44981676571916845	8.807927237507143e-19	
0.95 	0.5398047456916601	1.6080037498888988e-18	0.2713747425498582	0.20069489106551563	0.27137474254985827	-0.20069489106551563	0.46019525430834035	2.635082174751739e-18	
0.975 	0.5301161453604067	3.8860306342428766e-18	0.272201598492544	0.18682621686867615	0.27220159849254405	-0.18682621686867612	0.4698838546395941	-3.793759275924756e-18	
1.0 	0.5211281420440582	5.240981517262551e-18	0.2723211189007972	0.17261783426323307	0.2723211189007973	-0.17261783426323307	0.47887185795594234	6.504690511060771e-18	
1.025 	0.5128557762664934	5.317580293363189e-18	0.27171688318380566	0.15826622345583533	0.2717168831838057	-0.15826622345583533	0.4871442237335072	1.0077083250737178e-17	
1.05 	0.5053025522917012	-7.004559644371642e-18	0.2703943363345442	0.14384382807045756	0.27039433633454424	-0.14384382807045756	0.49469744770829926	-5.312722483716312e-18	
1.075 	0.49847248623983015	1.7187722896705905e-18	0.26837795237728734	0.12932965077748543	0.26837795237728734	-0.12932965077748543	0.5015275137601705	-1.1351747817826816e-18	
1.1 	0.4923667537675994	3.7436539904150354e-19	0.2656710709578114	0.11493728951013205	0.26567107095781145	-0.11493728951013203	0.5076332462324008	6.878256654791882e-19	
1.125 	0.48697740228897457	3.2180756322632453e-18	0.2622985506274738	0.1006616804344217	0.2622985506274738	-0.1006616804344217	0.5130225977110258	-2.5933854186360178e-18	
1.15 	0.4823013494520533	2.742251660253658e-18	0.258272141116684	0.08646031605878148	0.25827214111668406	-0.08646031605878148	0.5176986505479472	4.0660505568685426e-18	
1.175 	0.4783239500156534	5.763984619370063e-19	0.25363587039069846	0.07266121343350648	0.2536358703906985	-0.0726612134335065	0.5216760499843469	-1.4343821328188884e-18	
1.2 	0.4750321435212084	1.6357941602153719e-18	0.24839171613076053	0.05907581657545848	0.2483917161307606	-0.05907581657545848	0.5249678564787918	-1.0679885051604717e-18	
1.225 	0.4724104937526395	-1.4327054224912326e-18	0.2425766873758023	0.04586813707106195	0.24257668737580237	-0.04586813707106195	0.5275895062473609	-5.8216653500866095e-19	
1.25 	0.4704369112100686	-2.6492040832672157e-18	0.23624541290395618	0.03316674923598007	0.2362454129039563	-0.03316674923598007	0.5295630887899319	-1.1095966483497622e-18	
1.275 	0.4690883798899248	-2.039335223677924e-18	0.22938434420439688	0.020833162128417272	0.22938434420439696	-0.020833162128417276	0.5309116201100754	-6.312397101925838e-19	
1.3 	0.4683434897569405	-4.243301811687418e-18	0.22206159175098605	0.009080868005273806	0.22206159175098616	-0.009080868005273803	0.5316565102430595	3.135065787760345e-18	
1.325 	0.46816961802069745	-6.121822756251521e-18	0.21433467101822906	-0.002061533463835125	0.21433467101822912	0.0020615334638351326	0.5318303819793024	4.382109472352645e-18	
1.35 	0.4685410052535862	-6.725211033713981e-18	0.20616094209835256	-0.012698087238473732	0.20616094209835262	0.012698087238473744	0.5314589947464137	6.468114417297462e-18	
1.375 	0.4694260481068808	-9.870949451325988e-18	0.1976837686226912	-0.022581606360964228	0.19768376862269124	0.022581606360964238	0.5305739518931193	7.17706462923981e-18	
1.4 	0.47078981105396056	-8.546180484848853e-18	0.18887183479700037	-0.03183387225050555	0.18887183479700045	0.03183387225050556	0.5292101889460394	8.747196708376806e-18	
1.425 	0.47259845715758125	-1.0116530232065128e-17	0.17975874473799655	-0.040436925412793034	0.17975874473799655	0.04043692541279305	0.5274015428424188	7.952230944524023e-18	
1.45 	0.4748193085007068	-1.1818657011925344e-17	0.1704414418732806	-0.04824180825101332	0.17044144187328064	0.04824180825101333	0.5251806914992934	5.369374252815675e-18	
1.475 	0.4774104822151946	-1.3816081458793944e-17	0.16096449589153342	-0.05529273447097368	0.16096449589153344	0.055292734470973694	0.5225895177848058	1.1408540998931948e-17	
1.5 	0.4803385462596388	-1.537578520477266e-17	0.15123473006366914	-0.06170070899399585	0.15123473006366916	0.06170070899399587	0.5196614537403618	1.0832077409660941e-17	
1.525 	0.4835652526804568	-1.0514979900599548e-17	0.14147413540296316	-0.06723972149112328	0.1414741354029632	0.0672397214911233	0.5164347473195439	1.1862667454892242e-17	
1.55 	0.48704952759445824	-1.276739838415606e-17	0.1316509659176212	-0.07202035307342586	0.13165096591762118	0.07202035307342589	0.5129504724055424	9.980185629173673e-18	
1.575 	0.49075514827135364	-9.684220299273877e-18	0.12174182980696592	-0.07608071221099336	0.12174182980696592	0.07608071221099337	0.509244851728647	1.2399937810820691e-17	
1.6 	0.49464410256368085	-1.1186970079024722e-17	0.11185748518594425	-0.07934617651591061	0.1118574851859443	0.07934617651591062	0.5053558974363196	1.297190089483571e-17	
1.625 	0.4986765390779878	-8.037373779579474e-18	0.10207182588198915	-0.08180946320973338	0.10207182588198918	0.0818094632097334	0.5013234609220125	1.484495033770846e-17	
1.65 	0.5028141818314289	-1.1230064500494984e-17	0.09230858061146481	-0.0835900021336545	0.09230858061146481	0.08359000213365453	0.4971858181685716	1.0434744663389406e-17	
1.675 	0.5070235253804006	-6.949405478325824e-18	0.0826321089065672	-0.08462570652294113	0.0826321089065672	0.08462570652294113	0.4929764746195998	1.0931156958125427e-17	
1.7 	0.5112638868149583	-4.940677609613215e-18	0.07321933113171306	-0.08488900118832242	0.07321933113171306	0.08488900118832243	0.4887361131850422	5.752937424886608e-18	
1.725 	0.5155018849946151	-1.8022807840780224e-17	0.06391036234008116	-0.08450236781410962	0.06391036234008118	0.08450236781410964	0.4844981150053852	1.0213968901567708e-17	
1.75 	0.5197039200125352	-1.434196435785274e-17	0.05477719293516317	-0.08345865501342771	0.05477719293516317	0.08345865501342772	0.48029607998746554	9.596737696158738e-18	
1.775 	0.5238359355785909	-1.1664604980511826e-17	0.045960675769143915	-0.08172753548027042	0.0459606757691439	0.08172753548027044	0.47616406442140996	1.6121223362874287e-17	
1.8 	0.5278659284808981	-1.0136002418300551e-17	0.0374188727637881	-0.07938236896316904	0.037418872763788066	0.07938236896316905	0.47213407151910264	1.1017344127597935e-17	
1.825 	0.5317647960099104	-1.2451311325040565e-17	0.029101014679350497	-0.07648391484815954	0.029101014679350445	0.07648391484815954	0.4682352039900903	9.761996426198738e-18	
1.85 	0.5355044351305852	-1.2774787256159763e-17	0.021135782259829976	-0.07300783739901565	0.021135782259829945	0.07300783739901566	0.4644955648694155	1.3654643250146801e-17	
1.875 	0.5390565171242121	-1.0167813196599761e-17	0.013577058996169851	-0.06899715714338332	0.01357705899616982	0.06899715714338334	0.4609434828757888	1.6335205932299146e-17	
1.9 	0.5423971789719169	-1.1598846611299949e-17	0.0062477110375461185	-0.06455596532757091	0.0062477110375460864	0.06455596532757092	0.45760282102808386	9.560260269136499e-18	
1.925 	0.5455039950631017	-1.2256762022257275e-17	-0.000642661506032762	-0.05964176864575957	-0.0006426615060327968	0.05964176864575959	0.4544960049368991	1.3168456639983145e-17	
1.95 	0.5483548272221751	-1.4477746447399655e-17	-0.007137548211880699	-0.05433043672967304	-0.0071375482118807175	0.05433043672967306	0.4516451727778256	9.850104223421277e-18	
1.975 	0.5509311137864433	-8.980844423780418e-18	-0.013244001888225167	-0.04866141279090658	-0.013244001888225224	0.0486614127909066	0.4490688862135575	9.98540334382771e-18	
2.0 	0.553216070247283	-9.361313358946652e-18	-0.01899242837145481	-0.04268686612353573	-0.01899242837145485	0.042686866123535734	0.4467839297527178	9.240875032673887e-18	
2.025 	0.5551949841603276	-1.2440381423990097e-17	-0.024291586789035865	-0.03642480941191212	-0.02429158678903592	0.03642480941191213	0.4448050158396732	1.1133932051746243e-17	
2.05 	0.5568546299586976	-1.0134589584189565e-17	-0.02915320225502808	-0.02992805958959445	-0.029153202255028113	0.02992805958959445	0.44314537004130333	6.928065661441198e-18	
2.075 	0.5581846580418779	-8.079140285465659e-18	-0.03362699620069434	-0.02324541719157841	-0.03362699620069437	0.023245417191578407	0.44181534195812316	6.5175241519005006e-18	
2.1 	0.5591767553020981	-7.319940433911341e-18	-0.0376998520852194	-0.016415582958594077	-0.03769985208521944	0.016415582958594077	0.440823244697903	4.974861500139145e-18	
2.125 	0.5598243131622259	-4.962932977878035e-18	-0.041304522568005576	-0.009472496338292159	-0.0413045225680056	0.009472496338292153	0.440175686837775	4.163036606407433e-18	
2.15 	0.5601229651751556	-4.733489380423477e-18	-0.04452769579372062	-0.0024655658606524094	-0.044527695793720665	0.002465565860652404	0.43987703482484525	3.0552412713809378e-18	
2.175 	0.5600704522500068	-3.925175212180498e-18	-0.0473464134272877	0.004567050185230651	-0.04734641342728776	-0.0045670501852306585	0.439929547749994	2.358900388484844e-18	
2.2 	0.5596665160962997	-3.523343921673824e-18	-0.04975371515032966	0.011586087048017335	-0.049753715150329725	-0.011586087048017344	0.44033348390370114	1.0879603791319238e-18	
2.225 	0.5589127644772725	-2.7563299692065585e-18	-0.05176900705949088	0.01855179021139723	-0.051769007059490876	-0.018551790211397245	0.44108723552272844	-4.764991356523235e-20	
2.25 	0.5578126582893492	-2.9762842973292243e-18	-0.05341814479138253	0.025435941054808668	-0.053418144791382564	-0.025435941054808685	0.4421873417106517	1.0834330477982948e-18	
2.275 	0.5563712556286295	-3.62434154710177e-18	-0.05468012592805272	0.03219337944949181	-0.05468012592805274	-0.03219337944949182	0.4436287443713716	3.460896052458349e-18	
2.3 	0.554595996535589	-2.311014959846898e-18	-0.055602195219973435	0.038789419439303766	-0.055602195219973484	-0.03878941943930378	0.445404003464412	1.817994893684359e-18	
2.325 	0.552495329837402	-2.3391842889590824e-18	-0.05620115709691014	0.045204433731667076	-0.05620115709691017	-0.045204433731667076	0.44750467016259876	3.55695413772776e-18	
2.35 	0.5500791405363518	-4.785698416115842e-18	-0.056460431906717144	0.051402392290198294	-0.05646043190671719	-0.051402392290198294	0.449920859463649	6.9371952349407285e-19	
2.375 	0.5473592997592568	-3.236100511789083e-18	-0.05639606272822151	0.05734446263100206	-0.05639606272822153	-0.057344462631002076	0.45264070024074415	2.126561224549606e-18	
2.4 	0.5443490879758859	-1.2474353501447488e-18	-0.0560949519519957	0.06302072243469241	-0.056094951951995736	-0.06302072243469241	0.455650912024115	2.0595799098281356e-18	
2.425 	0.5410621691589578	2.2225427028897612e-18	-0.0555130362433404	0.06840430565594299	-0.05551303624334041	-0.06840430565594302	0.458937830841043	2.481413934863591e-18	
2.45 	0.5375139538705961	3.626463948572947e-19	-0.05469212235910437	0.0734723601730871	-0.054692122359104395	-0.07347236017308711	0.4624860461294047	-2.864358220137756e-19	
2.475 	0.533720803433207	-1.892364044538113e-18	-0.05360277735972469	0.07819282090489788	-0.0536027773597247	-0.07819282090489789	0.4662791965667937	-4.663210927339505e-18	
2.5 	0.5297008139537869	-2.7699988425855554e-18	-0.052342215874965604	0.08255389015175645	-0.052342215874965604	-0.08255389015175646	0.4702991860462137	-1.242314734715404e-18	
2.525 	0.52547079521318	-1.3188691334610561e-18	-0.05095899169641154	0.08658157617589356	-0.050958991696411535	-0.08658157617589357	0.47452920478682065	-2.93793621528996e-19	
2.55 	0.5210491615711058	-2.7196416433846457e-18	-0.04935254307125876	0.09021421047075003	-0.049352543071258796	-0.09021421047075003	0.4789508384288946	-4.985221423905545e-19	
2.575 	0.5164570511305552	-2.3423848961281812e-18	-0.04756076781485724	0.09341561858454517	-0.04756076781485726	-0.09341561858454518	0.4835429488694452	9.941360863195924e-19	
2.6 	0.5117130691311436	6.75119410438305e-19	-0.04576146230124923	0.09627318963079849	-0.045761462301249216	-0.09627318963079849	0.4882869308688567	-6.30627414951745e-18	
2.625 	0.5068367838311799	1.8296109480699945e-18	-0.04384113824956371	0.09871425371124944	-0.04384113824956368	-0.09871425371124945	0.49316321616882025	-6.059122608446438e-18	
2.65 	0.5018480180913261	-4.244976123119382e-18	-0.04183095337781879	0.10075131330387266	-0.0418309533778188	-0.10075131330387267	0.49815198190867416	-3.883945244207685e-18	
2.675 	0.4967689099987641	-3.9290736492790534e-19	-0.03974758865046193	0.10235376775684149	-0.03974758865046193	-0.1023537677568415	0.5032310900012361	1.9806439263105832e-18	
2.7 	0.49161930223439426	-4.028626259422956e-18	-0.037667497390522574	0.10356563484228638	-0.037667497390522595	-0.1035656348422864	0.5083806977656059	-5.428583260652751e-18	
2.725 	0.48641843848047817	-5.044444577889565e-18	-0.035629372851429725	0.1044072432735542	-0.035629372851429766	-0.10440724327355422	0.513581561519522	-4.656220338845943e-18	
2.75 	0.4811850810851862	-3.1147530924426633e-18	-0.03358852261599953	0.10485804876001387	-0.03358852261599953	-0.10485804876001388	0.5188149189148141	-2.6158032996461937e-18	
2.775 	0.4759410123684304	4.521457226531631e-18	-0.03143814854067343	0.10481910559438364	-0.0314381485406734	-0.10481910559438366	0.5240589876315703	-7.830267437628112e-19	
2.8 	0.4707079096027355	-1.3831277867258677e-18	-0.029484800600217728	0.1044731848709195	-0.029484800600217766	-0.10447318487091951	0.5292920903972653	-5.376559511753584e-19	
2.825 	0.46549882569873596	-7.304956031223642e-18	-0.027644820503252895	0.10382490771179889	-0.027644820503252884	-0.1038249077117989	0.5345011743012646	-2.7039714952810045e-18	
2.85 	0.4603332941191192	5.357501878511188e-19	-0.02576433157532963	0.10272217457797203	-0.02576433157532962	-0.10272217457797204	0.5396667058808814	-6.186680697796798e-18	
2.875 	0.4552314258985503	-4.795833007077489e-19	-0.023999471089122405	0.10127882495460717	-0.02399947108912239	-0.10127882495460719	0.5447685741014503	-2.6973109832051647e-18	
2.9 	0.4502099487599543	-1.827376681940044e-18	-0.022390760997983546	0.0995357715711822	-0.022390760997983494	-0.0995357715711822	0.5497900512400462	6.5338112710183785e-18	
2.925 	0.4452831980139124	-8.52856640238618e-18	-0.020922742605213537	0.09749433794083773	-0.020922742605213547	-0.09749433794083773	0.5547168019860881	5.783805009569278e-18	
2.95 	0.44046440551215715	-9.693416045804126e-18	-0.019623517804051863	0.09521307701678604	-0.01962351780405187	-0.09521307701678607	0.5595355944878434	-1.8596051851276196e-18	
2.975 	0.4357685829467335	-1.1038656746107155e-17	-0.018389006752348603	0.0925666227311808	-0.01838900675234858	-0.0925666227311808	0.5642314170532672	1.5397295531464973e-18	
3.0 	0.43121393872271985	-7.626320157082352e-18	-0.017307537661279845	0.0896063102222192	-0.017307537661279782	-0.0896063102222192	0.5687860612772807	-4.1953126986104674e-19	
3.025 	0.426809033779254	-6.700292045533269e-18	-0.016498778097463133	0.08656338791119228	-0.01649877809746309	-0.0865633879111923	0.5731909662207466	5.822052464984682e-18	
3.05 	0.42256216321466794	-7.158551434389122e-18	-0.01586087572410011	0.08331427047004518	-0.015860875724100085	-0.08331427047004519	0.5774378367853328	3.5950442567820977e-19	
3.075 	0.4184823581710638	-9.216738448302233e-18	-0.015323761862047001	0.0797888504289904	-0.015323761862046988	-0.07978885042899038	0.581517641828937	6.5262750447350265e-18	
3.1 	0.414588483009738	-9.658391460004006e-18	-0.014979165992104372	0.07598140125858967	-0.014979165992104379	-0.07598140125858965	0.5854115169902626	9.88251944043619e-18	
3.125 	0.41088139950088803	-8.01990274166366e-18	-0.014909628333316825	0.07223672811637269	-0.014909628333316759	-0.07223672811637268	0.5891186004991124	6.0393201934579536e-18	
3.15 	0.40736575449132334	-5.4770797223153805e-18	-0.015015727167700861	0.06835398459579252	-0.015015727167700901	-0.0683539845957925	0.5926342455086773	7.488168762279994e-18	
3.175 	0.4040492935440429	-1.0428774650897787e-17	-0.01530260469468051	0.06430605045047537	-0.015302604694680477	-0.06430605045047535	0.5959507064559575	9.812249432156473e-18	
3.2 	0.4009360006346612	-7.183191365280354e-18	-0.015775593913481965	0.06017844475878147	-0.01577559391348197	-0.06017844475878146	0.5990639993653393	9.145383303399731e-18	
3.225 	0.3980334428207646	-8.60257938880406e-18	-0.01645004527220198	0.05591289344435567	-0.01645004527220201	-0.05591289344435566	0.6019665571792362	7.087909938868998e-18	
3.25 	0.3953422365233356	-8.725002440473187e-18	-0.017371158638519783	0.051775283489522	-0.01737115863851977	-0.05177528348952199	0.604657763476665	9.059302768184497e-18	
3.275 	0.39285630309939246	-1.1129763442419322e-17	-0.018452295390869813	0.04764814569120866	-0.01845229539086977	-0.047648145691208656	0.6071436969006083	6.724066714812174e-18	
3.3 	0.39057930172268923	-9.637616197819717e-18	-0.01969997078796315	0.04341565769679247	-0.0196999707879632	-0.04341565769679245	0.6094206982773117	1.1008066678054084e-17	
3.325 	0.3885171262727673	-1.1871405657619185e-17	-0.021163406666291743	0.03911538276000831	-0.021163406666291747	-0.0391153827600083	0.6114828737272339	9.208640103458488e-18	
3.35 	0.38666484517570143	-1.1772216373569235e-17	-0.022824242955027413	0.03500752377350038	-0.02282424295502744	-0.035007523773500374	0.6133351548243	9.409646654167097e-18	
3.375 	0.3850133108886311	-1.2762719799752386e-17	-0.024626800229803538	0.031040862154102653	-0.02462680022980364	-0.03104086215410265	0.6149866891113702	8.85326085813423e-18	
3.4 	0.38356006131805875	-7.576828808307665e-18	-0.02658616546060509	0.027092393168061883	-0.026586165460605108	-0.02709239316806188	0.6164399386819425	7.263043866613358e-18	
3.425 	0.38230488247448385	-8.79300927124959e-18	-0.028729685419361373	0.023135359133573206	-0.02872968541936139	-0.023135359133573206	0.6176951175255173	6.208291332734072e-18	
3.45 	0.38124395302145186	-9.687684678368867e-18	-0.03104262068922096	0.019366246680461784	-0.031042620689220948	-0.01936624668046178	0.6187560469785495	7.467922711620645e-18	
3.475 	0.3803654109579811	-8.51279422116864e-18	-0.033465907615023945	0.015754935055584927	-0.033465907615023945	-0.015754935055584927	0.6196345890420202	7.309968977726146e-18	
3.5 	0.37966439284512427	-9.09271911592777e-18	-0.036026677257205444	0.012339589541383268	-0.03602667725720547	-0.012339589541383264	0.620335607154877	7.101832230846305e-18	
3.525 	0.379128441125493	-7.743158742279274e-18	-0.03865617989557575	0.009122179343870352	-0.03865617989557577	-0.009122179343870352	0.6208715588745081	6.502443872914661e-18	
3.55 	0.37875465965171395	-7.856930696052259e-18	-0.041493455782447154	0.005811472768152903	-0.041493455782447175	-0.005811472768152903	0.6212453403482868	6.692829025139837e-18	
3.575 	0.3785403319748645	-7.827342507383051e-18	-0.044435780460452455	0.002860935257131251	-0.04443578046045248	-0.0028609352571312505	0.6214596680251365	6.4012754136489515e-18	
3.6 	0.3784649816620294	-7.42153999186664e-18	-0.04738242035573188	0.00017465291261397335	-0.0473824203557319	-0.00017465291261397438	0.6215350183379718	5.952248775813978e-18	
3.625 	0.3785187044945039	-6.7122175499880975e-18	-0.050376266402903394	-0.002318702445010407	-0.05037626640290335	0.0023187024450104046	0.6214812955054971	5.327340287056755e-18	
3.65 	0.37869581916436035	-5.628941328523436e-18	-0.05352840882916308	-0.004750089849497941	-0.05352840882916307	0.004750089849497935	0.6213041808356409	3.9983095038397455e-18	
3.675 	0.3789889223609865	-5.679154608480018e-18	-0.0567382004981471	-0.00692154732728575	-0.05673820049814713	0.006921547327285744	0.6210110776390148	3.660059471997994e-18	
3.7 	0.3793845110572008	-5.08735244955266e-18	-0.05998155179802626	-0.008862509077681113	-0.05998155179802628	0.008862509077681107	0.6206154889428005	3.5152014068872464e-18	
3.725 	0.3798689814369616	-4.513408347920776e-18	-0.06317007618128297	-0.010495949523832327	-0.06317007618128302	0.010495949523832322	0.6201310185630394	3.521765161729402e-18	
3.75 	0.3804315617440241	-4.716975879374194e-18	-0.06641814006141718	-0.011977449284558425	-0.06641814006141718	0.011977449284558421	0.6195684382559771	4.001086827298954e-18	
3.775 	0.38106283762213256	-4.599853903240784e-18	-0.06966825796175237	-0.013234045714313553	-0.06966825796175243	0.013234045714313546	0.6189371623778686	3.0333958891333647e-18	
3.8 	0.38175374020019326	-3.534062368686903e-18	-0.07300471812816632	-0.014348780902127779	-0.07300471812816635	0.01434878090212777	0.618246259799808	2.1712806902203512e-18	
3.825 	0.38249323398227053	-2.8591809855413592e-18	-0.07628867579299621	-0.01518306433799835	-0.0762886757929962	0.015183064337998342	0.6175067660177306	2.789993569003675e-18	
3.85 	0.3832675383224304	-2.845166360848894e-18	-0.07946895363483082	-0.015731309379348104	-0.07946895363483084	0.015731309379348093	0.6167324616775708	1.7597741972366793e-18	
3.875 	0.38406343569784246	-2.861525427274716e-18	-0.08256773814884762	-0.016078323685672746	-0.08256773814884766	0.016078323685672736	0.6159365643021587	1.8989573855295277e-18	
3.9 	0.3848743964755828	-2.9359441464757815e-18	-0.08577623043575722	-0.016350118353261733	-0.08577623043575724	0.016350118353261726	0.6151256035244184	2.4070448336560968e-18	
3.925 	0.3856944587167044	-3.3200442967350197e-18	-0.08897782764755714	-0.016382472232108675	-0.08897782764755714	0.016382472232108664	0.614305541283297	9.003765123039519e-19	
3.95 	0.38650762947303574	-2.6697213866429413e-18	-0.09194517179791077	-0.016122940006449017	-0.09194517179791083	0.016122940006449007	0.6134923705269658	1.4446064612172193e-18	
3.975 	0.3873038198256266	-2.1909862767716888e-18	-0.0948688517144037	-0.015723420919406022	-0.09486885171440376	0.01572342091940601	0.6126961801743749	2.3871251981869334e-18	
4.0 	0.3880762241647002	-1.920286995864525e-18	-0.09772763699956477	-0.015137666229198547	-0.09772763699956474	0.015137666229198536	0.6119237758353011	6.791093295337224e-19	
4.025 	0.388815302931103	-2.9217720494663993e-18	-0.10052407258826347	-0.01441154659591301	-0.1005240725882635	0.014411546595913002	0.6111846970688983	1.6512036029392768e-18	
4.05 	0.38951492054530823	-2.6412493554063212e-18	-0.10328754678972936	-0.013535106190347864	-0.10328754678972937	0.013535106190347855	0.6104850794546933	1.3656408182246323e-18	
4.075 	0.3901657309819204	-2.2018848266495485e-18	-0.10588252925809483	-0.012471681297937728	-0.10588252925809483	0.012471681297937718	0.6098342690180812	1.3058048378351074e-18	
4.1 	0.39075964679729536	-1.792302450940236e-18	-0.10834712921729016	-0.011260994807192113	-0.10834712921729017	0.011260994807192103	0.6092403532027062	7.407346205849628e-19	
4.125 	0.3912897280665296	-2.430268432931518e-18	-0.11068183130892295	-0.009922347490771713	-0.11068183130892292	0.009922347490771703	0.6087102719334722	8.477754589134993e-19	
4.15 	0.3917507282565841	-2.4685681608606885e-18	-0.11297940524524976	-0.008503692174762252	-0.11297940524524977	0.008503692174762241	0.6082492717434176	4.844184070746699e-19	
4.175 	0.3921384527745285	-1.937716978117675e-18	-0.11520850844758483	-0.006979503373333907	-0.1152085084475848	0.0069795033733338965	0.6078615472254733	4.815767834671398e-19	
4.2 	0.39244669106711805	-1.543775951813512e-18	-0.11724903174705996	-0.005332783301345909	-0.11724903174705992	0.005332783301345898	0.6075533089328836	4.820441344324112e-19	
4.225 	0.39267009376280293	-1.4149514601652448e-18	-0.1191056634067262	-0.00359154968823977	-0.11910566340672626	0.003591549688239758	0.607329906237199	-2.136900276729438e-19	
4.25 	0.39280499594553536	-1.3629834041796685e-18	-0.12087976004815701	-0.0018043591853695207	-0.120879760048157	0.001804359185369509	0.6071950040544661	-8.8772892867726e-21	
4.275 	0.39284966633226187	-1.0835624327368699e-18	-0.12259956259238913	3.383011559324441e-05	-0.12259956259238915	-3.383011559325654e-05	0.6071503336677397	-1.9020039867580826e-19	
4.3 	0.3928008598213048	-9.494352894899257e-19	-0.1241671592072902	0.0019247752894057	-0.12416715920729021	-0.0019247752894057122	0.6071991401786969	-3.160389819595628e-19	
4.325 	0.39265643055660443	-1.053235566507453e-18	-0.12557404951543988	0.0038565732899393	-0.12557404951543982	-0.003856573289939312	0.6073435694433974	-5.258457468600642e-19	
4.35 	0.39241493843464653	-8.31902867798934e-19	-0.1268825188117502	0.005805480334415177	-0.12688251881175022	-0.005805480334415189	0.6075850615653554	-3.986121331962444e-19	
4.375 	0.3920756574812367	-5.685692121374544e-19	-0.12804655035510257	0.007766729531082403	-0.12804655035510257	-0.007766729531082415	0.6079243425187651	-4.0133371900749625e-19	
4.4 	0.39163831324151765	2.5133789986317497e-19	-0.12911969497182108	0.009725575966835978	-0.1291196949718211	-0.009725575966835993	0.6083616867584842	-1.0999261624390743e-18	
4.425 	0.3911032891364352	4.939272715371242e-19	-0.13010448857862209	0.01167207477940509	-0.13010448857862214	-0.011672074779405104	0.6088967108635667	-1.1663578691064962e-18	
4.45 	0.39047153093080933	-8.768369865238536e-20	-0.1309179087617371	0.013592857511718931	-0.13091790876173703	-0.013592857511718945	0.6095284690691924	-3.795980759433178e-19	
4.475 	0.38974454026328076	2.400589002230413e-19	-0.1316327828883377	0.01548079558500078	-0.1316327828883377	-0.015480795585000793	0.6102554597367209	-1.1372908518417865e-18	
4.5 	0.3889241126030612	2.5890312403700733e-19	-0.1322661021978636	0.017329738452607265	-0.13226610219786364	-0.01732973845260728	0.6110758873969405	-2.0178247773258067e-18	
4.525 	0.3880123857142386	6.32425647018457e-20	-0.13281499434824742	0.019131700794914	-0.13281499434824742	-0.019131700794914018	0.611987614285763	-1.4145884563513782e-18	
4.55 	0.38701180548533	-2.2820323026217863e-19	-0.13325225805355487	0.020876724840579272	-0.1332522580535549	-0.020876724840579286	0.6129881945146718	-2.975282371628366e-18	
4.575 	0.3859262721637058	6.739784295025294e-20	-0.13353684151718292	0.02253052531987625	-0.13353684151718287	-0.022530525319876267	0.6140737278362959	-2.1003933568435273e-18	
4.6 	0.38475995797218926	-3.4060524874883394e-19	-0.13379686211892156	0.02411517987501611	-0.1337968621189215	-0.024115179875016123	0.6152400420278124	-1.9846424079300942e-18	
4.625 	0.38351598932887865	-1.0274684069559267e-18	-0.1339925212805631	0.02562938233452663	-0.13399252128056313	-0.025629382334526645	0.616484010671123	-2.4151067374956138e-18	
4.65 	0.382198439236563	-3.9003669283250245e-19	-0.13409661600752504	0.02705398098284826	-0.134096616007525	-0.027053980982848273	0.6178015607634382	-8.466087131125264e-19	
4.675 	0.3808120469628759	1.9665941191748847e-19	-0.13414203417211665	0.028386477471766525	-0.1341420341721166	-0.02838647747176654	0.6191879530371253	-1.0841282881498826e-18	
4.7 	0.37936169637099293	2.117438240310794e-18	-0.13407993227508033	0.029604277218740874	-0.1340799322750803	-0.029604277218740892	0.6206383036290085	-3.4225231826667303e-18	
4.725 	0.37785295490027404	2.4924497017668563e-18	-0.1339756692762467	0.03072354320032177	-0.1339756692762467	-0.030723543200321782	0.6221470450997276	-2.5916753480423065e-18	
4.75 	0.37629214077971535	4.128460034017698e-19	-0.13379473947158646	0.03170036018791705	-0.13379473947158643	-0.031700360187917054	0.6237078592202865	1.0063440424691164e-18	
4.775 	0.3746837234137966	3.38194563763368e-19	-0.13369794185017542	0.03262703615129539	-0.13369794185017542	-0.0326270361512954	0.6253162765862053	8.899991539008858e-19	
4.8 	0.3730308950229381	-2.257576302100117e-18	-0.13354624543853424	0.03346494608235875	-0.13354624543853424	-0.033464946082358754	0.6269691049770638	8.200653657337853e-19	
4.825 	0.3713405491100185	-5.990429490903701e-18	-0.13319988579011668	0.034112474480091734	-0.13319988579011663	-0.034112474480091734	0.6286594508899832	3.9352450481816905e-18	
4.85 	0.3696217821352104	-6.275562625179565e-18	-0.13288556472553575	0.03463306127393548	-0.13288556472553578	-0.03463306127393548	0.6303782178647914	4.7580280724581875e-18	
4.875 	0.36787951853981243	-5.063203218042704e-18	-0.13259611587483658	0.03504928326895641	-0.13259611587483658	-0.035049283268956406	0.6321204814601893	5.275557642756976e-18	
4.9 	0.3661173251335636	-4.756918628032812e-18	-0.13237033594072278	0.035416374824193526	-0.1323703359407228	-0.03541637482419353	0.6338826748664381	3.498018485175745e-18	
4.925 	0.3643401271104848	-6.361686171445248e-18	-0.1320717591920592	0.035643228138278034	-0.13207175919205918	-0.035643228138278034	0.6356598728895169	6.922916662013143e-18	
4.95 	0.36255452895182	-6.043833603937873e-18	-0.1317866543819568	0.035765947052782646	-0.1317866543819568	-0.03576594705278264	0.6374454710481816	6.567928086306283e-18	
4.975 	0.36076682117726594	-7.028792802433742e-18	-0.13137265642449508	0.03568825928738164	-0.13137265642449505	-0.03568825928738164	0.6392331788227359	6.137624193076715e-18	
5.0 	0.35898635273624263	-7.37110686906961e-18	-0.1311016863683449	0.035542183517148065	-0.13110168636834485	-0.035542183517148065	0.6410136472637592	4.1353424003985176e-18	
5.025 	0.357213550099311	-4.734798773357943e-18	-0.13084386822647634	0.03533272639962077	-0.13084386822647626	-0.035332726399620776	0.6427864499006909	4.690963570133946e-18	
5.05 	0.3554556948863959	-5.880963627447223e-18	-0.13058302759876822	0.03496944506911362	-0.13058302759876825	-0.03496944506911361	0.6445443051136059	5.635356376356164e-18	
5.075 	0.3537151198191925	-6.036607497671198e-18	-0.13044968696751075	0.03463365981352809	-0.13044968696751072	-0.03463365981352808	0.6462848801808094	7.04570378810206e-18	
5.1 	0.3519954141841883	-7.241866352965697e-18	-0.13024956262740214	0.03414657590571274	-0.13024956262740214	-0.03414657590571273	0.6480045858158137	3.7139650776153024e-18	
5.125 	0.3503060313062311	-7.030719337422737e-18	-0.12993971977552468	0.033399586654035175	-0.12993971977552465	-0.033399586654035175	0.6496939686937708	2.980224137785513e-18	
5.15 	0.34865590471366636	-7.50454485014333e-18	-0.12980797127312133	0.03262866467000641	-0.12980797127312133	-0.03262866467000642	0.6513440952863356	4.152408875586727e-18	
5.175 	0.34704265937248174	-7.60266715672102e-18	-0.12980444693872287	0.03190927452269445	-0.1298044469387228	-0.03190927452269446	0.6529573406275203	3.9772694858172415e-18	
5.2 	0.3454651868119129	-6.37354907936265e-18	-0.12982778948513204	0.031179170986062137	-0.12982778948513204	-0.031179170986062137	0.6545348131880893	4.7739442692850784e-18	
5.225 	0.3439292758512836	-7.566773271994294e-18	-0.12978692182966126	0.030245992069369156	-0.12978692182966126	-0.030245992069369156	0.6560707241487186	4.945801836408385e-18	
5.25 	0.34244343619268713	-8.368324162129814e-18	-0.1297440549413262	0.029137535528278913	-0.12974405494132615	-0.029137535528278913	0.6575565638073149	5.289238515016332e-18	
5.275 	0.3410130239082436	-5.889990075967734e-18	-0.12988168808269468	0.02809815870228996	-0.1298816880826947	-0.02809815870228996	0.6589869760917584	4.263190705230764e-18	
5.3 	0.33963506842104596	-7.830189141998088e-18	-0.13002013353994543	0.0269793872572215	-0.1300201335399454	-0.0269793872572215	0.6603649315789558	5.3477454542650616e-18	
5.325 	0.3383134182774319	-6.7665376028063665e-18	-0.1302560054895956	0.025869613273506453	-0.13025600548959557	-0.025869613273506453	0.6616865817225702	5.122102024706348e-18	
5.35 	0.33704710225202494	-6.091324558987141e-18	-0.13056691288728156	0.024801145833590072	-0.13056691288728156	-0.024801145833590076	0.662952897747977	4.5140822375767715e-18	
5.375 	0.3358358465221021	-8.235257638616099e-18	-0.13085530690577346	0.023631570444224696	-0.13085530690577352	-0.0236315704442247	0.6641641534779	5.345495539180327e-18	
5.4 	0.3346868783349232	-5.581017584970961e-18	-0.13117894131750357	0.022310919126582954	-0.13117894131750354	-0.022310919126582958	0.6653131216650788	2.9059885521171765e-18	
5.425 	0.33360331864958215	-5.633346897644016e-18	-0.13159544967560283	0.021019285061884684	-0.13159544967560283	-0.021019285061884687	0.6663966813504203	4.284380732099431e-18	
5.45 	0.33258569907978064	-6.695131477278226e-18	-0.1321003665028176	0.019718048998394914	-0.13210036650281753	-0.019718048998394917	0.6674143009202218	3.683668940453664e-18	
5.475 	0.33162997432311075	-6.4925011234424785e-18	-0.13267567484307796	0.01853801222948012	-0.132675674843078	-0.018538012229480122	0.6683700256768919	3.948530784429877e-18	
5.5 	0.33073151301408904	-6.981863082922155e-18	-0.13326670057326084	0.017401242416468874	-0.13326670057326087	-0.017401242416468874	0.6692684869859133	4.72749002195561e-18	
5.525 	0.3298903496703996	-6.516328397181554e-18	-0.1338501567266181	0.016195913859996334	-0.13385015672661812	-0.016195913859996334	0.6701096503296028	4.7360878857703936e-18	
5.55 	0.3291156603442046	-6.727209428980082e-18	-0.13450168597385742	0.014758777513243804	-0.13450168597385737	-0.014758777513243808	0.6708843396557981	4.369175847683426e-18	
5.575 	0.3284119181147729	-6.217835130477325e-18	-0.1353039304045705	0.013454694284308743	-0.13530393040457048	-0.013454694284308745	0.6715880818852297	5.307152929452918e-18	
5.6 	0.32776611293649394	-6.308055568455888e-18	-0.1361091340010037	0.012403709582920615	-0.13610913400100366	-0.012403709582920615	0.6722338870635088	5.289483307783309e-18	
5.625 	0.32717274301226523	-6.69755949454465e-18	-0.13689297683053595	0.011310012962322757	-0.13689297683053592	-0.01131001296232276	0.6728272569877377	5.3847755601891584e-18	
5.65 	0.32663830767580326	-6.728380743199301e-18	-0.13778635030269415	0.010124855086163186	-0.13778635030269415	-0.010124855086163188	0.6733616923241996	5.171658005648637e-18	
5.675 	0.32615593779319574	-6.323653174976251e-18	-0.1386319240142717	0.00910744351132487	-0.13863192401427168	-0.009107443511324873	0.6738440622068071	4.965256938547466e-18	
5.7 	0.3257306689316373	-6.971540565911407e-18	-0.13961226742116176	0.007954639382699852	-0.13961226742116173	-0.007954639382699854	0.6742693310683656	5.431128430764086e-18	
5.725 	0.32535897040712264	-7.063089490365736e-18	-0.14060393486683748	0.006911933174903319	-0.14060393486683756	-0.0069119331749033204	0.6746410295928805	5.739806637771404e-18	
5.75 	0.3250390880591647	-6.938813661369483e-18	-0.14165953720269875	0.0058931996035528535	-0.14165953720269875	-0.005893199603552855	0.6749609119408386	5.608830094362141e-18	
5.775 	0.3247653450917706	-7.17883476816268e-18	-0.14270011600367286	0.005084529549668212	-0.14270011600367283	-0.005084529549668213	0.6752346549082328	6.051446861808649e-18	
5.8 	0.3245287051341177	-6.782428384814745e-18	-0.1436802136991996	0.0043516764858186905	-0.14368021369919967	-0.004351676485818692	0.6754712948658856	5.254098621714645e-18	
5.825 	0.3243308467599187	-6.785877778656948e-18	-0.14472123249874624	0.003547554468948687	-0.14472123249874622	-0.0035475544689486885	0.6756691532400846	5.5870825824948035e-18	
5.85 	0.32417480756530465	-6.908869197245239e-18	-0.14586413098548887	0.0026861347700928135	-0.14586413098548884	-0.002686134770092815	0.6758251924346987	5.6792432141672235e-18	
5.875 	0.3240600877329218	-6.903132140438152e-18	-0.14706467717855315	0.001947042971263597	-0.14706467717855315	-0.0019470429712635995	0.6759399122670816	5.672174127347495e-18	
5.9 	0.3239771245305854	-6.821323398099374e-18	-0.14819473471319117	0.0013703935466222116	-0.1481947347131912	-0.0013703935466222138	0.6760228754694182	5.591241311140884e-18	
5.925 	0.32392108016219345	-6.765535939345734e-18	-0.1492957569927353	0.0009088571041112062	-0.1492957569927353	-0.0009088571041112086	0.6760789198378101	5.589314414425071e-18	
5.95 	0.3238849027361331	-6.6535949376683265e-18	-0.15030857627827682	0.0005328243974094038	-0.1503085762782768	-0.0005328243974094064	0.6761150972638704	5.503744284017243e-18	
5.975 	0.3238713196232678	-6.468331584353444e-18	-0.151472920721095	2.5752952374680827e-05	-0.15147292072109497	-2.5752952374683836e-05	0.6761286803767356	5.322012019110448e-18	
6.0 	0.3238822393206101	-6.28101626437702e-18	-0.1527139792363843	-0.00043161140060288613	-0.15271397923638433	0.0004316114006028827	0.6761177606793932	5.100185419580777e-18	
6.025 	0.32391085608006126	-6.1113973720334855e-18	-0.15384490097226208	-0.000697029452471955	-0.15384490097226206	0.0006970294524719513	0.6760891439199422	4.988189053842597e-18	
6.05 	0.32395127047024175	-5.966335259407374e-18	-0.15495068922739516	-0.0009062011064419755	-0.15495068922739516	0.0009062011064419716	0.6760487295297615	4.7961668652821186e-18	
6.075 	0.3240015955644332	-5.645625463007406e-18	-0.15609693467494387	-0.001092349848397647	-0.15609693467494384	0.0010923498483976421	0.6759984044355701	4.485628703778977e-18	
6.1 	0.3240576840313393	-5.323214433555021e-18	-0.1571481389865532	-0.0011500421598191351	-0.1571481389865532	0.00115004215981913	0.675942315968664	4.237472776842419e-18	
6.125 	0.3241153921629843	-5.237807020537177e-18	-0.15815458393239454	-0.0011484679678193067	-0.15815458393239454	0.0011484679678193015	0.6758846078370192	4.0655023463404505e-18	
6.15 	0.32417325674250413	-5.172347092417751e-18	-0.15922935912530464	-0.0012032683756119452	-0.15922935912530464	0.0012032683756119397	0.6758267432574994	3.991553082535697e-18	
6.175 	0.32423426308327924	-4.8414002153604526e-18	-0.16040198259296645	-0.0012172365391681652	-0.16040198259296645	0.0012172365391681594	0.6757657369167241	3.793478990637712e-18	
6.2 	0.32429265227060006	-4.522050592664722e-18	-0.16146507933651782	-0.001089660899296386	-0.16146507933651782	0.0010896608992963794	0.6757073477294032	3.437866134355466e-18	
6.225 	0.3243414212965961	-4.3420212541381244e-18	-0.16235941885370464	-0.0008457596005654372	-0.16235941885370467	0.0008457596005654301	0.6756585787034074	3.2032569194902996e-18	
6.25 	0.3243782988399431	-4.07964379831107e-18	-0.16329597029740658	-0.0006265616302410229	-0.16329597029740658	0.0006265616302410155	0.6756217011600603	2.9861974766665938e-18	
6.275 	0.32440267102012055	-3.953296274057187e-18	-0.1641691922941843	-0.00035116853769888326	-0.1641691922941843	0.0003511685376988755	0.6755973289798828	2.7695152039589414e-18	
6.3 	0.3244141125121114	-3.735944499090238e-18	-0.16513806479083065	-0.00010578646904055961	-0.16513806479083065	0.0001057864690405516	0.6755858874878921	2.624769724512198e-18	
6.325 	0.3244122311136235	-3.5848921063515835e-18	-0.16610160576722321	0.0002061355162742793	-0.16610160576722321	-0.0002061355162742875	0.6755877688863798	2.47012315538449e-18	
6.35 	0.32439232910323607	-3.3442979819390267e-18	-0.16693418012474662	0.0005965021166454624	-0.16693418012474662	-0.0005965021166454712	0.6756076708967672	2.233878330641913e-18	
6.375 	0.32435180835394967	-3.1748461927773893e-18	-0.1676969509203774	0.0010218914057138694	-0.1676969509203774	-0.0010218914057138785	0.6756481916460537	2.0909478525374054e-18	
6.4 	0.3242897998715346	-3.1089151083472027e-18	-0.16844501866754136	0.0014676795576727094	-0.1684450186675414	-0.0014676795576727185	0.6757102001284687	1.986318778043972e-18	
6.425 	0.32420468922155815	-3.0315823646117654e-18	-0.1691421783599896	0.0019318962636897176	-0.1691421783599896	-0.001931896263689727	0.6757953107784452	1.8028971896927825e-18	
6.45 	0.3240965715030003	-2.89602278799587e-18	-0.16987628966686166	0.0023957608699176026	-0.16987628966686164	-0.002395760869917612	0.6759034284970031	1.6763607282834502e-18	
6.475 	0.3239646314881256	-2.545768718841408e-18	-0.17055368267752036	0.002894722197526373	-0.17055368267752039	-0.002894722197526382	0.6760353685118777	1.7944890671098185e-18	
6.5 	0.3238071833570778	-2.450053622047261e-18	-0.17120118733278009	0.00340043463687896	-0.1712011873327801	-0.0034004346368789696	0.6761928166429254	1.6312120396234765e-18	
6.525 	0.3236241809347148	-2.8487501641425718e-18	-0.1718187261486912	0.003924773577184949	-0.1718187261486912	-0.003924773577184958	0.6763758190652887	1.7181506950584154e-18	
6.55 	0.3234142137741254	-2.8212724853454936e-18	-0.17231296425275083	0.004473929873388672	-0.17231296425275078	-0.004473929873388681	0.676585786225878	1.7707852463522865e-18	
6.575 	0.32317687300187253	-2.523555945678737e-18	-0.1727830305259245	0.005019661410236685	-0.17278303052592447	-0.005019661410236694	0.6768231269981306	1.6564995678567247e-18	
6.6 	0.3229124383770684	-2.7315150354791456e-18	-0.17328415034568204	0.0055556190570699325	-0.17328415034568206	-0.005555619057069942	0.6770875616229347	1.634963822308214e-18	
6.625 	0.32262139910172977	-2.579249254396893e-18	-0.1738219951918088	0.0060863245057093725	-0.17382199519180877	-0.006086324505709382	0.6773786008982734	1.802505835655779e-18	
6.65 	0.3223037177818563	-2.396580649489111e-18	-0.1741919751645039	0.006619784199502089	-0.17419197516450388	-0.006619784199502099	0.6776962822181468	1.5346626489831225e-18	
6.675 	0.32195957519034435	-1.919746404698161e-18	-0.17454456177476985	0.007144205421098614	-0.17454456177476982	-0.007144205421098624	0.6780404248096585	1.245762873026054e-18	
6.7 	0.32158951066205	-1.998807879382746e-18	-0.17487140339161356	0.007657099762209406	-0.17487140339161353	-0.007657099762209416	0.678410489337953	1.2279571146345621e-18	
6.725 	0.3211940363072094	-2.6601306448700134e-18	-0.17519727103871058	0.008159626191508909	-0.17519727103871055	-0.008159626191508916	0.6788059636927937	2.1821777814340266e-18	
6.75 	0.3207737166941322	-3.509096801377315e-18	-0.17550547554402415	0.00864958453659027	-0.17550547554402407	-0.008649584536590278	0.6792262833058705	2.0493564582156604e-18	
6.775 	0.32032931913783996	-3.36015557295346e-18	-0.1757847632838614	0.00912307885238464	-0.17578476328386136	-0.009123078852384649	0.6796706808621629	2.014188916909053e-18	
6.8 	0.3198618440070087	-3.4064265791041385e-18	-0.17602506888998232	0.009574401073602808	-0.17602506888998234	-0.009574401073602813	0.6801381559929942	2.7314149245370196e-18	
6.825 	0.3193725416635433	-3.443825811452617e-18	-0.17617062347796722	0.009983623741435474	-0.1761706234779672	-0.009983623741435483	0.6806274583364592	2.3514830872620427e-18	
6.85 	0.31886346443505875	-3.4352236081334407e-18	-0.17635284372878263	0.0103766164943606	-0.17635284372878265	-0.010376616494360608	0.6811365355649437	2.7857804324896147e-18	
6.875 	0.31833534101294536	-3.3811849606115138e-18	-0.1765081635350198	0.010743312331769441	-0.17650816353501977	-0.01074331233176945	0.6816646589870571	2.7467587618694446e-18	
6.9 	0.31778942985632663	-4.231139748327352e-18	-0.1766718565169427	0.011091677821124375	-0.1766718565169427	-0.011091677821124381	0.6822105701436756	1.793760983589345e-18	
6.925 	0.31722672183394807	-3.80355226562326e-18	-0.17684370814680736	0.011421295168705518	-0.17684370814680733	-0.011421295168705525	0.6827732781660543	2.982436220879108e-18	
6.95 	0.3166473235274549	-4.339960560847434e-18	-0.1770076249767461	0.011749642477684799	-0.17700762497674616	-0.011749642477684806	0.6833526764725474	2.5267845155462484e-18	
6.975 	0.316053502747151	-3.470303708639521e-18	-0.17702280193346706	0.011990949511035036	-0.1770228019334671	-0.011990949511035043	0.6839464972528513	2.0011961066973993e-18	
7.0 	0.315449663046255	-3.3138502583562393e-18	-0.1770153931529035	0.012161944124708356	-0.17701539315290346	-0.012161944124708363	0.6845503369537473	1.5102463157810748e-18	
7.025 	0.3148373897862354	-3.668283890314638e-18	-0.177064804119784	0.012322409208519826	-0.17706480411978395	-0.012322409208519833	0.6851626102137669	1.8800877875608285e-18	
7.05 	0.3142175383331991	-3.471829528477011e-18	-0.17719420609602243	0.012485579877052878	-0.1771942060960224	-0.012485579877052887	0.6857824616668033	2.1385075936185575e-18	
7.075 	0.3135885089736654	-4.0126356951505325e-18	-0.17735662162946897	0.012673002478333951	-0.17735662162946894	-0.01267300247833396	0.6864114910263371	2.4516511213160897e-18	
7.1 	0.3129502064569309	-3.663763542003996e-18	-0.17741197210414605	0.012820012026581009	-0.17741197210414605	-0.012820012026581016	0.6870497935430716	2.9100206180819133e-18	
7.125 	0.31230889047103905	-3.646978001758506e-18	-0.1773195481449524	0.012808683820198345	-0.1773195481449524	-0.012808683820198353	0.6876911095289634	2.658920353882587e-18	
7.15 	0.3116693821793988	-3.404583934546317e-18	-0.1773576288759269	0.01279305900462789	-0.17735762887592696	-0.0127930590046279	0.6883306178206036	2.715606425368629e-18	
7.175 	0.31102880947031436	-4.349752959172367e-18	-0.17742249118091694	0.012810086840076198	-0.17742249118091696	-0.012810086840076203	0.688971190529688	2.7925656786057637e-18	
7.2 	0.31038985784018636	-4.784393637493344e-18	-0.17742094588138543	0.012731173864467973	-0.1774209458813854	-0.012731173864467978	0.6896101421598158	3.795505693602974e-18	
7.225 	0.30975521277062873	-5.601603119284848e-18	-0.17751313957187276	0.012667934656128803	-0.17751313957187279	-0.012667934656128806	0.6902447872293735	4.324720466076112e-18	
7.25 	0.3091230999366517	-5.344802257295767e-18	-0.17762892969596109	0.012621250744286343	-0.17762892969596109	-0.012621250744286348	0.6908769000633506	4.053593430439052e-18	
7.275 	0.30849297721908253	-5.126001848339293e-18	-0.17773643623588717	0.012580451904037414	-0.17773643623588717	-0.012580451904037419	0.6915070227809197	4.472273226315436e-18	
7.3 	0.307868886422257	-5.723886392592702e-18	-0.17771055119593177	0.01237572581124205	-0.17771055119593177	-0.012375725811242053	0.6921311135777451	3.688246901518941e-18	
7.325 	0.307255633018659	-5.88425626261422e-18	-0.1777104915539427	0.012142009998422744	-0.17771049155394264	-0.012142009998422748	0.6927443669813432	3.818996579885382e-18	
7.35 	0.30665709979526584	-5.603661986953975e-18	-0.17773648914012505	0.011819776313820725	-0.17773648914012508	-0.011819776313820729	0.6933429002047361	4.1290322375530385e-18	
7.375 	0.30607037201306514	-5.591980621223003e-18	-0.17787424890595424	0.011628892229078466	-0.17787424890595427	-0.01162889222907847	0.6939296279869371	4.2399337707822326e-18	
7.4 	0.30549580070305155	-5.3172322390296085e-18	-0.17804128751489615	0.011396323849181177	-0.17804128751489615	-0.011396323849181182	0.6945041992969507	4.095112946487772e-18	
7.425 	0.3049289482726087	-4.9390771921359025e-18	-0.17823746822734401	0.011271536328060746	-0.17823746822734404	-0.01127153632806075	0.6950710517273935	3.466150702799963e-18	
7.45 	0.3043700319267487	-5.703625639903425e-18	-0.17828918647957923	0.011013610942402672	-0.17828918647957917	-0.011013610942402677	0.6956299680732536	4.013207508059361e-18	
7.475 	0.30383002622377	-5.822609094936241e-18	-0.17833299170603464	0.010580333092260755	-0.1783329917060347	-0.010580333092260757	0.6961699737762325	4.353028274220805e-18	
7.5 	0.303311704822971	-5.868654447286505e-18	-0.17844135319016444	0.010148190340539662	-0.17844135319016444	-0.010148190340539664	0.6966882951770313	4.828678177306494e-18	
7.525 	0.30281500819061785	-6.129799840156626e-18	-0.17864054885567976	0.009752555640503069	-0.17864054885567976	-0.009752555640503072	0.6971849918093843	4.944578471017375e-18	
7.55 	0.3023332184422374	-6.4659645687500565e-18	-0.17891876365425002	0.009552241052945203	-0.17891876365425005	-0.009552241052945207	0.6976667815577647	4.334636455906327e-18	
7.575 	0.30186245188291105	-5.913819103171675e-18	-0.179079863061583	0.009229369807498696	-0.179079863061583	-0.0092293698074987	0.6981375481170911	4.489425080957001e-18	
7.6 	0.30141071354715404	-6.1356023746407626e-18	-0.17928722329494953	0.008856153466225949	-0.17928722329494948	-0.00885615346622595	0.6985892864528481	4.7005035595610764e-18	
7.625 	0.3009752429459955	-6.579805186158029e-18	-0.17948694905243553	0.008534962645893348	-0.17948694905243553	-0.00853496264589335	0.6990247570540067	5.593785534837264e-18	
7.65 	0.30056004348854787	-6.817649435142275e-18	-0.17969781139313826	0.008085891105586428	-0.17969781139313817	-0.008085891105586432	0.6994399565114543	5.194955240294452e-18	
7.675 	0.3001656637951681	-7.063633886654416e-18	-0.17992947961420913	0.007674434175791992	-0.1799294796142091	-0.007674434175791995	0.699834336204834	5.542973300635579e-18	
7.7 	0.2997934371693184	-7.66982219588641e-18	-0.18018019898081197	0.007196038946576527	-0.18018019898081197	-0.007196038946576529	0.7002065628306838	5.44347273005924e-18	
7.725 	0.29944470007883955	-7.077417214703924e-18	-0.18049480397200252	0.0067539892986189535	-0.18049480397200254	-0.006753989298618956	0.7005552999211627	5.369813763244615e-18	
7.75 	0.2991141570288834	-7.255805049676098e-18	-0.18086594924493143	0.006537081541441766	-0.18086594924493143	-0.006537081541441767	0.7008858429711188	5.336773392799996e-18	
7.775 	0.29879152138650794	-7.501987664743533e-18	-0.18113293128369878	0.006371314672508143	-0.18113293128369873	-0.006371314672508145	0.7012084786134944	5.424253483333284e-18	
7.8 	0.29848141832627273	-7.512542151921248e-18	-0.18133395592463944	0.005972194760798542	-0.18133395592463947	-0.005972194760798545	0.7015185816737295	5.433900634768774e-18	
7.825 	0.2981986361762576	-7.19863527238255e-18	-0.18168642542857383	0.005396653820659469	-0.1816864254285738	-0.0053966538206594705	0.7018013638237448	5.6931910183064776e-18	
7.85 	0.2979395133614002	-7.208005210798471e-18	-0.1820639175638983	0.0049578467306305276	-0.18206391756389834	-0.00495784673063053	0.7020604866386023	5.874588225040148e-18	
7.875 	0.29769934294650163	-7.159073493528081e-18	-0.1824374829821588	0.004655922227045687	-0.18243748298215876	-0.004655922227045689	0.702300657053501	5.700541222825328e-18	
7.9 	0.29747651630108246	-7.153454459908326e-18	-0.18285034180871257	0.00427919954995225	-0.1828503418087126	-0.004279199549952253	0.7025234836989203	5.755367939383826e-18	
7.925 	0.2972659556510267	-7.193417462859172e-18	-0.18320371293616428	0.004157785042571279	-0.18320371293616428	-0.004157785042571281	0.7027340443489761	6.092673865687327e-18	
7.95 	0.2970622751463634	-7.238755268267084e-18	-0.18348763866869822	0.003916311027965376	-0.18348763866869822	-0.003916311027965379	0.7029377248536394	6.003934038159435e-18	
7.975 	0.29687472146444144	-7.297272812212766e-18	-0.18384438025241784	0.0035655997156051112	-0.18384438025241787	-0.0035655997156051134	0.7031252785355613	6.219223597953351e-18	
8.0 	0.29670655668920554	-7.022950641307997e-18	-0.18428337309969253	0.0031677871974957403	-0.18428337309969253	-0.003167787197495743	0.7032934433107974	5.958989034687452e-18	
8.025 	0.29655591754898003	-7.197240033006921e-18	-0.1847278281103799	0.002885883500068437	-0.18472782811038	-0.0028858835000684395	0.7034440824510227	6.028430653061644e-18	
8.05 	0.2964175797126906	-7.044047611318505e-18	-0.18514173616827662	0.002637867289244993	-0.18514173616827667	-0.0026378672892449955	0.7035824202873122	5.973117384078162e-18	
8.075 	0.29629093763255454	-7.069086034474956e-18	-0.1855488497306816	0.002447418032957019	-0.1855488497306816	-0.002447418032957021	0.7037090623674483	6.089510957969773e-18	
8.1 	0.29617396909744387	-6.836240049946922e-18	-0.18596574984914035	0.002236970878610989	-0.18596574984914038	-0.002236970878610992	0.7038260309025588	5.999718726621827e-18	
8.125 	0.29606592376032653	-6.8250487413421275e-18	-0.18636448597907707	0.002121233332263235	-0.18636448597907707	-0.002121233332263238	0.7039340762396759	5.913764770069637e-18	
8.15 	0.2959611581304167	-6.6707405005998545e-18	-0.18665181238656164	0.0020537853790735003	-0.18665181238656164	-0.0020537853790735037	0.7040388418695858	5.626034769087854e-18	
8.175 	0.295864530916093	-6.416093487477988e-18	-0.18706297250913087	0.001815364277507788	-0.18706297250913084	-0.0018153642775077918	0.7041354690839092	5.537253627512623e-18	
8.2 	0.29578083757155427	-6.40989274101684e-18	-0.18758646427109305	0.00151817337518983	-0.18758646427109302	-0.001518173375189834	0.704219162428448	5.365973009264701e-18	
8.225 	0.2957091448770755	-6.214240348046374e-18	-0.18808397341392544	0.0013581778750960468	-0.1880839734139255	-0.0013581778750960509	0.7042908551229268	5.434024787768607e-18	
8.25 	0.2956438929257606	-6.100996753410509e-18	-0.18854137316852737	0.0013018356439219716	-0.18854137316852737	-0.0013018356439219762	0.7043561070742416	5.289217746994023e-18	
8.275 	0.29557724501358545	-5.9355367118269745e-18	-0.18883157554502825	0.0013469781027275012	-0.18883157554502822	-0.0013469781027275062	0.7044227549864168	5.124732140450005e-18	
8.3 	0.2955093755699506	-5.7234736032190416e-18	-0.18912095583512942	0.0013519062128920865	-0.18912095583512936	-0.001351906212892092	0.7044906244300515	4.9853515197038205e-18	
8.325 	0.29544371837015293	-5.646856181274297e-18	-0.18951355919611804	0.0012426523367271803	-0.189513559196118	-0.0012426523367271858	0.7045562816298492	4.859088548474424e-18	
8.35 	0.2953843440741941	-5.643589556158923e-18	-0.1899786617774442	0.0011531958007542412	-0.18997866177744427	-0.0011531958007542466	0.7046156559258081	4.8643594038924e-18	
8.375 	0.29532823127261	-5.3522471588420576e-18	-0.19042760122482147	0.0011011706553036924	-0.19042760122482147	-0.0011011706553036985	0.7046717687273922	4.598005531677707e-18	
8.4 	0.2952736053990644	-5.214690354408007e-18	-0.19085249010913136	0.00109425559523343	-0.19085249010913133	-0.0010942555952334362	0.704726394600938	4.539274115894957e-18	
8.425 	0.295217658098199	-5.037316457693546e-18	-0.191192913007337	0.0011556565887535781	-0.19119291300733698	-0.0011556565887535844	0.7047823419018033	4.4769668866467585e-18	
8.45 	0.29515908361282717	-4.8884132734467844e-18	-0.19156722739270926	0.0011754826397512342	-0.19156722739270923	-0.0011754826397512407	0.7048409163871753	4.259903345384969e-18	
8.475 	0.2950982025361747	-4.697481387993284e-18	-0.19187465484898475	0.0012759116536348839	-0.19187465484898478	-0.001275911653634891	0.7049017974638279	3.981413074162738e-18	
8.5 	0.2950313602196039	-4.501007461541317e-18	-0.1920953802178204	0.0013699866933824557	-0.19209538021782038	-0.0013699866933824631	0.7049686397803988	3.9901714668077636e-18	
8.525 	0.2949634576985374	-4.474859006059583e-18	-0.19254868744475748	0.0013640037469512902	-0.19254868744475748	-0.0013640037469512978	0.7050365423014655	3.8244102166467455e-18	
8.55 	0.2948933187054451	-4.36638395721642e-18	-0.19289925745268954	0.0014405153404132933	-0.19289925745268954	-0.0014405153404133007	0.7051066812945577	3.7074391753591464e-18	
8.575 	0.29481888878764606	-4.181748896789794e-18	-0.19321722628553703	0.0015317537281057671	-0.19321722628553703	-0.0015317537281057752	0.7051811112123566	3.572199919309778e-18	
8.6 	0.294740464076438	-3.894881898165872e-18	-0.19358396327527874	0.0016124540402869772	-0.19358396327527877	-0.001612454040286986	0.7052595359235648	3.237236745128544e-18	
8.625 	0.29465719774233434	-3.762933709162695e-18	-0.19390554447947608	0.001734548295872211	-0.19390554447947614	-0.0017345482958722198	0.7053428022576683	3.17672042260857e-18	
8.65 	0.29456630633973685	-3.812339553398847e-18	-0.19408392840167743	0.001904186536181155	-0.1940839284016774	-0.0019041865361811635	0.7054336936602658	3.2507541309182024e-18	
8.675 	0.29446748939998335	-3.649170423342864e-18	-0.19428253438715165	0.0020447378900489014	-0.1942825343871517	-0.00204473789004891	0.7055325106000193	2.9981826734031768e-18	
8.7 	0.2943625273235277	-3.3828823041531226e-18	-0.1945880196692749	0.0021428424331446302	-0.1945880196692749	-0.0021428424331446394	0.705637472676475	2.8549521605750664e-18	
8.725 	0.29425298914830145	-2.9542027776141255e-18	-0.19495132995132172	0.0022477713098623788	-0.19495132995132178	-0.002247771309862389	0.7057470108517011	2.315823773165417e-18	
8.75 	0.2941371119889625	-2.977020682440259e-18	-0.19521619354937164	0.0023851884530182543	-0.19521619354937164	-0.0023851884530182643	0.7058628880110401	2.165659860303351e-18	
8.775 	0.29401418719067496	-2.9732016574748966e-18	-0.19543090052151482	0.002536403259879172	-0.19543090052151482	-0.0025364032598791816	0.7059858128093276	2.299389644115744e-18	
8.8 	0.2938834418574209	-2.4441822321326532e-18	-0.1955973760821457	0.002691390532483806	-0.19559737608214572	-0.0026913905324838163	0.7061165581425817	1.864661522347666e-18	
8.825 	0.2937451103702408	-2.571955692035811e-18	-0.19579037719224976	0.0028383043913971263	-0.1957903771922497	-0.002838304391397137	0.7062548896297615	1.8037748534644633e-18	
8.85 	0.2935996251745783	-2.3658185772068263e-18	-0.19600741668231977	0.0029813496552152014	-0.19600741668231977	-0.0029813496552152123	0.7064003748254237	1.765748308911217e-18	
8.875 	0.2934469842865387	-2.438192332201444e-18	-0.19620781756823824	0.003124386494263977	-0.19620781756823827	-0.003124386494263988	0.7065530157134632	1.660457703716562e-18	
8.9 	0.29328720735061026	-2.2502664597404502e-18	-0.19640293098213096	0.003266441662232828	-0.196402930982131	-0.003266441662232839	0.7067127926493919	1.6245445309532205e-18	
8.925 	0.2931203488513101	-2.1456270744272198e-18	-0.19660148038526712	0.0034077219451227967	-0.19660148038526715	-0.003407721945122808	0.7068796511486919	1.371841541863307e-18	
8.95 	0.2929465202557446	-2.241413632749208e-18	-0.19675373311987795	0.003542363708780168	-0.19675373311987798	-0.003542363708780179	0.7070534797442574	1.5710344914027609e-18	
8.975 	0.29276618998238063	-2.2227458376371566e-18	-0.19688883558112355	0.0036705052083663664	-0.19688883558112358	-0.0036705052083663777	0.7072338100176212	1.5167257739409743e-18	
9.0 	0.29257967862970774	-2.2105461796224855e-18	-0.1969855032074966	0.0037857573522549898	-0.1969855032074966	-0.0037857573522550006	0.7074203213702942	1.620683679371092e-18	
9.025 	0.29238754731063354	-2.362249611895066e-18	-0.19710765215063822	0.0038986380112811256	-0.19710765215063822	-0.0038986380112811365	0.7076124526893683	1.4492664046578733e-18	
9.05 	0.29218953158340455	-2.3246635434662125e-18	-0.19729375352748918	0.004026314862723521	-0.19729375352748915	-0.004026314862723532	0.7078104684165976	1.6633467436374225e-18	
9.075 	0.2919848167167991	-2.1634859650810416e-18	-0.19748450382859187	0.004163212559729309	-0.1974845038285919	-0.00416321255972932	0.7080151832832031	1.7602811498753234e-18	
9.1 	0.2917737506629104	-2.3139247991171847e-18	-0.19761676125122998	0.004282487263131878	-0.19761676125123	-0.004282487263131888	0.7082262493370919	1.956210927371536e-18	
9.125 	0.2915573559533082	-2.49542511327834e-18	-0.19767489058702403	0.004369439244587729	-0.197674890587024	-0.004369439244587738	0.708442644046694	1.8703048858708104e-18	
9.15 	0.29133703929200894	-2.434654480704115e-18	-0.1977238368798232	0.004439269739488536	-0.1977238368798232	-0.004439269739488547	0.7086629607079932	1.873115288550025e-18	
9.175 	0.2911141749792594	-2.3105338063619903e-18	-0.19774199825570823	0.004473590312824199	-0.1977419982557083	-0.004473590312824209	0.7088858250207426	1.897499675598575e-18	
9.2 	0.29088986471116846	-2.279153894494852e-18	-0.1978392193437093	0.0045115874396851234	-0.19783921934370927	-0.004511587439685134	0.7091101352888336	1.7725829351479845e-18	
9.225 	0.290661446633518	-2.3842635907883736e-18	-0.1980338937160719	0.004619008489090243	-0.19803389371607188	-0.0046190084890902535	0.7093385533664842	1.6096741747787454e-18	
9.25 	0.29042791474828095	-2.5017991742218674e-18	-0.19822297639680275	0.00473054353880463	-0.1982229763968027	-0.004730543538804639	0.709572085251721	2.010273202420512e-18	
9.275 	0.2901881729120676	-2.910292379798564e-18	-0.19828849085597874	0.00482291428144528	-0.1982884908559787	-0.004822914281445289	0.7098118270879341	1.9673279965469414e-18	
9.3 	0.28994783681461267	-2.7534659582249306e-18	-0.19821941485420058	0.004780017105311095	-0.1982194148542006	-0.004780017105311105	0.7100521631853894	1.927598931226735e-18	
9.325 	0.2897092703474741	-2.742956184652953e-18	-0.19828829314590682	0.004774232901940643	-0.19828829314590682	-0.004774232901940652	0.7102907296525278	2.1811367459344914e-18	
9.35 	0.2894701040579563	-3.3606245671554115e-18	-0.19841311068870884	0.004807943540673264	-0.19841311068870884	-0.004807943540673273	0.7105298959420457	2.6295701623421122e-18	
9.375 	0.28922872587968473	-3.5147612849044196e-18	-0.19844195283276683	0.004815432967825314	-0.19844195283276678	-0.004815432967825322	0.7107712741203173	2.6525843293464313e-18	
9.4 	0.28899034852022704	-3.1119290801644316e-18	-0.19844772529691387	0.004728755174523415	-0.19844772529691385	-0.004728755174523423	0.7110096514797751	2.9458544607836333e-18	
9.425 	0.28875376004662545	-3.458613357013182e-18	-0.1986388885122857	0.004763286447083405	-0.19863888851228576	-0.004763286447083413	0.7112462399533768	2.5854306008802627e-18	
9.45 	0.2885131771385602	-3.1734382606334157e-18	-0.19880948567851883	0.0048563711435542665	-0.1988094856785189	-0.004856371143554274	0.711486822861442	2.4772562405491745e-18	
9.475 	0.28827094934106967	-3.38794881137038e-18	-0.1988389665782077	0.004826809109457523	-0.1988389665782077	-0.004826809109457531	0.7117290506589325	2.4162997966243147e-18	
9.5 	0.28802921513588503	-3.4323908453445176e-18	-0.19890259356168516	0.0048315510575121685	-0.1989025935616851	-0.004831551057512176	0.7119707848641176	3.021371806141784e-18	
9.525 	0.2877901169040019	-3.705725271149474e-18	-0.19884853465966926	0.004709385345709856	-0.1988485346596692	-0.0047093853457098635	0.7122098830960004	3.1743423947389346e-18	
9.55 	0.2875601597014871	-3.5757312172560216e-18	-0.19880878987338493	0.004489626195476263	-0.1988087898733849	-0.004489626195476271	0.7124398402985153	2.8499773457755164e-18	
9.575 	0.28733760664563224	-3.736211964618263e-18	-0.1989690195124984	0.004444219320955705	-0.19896901951249843	-0.004444219320955713	0.71266239335437	2.9940272240734352e-18	
9.6 	0.2871168293370191	-3.656412183494236e-18	-0.19911423851948512	0.0044029100901209995	-0.1991142385194851	-0.0044029100901210065	0.7128831706629832	2.908927043260189e-18	
9.625 	0.28689492438570374	-3.651764225847816e-18	-0.19930341154774492	0.004473100915279404	-0.19930341154774497	-0.004473100915279412	0.7131050756142986	2.8013452897957964e-18	
9.65 	0.28666975898191305	-3.2072602408854557e-18	-0.19936588537684957	0.0044870880598259786	-0.19936588537684957	-0.004487088059825986	0.7133302410180894	2.5676193090880957e-18	
9.675 	0.28644884270922866	-3.1931909624872776e-18	-0.19939933096426962	0.004370737808899398	-0.19939933096426965	-0.004370737808899406	0.7135511572907739	2.7880674309044363e-18	
9.7 	0.2862334677395358	-3.491759762855502e-18	-0.199415879214115	0.00423038635117452	-0.199415879214115	-0.004230386351174527	0.7137665322604668	2.931134729378204e-18	
9.725 	0.2860283608548548	-3.4500125578805795e-18	-0.1994243388826854	0.003965123622021441	-0.19942433888268538	-0.00396512362202145	0.7139716391451477	2.530539418002039e-18	
9.75 	0.28583456990197825	-3.393388320549527e-18	-0.19955785436494564	0.0038057466393372884	-0.19955785436494564	-0.0038057466393372963	0.7141654300980242	2.3895516183015412e-18	
9.775 	0.2856448756375407	-3.2674698172605036e-18	-0.19972154439224016	0.003780786635285277	-0.19972154439224019	-0.003780786635285285	0.7143551243624617	2.534143496841973e-18	
9.8 	0.285456686133429	-3.4529365854165667e-18	-0.19984704488049912	0.00373065307914035	-0.19984704488049918	-0.0037306530791403588	0.7145433138665733	2.243574167950553e-18	
9.825 	0.28527031636402816	-3.5433311130857335e-18	-0.19997097745715714	0.0037259770190010916	-0.1999709774571571	-0.0037259770190010994	0.7147296836359739	2.6387978089915918e-18	
9.85 	0.28508627177883006	-3.638287805452261e-18	-0.20003069310613802	0.0036142061510528152	-0.200030693106138	-0.003614206151052823	0.714913728221172	2.5807932833006237e-18	
9.875 	0.284909023629285	-3.7711332822252224e-18	-0.20012007769516563	0.003475665119716	-0.20012007769516565	-0.0034756651197160073	0.7150909763707172	2.5929796129337563e-18	
9.9 	0.28473921295288174	-3.7801239508815606e-18	-0.20022541733513813	0.0033185150067352	-0.20022541733513807	-0.003318515006735208	0.7152607870471203	2.5550868003967005e-18	
9.925 	0.28457384914931727	-3.584218924973037e-18	-0.20030468434465662	0.0032880302958676697	-0.2003046843446566	-0.0032880302958676775	0.7154261508506848	2.5872097323596475e-18	
9.95 	0.28441945115950723	-3.562994756067503e-18	-0.2003965664520294	0.0029292979623238326	-0.20039656645202944	-0.00292929796232384	0.7155805488404948	2.732521584755807e-18	
9.975 	0.2842789181237061	-3.579155352485096e-18	-0.2005755909125273	0.002706886633046588	-0.20057559091252722	-0.002706886633046596	0.7157210818762961	2.5822024931372175e-18	
10.0 	0.28414552625082173	-3.569824882367966e-18	-0.20080259184755206	0.0026818188314311894	-0.2008025918475521	-0.002681818831431197	0.7158544737491805	2.5874968757695724e-18	
10.025 	0.2840071378931628	-3.73211626256436e-18	-0.2009238576174847	0.002859054722954239	-0.2009238576174847	-0.0028590547229542466	0.7159928621068394	2.580172923310202e-18	
10.05 	0.28386301402954484	-3.722682429937615e-18	-0.20093689052515543	0.0028354783127599753	-0.20093689052515545	-0.0028354783127599826	0.7161369859704573	2.636282823357783e-18	
10.075 	0.2837265275109329	-3.7754528630941085e-18	-0.20101988948844857	0.0026039633469744933	-0.20101988948844857	-0.0026039633469745003	0.7162734724890693	2.5867046583060985e-18	
10.1 	0.2836029274659649	-3.923006332286591e-18	-0.20116286200251016	0.0023094120145286086	-0.2011628620025102	-0.0023094120145286156	0.7163970725340374	2.786355524351502e-18	
10.125 	0.283493446057552	-3.877809918048485e-18	-0.20138183817294947	0.0021020536326797046	-0.2013818381729495	-0.002102053632679712	0.7165065539424502	2.8725136791630315e-18	
10.15 	0.28338982325128065	-3.597122261786824e-18	-0.20154350967884607	0.0020196856988987937	-0.20154350967884607	-0.0020196856988988015	0.7166101767487215	2.6994679317704354e-18	
10.175 	0.2832913134887799	-3.687984329975835e-18	-0.20172384978922298	0.001928827166100501	-0.20172384978922295	-0.0019288271661005083	0.7167086865112222	2.7908928185390357e-18	
10.2 	0.2831955168206017	-3.726450687134571e-18	-0.2018722352929687	0.0019463942097889533	-0.20187223529296874	-0.0019463942097889609	0.7168044831794003	2.645899008018585e-18	
10.225 	0.2830976413101925	-3.838964979846661e-18	-0.20194973762149165	0.0019692439650065953	-0.2019497376214916	-0.0019692439650066027	0.7169023586898093	2.700711673787242e-18	
10.25 	0.2830000631020151	-3.757102439292859e-18	-0.20201753380055124	0.0018888044408789143	-0.20201753380055126	-0.0018888044408789217	0.7169999368979868	2.6613150198937106e-18	
10.275 	0.28291055385220565	-3.910310017735647e-18	-0.20218862527540163	0.001695157610741206	-0.20218862527540166	-0.001695157610741213	0.7170894461477961	2.8544496105029455e-18	
10.3 	0.2828298642094711	-3.8987859286579114e-18	-0.2023844100238645	0.0015793877345224054	-0.2023844100238645	-0.0015793877345224127	0.7171701357905307	2.8874294434390344e-18	
10.325 	0.282753080670304	-3.850516024679301e-18	-0.20253207889064706	0.0014664475847912346	-0.202532078890647	-0.0014664475847912418	0.7172469193296979	2.7690712616262246e-18	
10.35 	0.28268333212850744	-3.887164264100142e-18	-0.20274029677507677	0.0013146101822784694	-0.20274029677507677	-0.0013146101822784765	0.7173166678714944	2.8573171785104e-18	
10.375 	0.2826209026507422	-3.970414337230055e-18	-0.20298457822851096	0.0012333798719725002	-0.20298457822851096	-0.0012333798719725074	0.7173790973492598	2.920619417440304e-18	
10.4 	0.28255676769164007	-3.89148589115014e-18	-0.20303726112936968	0.001293773061622937	-0.20303726112936965	-0.001293773061622944	0.7174432323083619	2.925534678063439e-18	
10.425 	0.28249383293035646	-3.9515493429448556e-18	-0.2031917126334303	0.0012491042077085897	-0.20319171263343028	-0.0012491042077085964	0.7175061670696455	2.9132735097866758e-18	
10.45 	0.28243122586232755	-3.9864007386195904e-18	-0.2032909461573857	0.0012507212611587843	-0.20329094615738566	-0.0012507212611587914	0.7175687741376743	2.8847670247004022e-18	
10.475 	0.2823684282614437	-3.970065540116179e-18	-0.20335166247797493	0.0012614472561993302	-0.20335166247797495	-0.001261447256199337	0.7176315717385584	2.872600970827987e-18	
10.5 	0.28230769294513514	-3.992363855233376e-18	-0.2034962532301017	0.0011296565345922554	-0.2034962532301017	-0.0011296565345922623	0.7176923070548666	2.951826104584245e-18	
10.525 	0.282255519607282	-4.053851280296352e-18	-0.20377461441167763	0.0009541141571161852	-0.20377461441167763	-0.0009541141571161922	0.7177444803927201	2.9333208386055478e-18	
10.55 	0.2822115464938953	-4.065592235311281e-18	-0.20409193191899422	0.0008471220518151912	-0.20409193191899416	-0.000847122051815198	0.7177884535061068	2.9871632152930075e-18	
10.575 	0.282168668705274	-4.06457161666371e-18	-0.2042470744327801	0.0008819752871439433	-0.2042470744327801	-0.0008819752871439501	0.7178313312947281	2.9565987982079216e-18	
10.6 	0.2821227414540212	-4.031347308772755e-18	-0.20432235680832467	0.0009478509637879594	-0.20432235680832467	-0.0009478509637879663	0.717877258545981	2.967991627076964e-18	
10.625 	0.28207240882775614	-4.169502180279902e-18	-0.2042813041199902	0.0010550576719082483	-0.20428130411999024	-0.0010550576719082548	0.7179275911722459	3.09485954308725e-18	
10.65 	0.2820203419319348	-4.245846434955624e-18	-0.20438365429070093	0.00098980995456307	-0.20438365429070102	-0.0009898099545630767	0.7179796580680672	3.1164721508459944e-18	
10.675 	0.281973439419488	-4.180841531725556e-18	-0.2046308118195868	0.0009044125104999465	-0.20463081181958678	-0.0009044125104999531	0.7180265605805138	3.08522087636844e-18	
10.7 	0.28192879489991507	-4.294418730316406e-18	-0.20480053879169935	0.0008818436777083495	-0.20480053879169938	-0.0008818436777083561	0.7180712051000869	3.1116587150088303e-18	
10.725 	0.28188574462107197	-4.3200938296560436e-18	-0.20501123058296972	0.0008564276612474721	-0.20501123058296972	-0.0008564276612474786	0.71811425537893	3.2773388762887418e-18	
10.75 	0.2818420073921409	-4.421047605770347e-18	-0.20510833837564438	0.0008835804299415839	-0.20510833837564432	-0.0008835804299415902	0.718157992607861	3.3209395340261383e-18	
10.775 	0.28179811599017207	-4.400730931971205e-18	-0.20526939874298375	0.0008775212389349879	-0.20526939874298375	-0.0008775212389349943	0.7182018840098298	3.26370348769835e-18	
10.8 	0.281754452783378	-4.446893794117895e-18	-0.20544720723605076	0.0008889906166641888	-0.2054472072360508	-0.0008889906166641951	0.7182455472166238	3.3118124859059056e-18	
10.825 	0.2817083206306129	-4.522539911002522e-18	-0.20547654314366492	0.0009623429569157675	-0.2054765431436649	-0.0009623429569157739	0.7182916793693889	3.410617245830835e-18	
10.85 	0.2816591361899808	-4.421537747520238e-18	-0.20552598250098586	0.000993796326647328	-0.20552598250098583	-0.0009937963266473345	0.7183408638100209	3.3174624682941723e-18	
10.875 	0.28160966666574827	-4.404010199339801e-18	-0.2057057655376867	0.000977379641545598	-0.20570576553768674	-0.0009773796415456044	0.7183903333342534	3.3393602425743497e-18	
10.9 	0.28156021539477616	-4.44038679524311e-18	-0.20582287804529023	0.0010047287956966118	-0.20582287804529026	-0.001004728795696618	0.7184397846052254	3.4094301939781985e-18	
10.925 	0.28150981907115463	-4.470375765221414e-18	-0.20599800925200165	0.0010041364922521133	-0.20599800925200168	-0.0010041364922521196	0.7184901809288469	3.380482667749963e-18	
10.95 	0.2814590730547831	-4.415460528073951e-18	-0.2061420468997123	0.0010279506635842437	-0.20614204689971233	-0.00102795066358425	0.7185409269452185	3.412451688057539e-18	
10.975 	0.28140704468027067	-4.497179740406726e-18	-0.2062856935185421	0.0010552014296598866	-0.20628569351854203	-0.001055201429659893	0.7185929553197309	3.4338020763869972e-18	
11.0 	0.28135316971247687	-4.309980322267118e-18	-0.20636522698970128	0.0011002549559777943	-0.2063652269897012	-0.001100254955977801	0.7186468302875247	3.288530572344281e-18	
11.025 	0.2812968039597323	-4.279404446296515e-18	-0.20638146963111564	0.0011537679258630798	-0.2063814696311156	-0.0011537679258630867	0.7187031960402693	3.233115748688681e-18	
11.05 	0.28123802754661664	-3.9872885927783815e-18	-0.2064344215546745	0.0011960864600877405	-0.20643442155467454	-0.0011960864600877477	0.7187619724533849	3.044240769672422e-18	
11.075 	0.2811774572560066	-4.043203215468772e-18	-0.20658831879644998	0.0012275689814537887	-0.20658831879644995	-0.001227568981453796	0.7188225427439948	3.048020211908106e-18	
11.1 	0.28111521720192967	-4.045699072928366e-18	-0.20675822687579676	0.001262478547778217	-0.2067582268757968	-0.001262478547778224	0.7188847827980719	3.0282232275891543e-18	
11.125 	0.28105114649123947	-4.0955570796978856e-18	-0.20687893439167326	0.0013003575848151295	-0.20687893439167318	-0.0013003575848151369	0.7189488535087621	3.0093253167446682e-18	
11.15 	0.2809851996296709	-4.0056726306410394e-18	-0.2069504689580864	0.0013372501608344294	-0.20695046895808641	-0.0013372501608344366	0.7190148003703307	3.0066802765071065e-18	
11.175 	0.28091747004673684	-4.063184947902975e-18	-0.20699442050165764	0.0013701848603542674	-0.2069944205016577	-0.0013701848603542746	0.7190825299532649	2.9747595362680807e-18	
11.2 	0.280848303459898	-4.040922146300333e-18	-0.20701626709255122	0.0013960147873869164	-0.20701626709255122	-0.0013960147873869238	0.7191516965401037	3.0028957525696267e-18	
11.225 	0.2807776654526628	-4.166614551854035e-18	-0.20710995949015593	0.0014333161130816489	-0.20710995949015598	-0.001433316113081656	0.7192223345473391	3.001438017241235e-18	
11.25 	0.28070479123668585	-3.9863189872967996e-18	-0.20725288972392453	0.0014870119743416207	-0.20725288972392458	-0.0014870119743416283	0.719295208763316	3.08699065333022e-18	
11.275 	0.28062906473501287	-3.793791608522658e-18	-0.20735340724344933	0.0015391593544017512	-0.20735340724344933	-0.001539159354401759	0.719370935264989	2.8145297595456e-18	
11.3 	0.2805515963198373	-3.745637177096956e-18	-0.20738740714218962	0.0015625268823363685	-0.20738740714218956	-0.0015625268823363761	0.7194484036801646	2.7859475066984578e-18	
11.325 	0.28047254080094275	-3.699555332457369e-18	-0.20747448828325502	0.0016002858368956772	-0.20747448828325502	-0.0016002858368956852	0.7195274591990592	2.7280348291442942e-18	
11.35 	0.2803905135352427	-3.791807308425409e-18	-0.20763783978827097	0.001684344847105435	-0.207637839788271	-0.0016843448471054428	0.7196094864647594	2.7535813926626763e-18	
11.375 	0.28030558193730454	-3.752065940233438e-18	-0.20762127893703958	0.001701966571880326	-0.2076212789370396	-0.0017019665718803337	0.7196944180626973	2.7592158119278763e-18	
11.4 	0.2802206970881255	-3.74236461810671e-18	-0.2075877039277691	0.0016865681470219526	-0.20758770392776912	-0.0016865681470219604	0.7197793029118763	2.631423873153747e-18	
11.425 	0.2801364280334129	-3.513055464984218e-18	-0.20760340293075172	0.0016795755836728305	-0.2076034029307518	-0.0016795755836728384	0.7198635719665889	2.57748622741302e-18	
11.45 	0.2800526195154744	-3.583187701859913e-18	-0.20766856893775784	0.0016795340929041608	-0.20766856893775787	-0.001679534092904169	0.7199473804845274	2.506135863381047e-18	
11.475 	0.27996719897433925	-3.423620242504847e-18	-0.20783505909514538	0.001745126325074558	-0.20783505909514538	-0.0017451263250745658	0.7200328010256628	2.505644394320817e-18	
11.5 	0.2798779735346758	-3.475353047885767e-18	-0.20799152974487434	0.00182986533451755	-0.20799152974487436	-0.0018298653345175577	0.7201220264653263	2.5976518090051723e-18	
11.525 	0.27978375595722066	-3.557011626118099e-18	-0.20811146943431078	0.001937441747721161	-0.2081114694343108	-0.0019374417477211687	0.7202162440427812	2.619814814322189e-18	
11.55 	0.2796872594480872	-3.516439949927349e-18	-0.20802361050302798	0.0019012493325549957	-0.20802361050302798	-0.0019012493325550035	0.720312740551915	2.6000920666932825e-18	
11.575 	0.2795922027500169	-3.7478352643384995e-18	-0.20806976260552262	0.0019135552524094522	-0.20806976260552265	-0.00191355525240946	0.7204077972499852	2.857367982847076e-18	
11.6 	0.2794968921481917	-3.730888872646229e-18	-0.2080081331444781	0.0018720452692905156	-0.2080081331444781	-0.0018720452692905232	0.7205031078518105	2.6990706804437106e-18	
11.625 	0.2794054884725766	-3.708705728882212e-18	-0.20798995889038213	0.0017956586835168643	-0.20798995889038213	-0.0017956586835168721	0.7205945115274254	2.8147231967729466e-18	
11.65 	0.27931733735608866	-3.783502220802726e-18	-0.20805906537494043	0.0017485076723394752	-0.20805906537494048	-0.0017485076723394828	0.7206826626439136	2.7491999258918944e-18	
11.675 	0.27922761182835343	-3.737729435124391e-18	-0.20825284521133014	0.0018420747966720952	-0.20825284521133008	-0.0018420747966721026	0.7207723881716487	2.7059969389034856e-18	
11.7 	0.279131549585026	-3.6793864162694e-18	-0.20842081143221577	0.001998466098824043	-0.20842081143221577	-0.001998466098824051	0.7208684504149762	2.6195212938786374e-18	
11.725 	0.2790302879962869	-3.630366441369458e-18	-0.20843705237238572	0.0020510018722645863	-0.2084370523723857	-0.0020510018722645937	0.7209697120037152	2.6836863951097282e-18	
11.75 	0.2789292196870869	-3.61724719750431e-18	-0.20836221180985764	0.0019755192884117626	-0.20836221180985767	-0.0019755192884117704	0.721070780312915	2.6610128815890223e-18	
11.775 	0.2788321064919415	-3.64525389336528e-18	-0.2083779676539299	0.0019277782825635745	-0.20837796765392994	-0.0019277782825635821	0.7211678935080605	2.56415092069903e-18	
11.8 	0.27873704533027654	-3.646883548178296e-18	-0.20840943303117687	0.0018880264225411467	-0.20840943303117687	-0.0018880264225411545	0.7212629546697255	2.5079840142220452e-18	
11.825 	0.2786421600601875	-3.5725356191602405e-18	-0.2084394568400201	0.001886887671338099	-0.20843945684002005	-0.0018868876713381067	0.7213578399398145	2.521291412912478e-18	
11.85 	0.2785497971731489	-3.5061130605001595e-18	-0.20843269111159704	0.001800501743531294	-0.20843269111159704	-0.001800501743531302	0.7214502028268531	2.598601596717963e-18	
11.875 	0.27846203234559913	-3.536863633306574e-18	-0.20848273294332653	0.0017244842457487532	-0.20848273294332648	-0.001724484245748761	0.7215379676544028	2.6163012295833633e-18	
11.9 	0.27837553555217504	-3.540516894535125e-18	-0.20861945716719	0.0017680486153463138	-0.20861945716719	-0.0017680486153463216	0.721624464447827	2.591579274591925e-18	
11.925 	0.2782842590026745	-3.577229791564168e-18	-0.2086811339839034	0.0018275607997901666	-0.20868113398390334	-0.0018275607997901746	0.7217157409973274	2.6638228634701367e-18	
11.95 	0.27819174202897706	-3.6585932013007295e-18	-0.20877511586938988	0.0018843057713681583	-0.2087751158693899	-0.001884305771368166	0.7218082579710251	2.7022401345817357e-18	
11.975 	0.27809285635610786	-3.646580266274839e-18	-0.2088295892094719	0.002056402786890097	-0.2088295892094718	-0.002056402786890105	0.7219071436438941	2.66328740873451e-18	
