0.0 	1.0	0.0	-2.5860532068485732e-17	0.0	-2.509858598950547e-17	0.0	-8.783069273710706e-19	0.0	
0.025 	0.9993754697897728	-6.899523513943463e-19	0.0006240619070846687	0.0249624293948821	0.0006240619070846348	-0.0249624293948821	0.0006245302102273785	6.964730893881428e-19	
0.05 	0.9975075015781647	-8.226590704037229e-19	0.002485037374910568	0.049700337611447785	0.0024850373749106037	-0.049700337611447785	0.002492498421835353	-7.953089836135958e-19	
0.075 	0.9944128503681715	1.6232071725769975e-18	0.0055496441926644715	0.07399367963800785	0.00554964419266447	-0.07399367963800785	0.005587149631828394	-1.1723917082456791e-19	
0.1 	0.9901190711594174	-7.693771122171189e-19	0.009763555983284607	0.09763119662031357	0.009763555983284595	-0.09763119662031357	0.00988092884058234	-9.254414984971833e-19	
0.125 	0.9846639783046	-5.570622253847143e-18	0.015053057012875577	0.12041440339700493	0.015053057012875607	-0.12041440339700493	0.015336021695400057	-6.581980431752918e-18	
0.15 	0.9780949164616629	7.992439383023208e-19	0.021327241335891107	0.14216111624981595	0.02132724133589112	-0.14216111624981595	0.021905083538336968	1.1716363409888535e-18	
0.175 	0.970467869026807	7.675135268075107e-19	0.028480649203496227	0.16270840995155855	0.028480649203496217	-0.16270840995155858	0.02953213097319271	2.3487920161690865e-18	
0.2 	0.961846434703448	-5.704660738960863e-18	0.036396216900439794	0.18191492491073696	0.03639621690043977	-0.18191492491073696	0.03815356529655163	4.093753502121924e-18	
0.225 	0.9523007059655291	-5.167897815107825e-18	0.044948407868076926	0.19966247973397525	0.04494840786807692	-0.19966247973397525	0.047699294034470485	4.39738763873575e-18	
0.25 	0.941906084534404	-7.107439603051847e-18	0.05400639317197557	0.21585697928233946	0.05400639317197554	-0.21585697928233946	0.05809391546559547	-8.078111102006891e-18	
0.275 	0.9307420686564585	-5.883823962968315e-19	0.06343715741332902	0.23042864088337117	0.06343715741332895	-0.23042864088337117	0.06925793134354097	1.0760109303291626e-18	
0.3 	0.918891045104601	9.055066894670832e-19	0.07310842079887694	0.24333158975854738	0.07310842079887692	-0.2433315897585474	0.08110895489539857	5.032620750818607e-18	
0.325 	0.9064371156797228	-1.2727034823860965e-18	0.08289128759138581	0.2545428974502623	0.08289128759138578	-0.2545428974502623	0.09356288432027683	1.2105506463597941e-18	
0.35 	0.8934649838663395	-9.549633917142222e-18	0.0926625536667197	0.26406115320827295	0.09266255366671966	-0.26406115320827295	0.10653501613366005	-1.0195869595608165e-17	
0.375 	0.8800589225362988	-5.688251111279744e-18	0.10230662949947696	0.2719046676631891	0.10230662949947698	-0.2719046676631891	0.11994107746370057	-9.250087169802262e-19	
0.4 	0.8663018385307879	-1.1212261861185817e-17	0.11171705784981237	0.27810941097067116	0.11171705784981238	-0.27810941097067116	0.13369816146921126	-8.412585209205025e-18	
0.425 	0.8522744448924228	-3.1254295780576762e-18	0.12079762629325923	0.2827267847007507	0.1207976262932592	-0.2827267847007507	0.14772555510757632	3.696302810152649e-18	
0.45 	0.838054546728712	-4.904886624166876e-18	0.12946309246984403	0.28582131913305814	0.12946309246984405	-0.2858213191330581	0.16194545327128682	-5.394400825834985e-18	
0.475 	0.8237164423704845	8.010353364097267e-18	0.13763955388746835	0.2874683765332982	0.13763955388746835	-0.2874683765332982	0.17628355762951456	8.798599218869927e-18	
0.5 	0.8093304377856865	1.5982615478776154e-17	0.1452645040515707	0.2877519276991192	0.14526450405157065	-0.2877519276991192	0.19066956221431267	7.24146232242141e-18	
0.525 	0.794962469200015	2.3496456788626673e-18	0.1522866227053362	0.2867624547697142	0.15228662270533622	-0.2867624547697142	0.20503753079998405	6.294176428144082e-19	
0.55 	0.7806738265847297	-1.1640211256880576e-17	0.15866535041660257	0.28459501903031653	0.15866535041660257	-0.28459501903031653	0.21932617341526953	-9.993661855700848e-18	
0.575 	0.7665209690755463	1.388085710124208e-17	0.16437029718621204	0.2813475190382968	0.16437029718621204	-0.2813475190382968	0.2334790309244528	1.0896789810828481e-17	
0.6 	0.7525554224258895	4.1305056436792805e-18	0.16938053182408155	0.27711915244970753	0.16938053182408155	-0.27711915244970753	0.24744457757410976	3.3133866404722866e-18	
0.625 	0.7388237481899295	2.1103557070799752e-19	0.17368379421519944	0.2720090848056362	0.17368379421519944	-0.2720090848056362	0.26117625181006976	-4.1522754760637394e-18	
0.65 	0.7253675743793673	7.686898253631914e-18	0.17727566691603064	0.2661153204153493	0.1772756669160307	-0.2661153204153493	0.27463242562063184	1.466759793007292e-17	
0.675 	0.712223677742331	3.0498975394739232e-18	0.18015873634499385	0.2595337643486172	0.18015873634499385	-0.2595337643486172	0.2877763222576683	-7.789635118574672e-19	
0.7 	0.6994241084758713	4.8081328467703935e-18	0.18234176762121143	0.2523574602959464	0.1823417676212114	-0.2523574602959464	0.3005758915241279	5.636175958315835e-18	
0.725 	0.6869963490169034	-1.1110586461240106e-17	0.18383891121599757	0.24467598645921892	0.18383891121599763	-0.2446759864592189	0.3130036509830955	-9.564584077934288e-18	
0.75 	0.6749634994835776	-6.413819990879423e-18	0.18466895425578345	0.2365749904335712	0.18466895425578347	-0.2365749904335712	0.3250365005164214	9.338180358171733e-19	
0.775 	0.6633444832972819	6.540234330196545e-18	0.18485462469991112	0.22813584395331815	0.18485462469991115	-0.22813584395331815	0.3366555167027173	-2.3227851264026072e-18	
0.8 	0.6521542674560168	-4.256145689912521e-18	0.1844219527762723	0.21943539912560417	0.1844219527762723	-0.21943539912560414	0.34784573254398266	-1.2373694145855596e-18	
0.825 	0.6414040928172048	-1.7666692391151077e-18	0.18339969099207462	0.21054582911370337	0.18339969099207465	-0.21054582911370337	0.3585959071827948	5.869776586223852e-18	
0.85 	0.6311017105583434	-1.6846711866101087e-18	0.18181879169956022	0.20153453793960038	0.1818187916995602	-0.20153453793960038	0.3688982894416561	1.3186864841968329e-18	
0.875 	0.6212516217034577	-2.0351389969683862e-18	0.1797119395106533	0.19246412597330537	0.17971193951065328	-0.19246412597330537	0.37874837829654157	1.3809215692354647e-18	
0.9 	0.6118553172262038	2.840566889948042e-18	0.17711313472747392	0.1833923996241004	0.1771131347274739	-0.1833923996241004	0.3881446827737953	-6.351831987190458e-18	
0.925 	0.6029115167669685	-8.149640026833779e-19	0.17405732328951234	0.17437241564306086	0.17405732328951237	-0.17437241564306086	0.3970884832330304	-2.658586952086759e-19	
0.95 	0.594416404435982	5.0584533490161905e-18	0.17058006843806575	0.16545255221554764	0.17058006843806578	-0.16545255221554764	0.405583595564017	4.229464880159993e-18	
0.975 	0.5863638605247433	-5.998269346259123e-18	0.16671725927772885	0.15667660062264155	0.16671725927772887	-0.15667660062264152	0.4136361394752554	-3.5173910358125864e-18	
1.0 	0.5787456882230928	2.620601070736237e-18	0.16250485159822733	0.14808387265867862	0.1625048515982273	-0.14808387265867862	0.4212543117769062	-7.273706365688427e-19	
1.025 	0.5715518346488393	-1.957220553485092e-18	0.157978636645272	0.13970932020103055	0.15797863664527206	-0.13970932020103055	0.4284481653511598	1.3334020448010701e-18	
1.05 	0.5647706056509194	-6.295432924015145e-18	0.15317403394657053	0.13158366434202418	0.15317403394657053	-0.13158366434202418	0.4352293943490797	-4.46741940636744e-18	
1.075 	0.5583888739550827	-4.652295454929305e-18	0.14812590477024706	0.1237335323224862	0.14812590477024706	-0.1237335323224862	0.4416111260449165	-3.7046191717731366e-18	
1.1 	0.5523922802919449	1.781453294642946e-18	0.14286838328909832	0.11618160116681972	0.1428683832890983	-0.11618160116681972	0.4476077197080544	1.666963114156456e-18	
1.125 	0.54676542718896	1.0604489699998263e-18	0.13743472302461116	0.10894674742739684	0.13743472302461113	-0.10894674742739682	0.45323457281103885	-1.5196634669789402e-18	
1.15 	0.54149206512764	2.7350494360304767e-18	0.1318571566346958	0.1020442028180345	0.13185715663469577	-0.1020442028180345	0.4585079348723585	-2.690353477532594e-18	
1.175 	0.536555270771592	5.205778786898366e-18	0.12616676757803433	0.09548571576821156	0.12616676757803436	-0.09548571576821158	0.46344472922840657	5.472324941600103e-18	
1.2 	0.5319376169652981	-1.8991927399476933e-18	0.12039337262786777	0.08927971907599092	0.12039337262786777	-0.08927971907599092	0.46806238303470066	6.598003075730192e-18	
1.225 	0.5276213341929515	3.487668975253868e-18	0.11456541461253576	0.08343150389155661	0.11456541461253579	-0.08343150389155661	0.472378665807047	-3.763107389619685e-18	
1.25 	0.523588463175418	1.9598576649148873e-18	0.10870986512345937	0.0779434002370236	0.10870986512345937	-0.07794340023702362	0.47641153682458054	-5.222104775826927e-18	
1.275 	0.5198209982752129	8.077462416597682e-18	0.10285213724810205	0.07281496417320216	0.10285213724810202	-0.07281496417320217	0.48017900172478556	-6.588453256958715e-18	
1.3 	0.5163010213774571	5.763363870715857e-18	0.09701600865050394	0.06804317157152234	0.09701600865050392	-0.06804317157152236	0.4836989786225414	-3.1076393457679974e-18	
1.325 	0.5130108259216508	5.42287207354411e-18	0.09122355553023026	0.06362261825066447	0.09122355553023026	-0.06362261825066448	0.48698917407834785	-6.5840654453002456e-18	
1.35 	0.5099330307768459	2.7122104294026994e-18	0.08549509813758807	0.05954572600432136	0.08549509813758806	-0.05954572600432137	0.49006696922315285	-4.5004631154679616e-18	
1.375 	0.5070506836827877	6.694228731002856e-18	0.07984915860527786	0.05580295379117755	0.07984915860527789	-0.055802953791177556	0.4929493163172108	-7.714446313753807e-18	
1.4 	0.504347354022654	5.199731261184677e-18	0.07430243187231106	0.05238301309336925	0.074302431872311	-0.05238301309336924	0.4956526459773447	-4.481700198914608e-18	
1.425 	0.501807214749275	2.8970461073191736e-18	0.06886977042496935	0.04927308618844501	0.06886977042496939	-0.04927308618844502	0.4981927852507235	-4.793122631826429e-18	
1.45 	0.49941511335568733	2.3688365886954202e-18	0.06356418346406272	0.04645904583520873	0.06356418346406277	-0.046459045835208726	0.5005848866443112	-2.667435049637333e-18	
1.475 	0.4971566318613769	3.848599394758972e-18	0.05839685093250484	0.04392567465835648	0.05839685093250487	-0.043925674658356485	0.5028433681386217	-7.114135532542905e-18	
1.5 	0.49501813587589394	3.816906305192032e-18	0.053377152609622384	0.041656882342076346	0.05337715260962242	-0.041656882342076346	0.5049818641241045	-7.354339146084816e-18	
1.525 	0.49298681289933455	5.953217793380691e-18	0.04851271220844021	0.039635918618773705	0.04851271220844025	-0.039635918618773705	0.5070131871006638	-6.83392637327797e-18	
1.55 	0.4910507001217703	3.3339046779234936e-18	0.043809456111393884	0.0378455799737418	0.04380945611139386	-0.03784557997374179	0.5089492998782281	-6.623885702164228e-18	
1.575 	0.4891987020879747	2.798592375512195e-18	0.03927168606213341	0.03626840798530812	0.039271686062133444	-0.036268407985308115	0.5108012979120236	-6.390479349921154e-18	
1.6 	0.48742059869646226	3.927113826872446e-18	0.03490216481094695	0.03488687728526431	0.0349021648109469	-0.0348868772852643	0.5125794013035364	-6.254112226620548e-18	
1.625 	0.48570704409960397	5.5161923280550944e-18	0.030702213403837	0.03368357125567721	0.030702213403837022	-0.03368357125567722	0.5142929559003947	-6.904659083178662e-18	
1.65 	0.48404955716118814	4.404228504258936e-18	0.026671818524946513	0.03264134377184212	0.026671818524946527	-0.03264134377184212	0.5159504428388105	-8.003312178107514e-18	
1.675 	0.4824405042062796	3.4259262373445178e-18	0.022809748062175308	0.0317434655506088	0.022809748062175315	-0.03174346555060879	0.5175594957937192	-5.8937412957684424e-18	
1.7 	0.48087307486304437	2.0829012639726245e-18	0.01911367287786426	0.030973753959422666	0.019113672877864273	-0.030973753959422663	0.5191269251369544	-5.28896761461035e-18	
1.725 	0.4793412518452711	3.2606767140010946e-18	0.015580292639255656	0.03031668547289021	0.015580292639255651	-0.030316685472890206	0.5206587481547275	-5.5663071653700046e-18	
1.75 	0.477839775556197	3.1930662711603933e-18	0.012205463503037901	0.029757490317688647	0.012205463503037875	-0.029757490317688644	0.5221602244438015	-4.680366457276302e-18	
1.775 	0.4763641044081403	9.049266606776173e-19	0.008984325457405837	0.02928222920952698	0.008984325457405849	-0.029282229209526972	0.5236358955918583	-4.8591495815516896e-18	
1.8 	0.47491037174825906	3.3753344563458035e-18	0.005911427203172775	0.028877852443813058	0.005911427203172816	-0.028877852443813055	0.5250896282517397	-5.618555777760109e-18	
1.825 	0.473475340259077	1.9995593644765956e-18	0.0029808465988269243	0.028532241941412448	0.0029808465988269447	-0.02853224194141244	0.5265246597409221	-3.987115794832183e-18	
1.85 	0.4720563546644631	3.369112257137487e-18	0.00018630489637742585	0.028234237160304505	0.00018630489637745377	-0.028234237160304494	0.5279436453355357	-5.686983923785888e-18	
1.875 	0.47065129351930607	1.6735706101148291e-18	-0.0024787267537867206	0.02797364605268245	-0.0024787267537867154	-0.027973646052682443	0.5293487064806925	-6.694349835904355e-18	
1.9 	0.4692585207964301	2.209921930535718e-18	-0.005020929761129213	0.027741242466902558	-0.005020929761129183	-0.027741242466902554	0.5307414792035687	-4.527047147510247e-18	
1.925 	0.4678768379099637	3.850183712283787e-18	-0.007447050432941286	0.027528751558920202	-0.0074470504329412586	-0.0275287515589202	0.532123162090035	-5.847936161559547e-18	
1.95 	0.4665054367332117	1.9448319945274917e-18	-0.009763822780691636	0.027328824885332545	-0.009763822780691638	-0.027328824885332538	0.5334945632667869	-4.10145696120134e-18	
1.975 	0.4651438540839988	2.9798015164169544e-18	-0.011977902056091396	0.02713500689939043	-0.011977902056091411	-0.027135006899390426	0.534856145916	-5.6501470885648806e-18	
2.0 	0.46379192806433767	3.1752338635453804e-18	-0.01409580896437239	0.02694169456437597	-0.014095808964372425	-0.026941694564375965	0.5362080719356611	-5.717070120297349e-18	
2.025 	0.46244975655681786	1.4139426934276408e-18	-0.01612388421348387	0.026744091739886743	-0.016123884213483854	-0.026744091739886743	0.5375502434431809	-6.3987925140338625e-18	
2.05 	0.46111765809977273	3.958472856280296e-18	-0.01806825280415877	0.026538159892100573	-0.018068252804158753	-0.02653815989210057	0.5388823419002259	-5.845898152298875e-18	
2.075 	0.45979613528914515	2.9139059795292353e-18	-0.019934797255078674	0.026320566536853055	-0.019934797255078733	-0.02632056653685305	0.5402038647108536	-5.136459554443334e-18	
2.1 	0.4584858407887066	2.2632494623335863e-18	-0.021729138795394082	0.026088632653283227	-0.02172913879539411	-0.02608863265328322	0.5415141592112921	-4.277119588056096e-18	
2.125 	0.45718754597309635	1.4301880562803445e-18	-0.023456625446930435	0.025840280115460714	-0.023456625446930387	-0.025840280115460704	0.5428124540269023	-5.224060112378321e-18	
2.15 	0.4559021121807528	3.0273428525548824e-18	-0.025122325861343026	0.02557397998951626	-0.025122325861343036	-0.025573979989516257	0.5440978878192458	-5.5871023924627e-18	
2.175 	0.45463046451645234	2.89490984946764e-18	-0.026731027771705274	0.025288702343764752	-0.0267310277717053	-0.025288702343764746	0.5453695354835463	-5.211519101596026e-18	
2.2 	0.4533735681156381	1.2399527241748833e-18	-0.028287239959731376	0.02498386802781177	-0.028287239959731394	-0.024983868027811763	0.5466264318843607	-5.645247820375787e-18	
2.225 	0.452132406764383	2.296414685438286e-18	-0.029795196723328136	0.02465930270125959	-0.029795196723328116	-0.024659302701259583	0.5478675932356157	-5.517271483182776e-18	
2.25 	0.4509079637587374	5.535921251966175e-19	-0.03125886394712588	0.024315193239579598	-0.03125886394712583	-0.024315193239579588	0.5490920362412612	-4.819191590073056e-18	
2.275 	0.44970120488409765	2.6260936837301983e-18	-0.03268194602260805	0.02395204651861014	-0.03268194602260806	-0.02395204651861013	0.550298795115901	-5.5866530083617726e-18	
2.3 	0.4485130633977009	2.505754719314774e-18	-0.034067893025261524	0.023570650482870915	-0.034067893025261524	-0.02357065048287091	0.5514869366022978	-5.369250484859686e-18	
2.325 	0.4473444269038472	1.8769317711460755e-18	-0.03541990772442614	0.0231720373376107	-0.03541990772442612	-0.02317203733761069	0.5526555730961513	-6.307649748511448e-18	
2.35 	0.4461961260204537	2.1279950773429317e-18	-0.03674095216806617	0.02275744866968554	-0.036740952168066145	-0.022757448669685536	0.5538038739795449	-4.120311555316987e-18	
2.375 	0.4450689247455597	7.988493189998647e-19	-0.03803375374104773	0.02232830229590338	-0.03803375374104771	-0.022328302295903373	0.5549310752544391	-4.8336296166934455e-18	
2.4 	0.44396351244210547	2.304731869961947e-18	-0.03930081073425581	0.02188616065591823	-0.03930081073425582	-0.021886160655918224	0.5560364875578931	-5.163936794953365e-18	
2.425 	0.4428804973675587	2.3500081077957613e-18	-0.040544397576974485	0.021432700605573368	-0.040544397576974485	-0.02143270060557336	0.55711950263244	-5.6536668089056195e-18	
2.45 	0.4418204016808674	2.8892852940186315e-18	-0.041766569971932344	0.02096968452044813	-0.04176656997193237	-0.020969684520448128	0.5581795983191312	-6.556039921441168e-18	
2.475 	0.4407836578621863	2.6883707413829768e-18	-0.042969170228587296	0.020498932682464745	-0.04296917022858728	-0.02049893268246474	0.5592163421378122	-5.515848442570248e-18	
2.5 	0.43977060648051375	3.508858512518014e-18	-0.04415383311465602	0.020022296988834905	-0.04415383311465599	-0.0200222969888349	0.5602293935194848	-5.5541352898566215e-18	
2.525 	0.43878149524079635	2.767166882515102e-18	-0.04532199253942812	0.01954163608663541	-0.045321992539428126	-0.019541636086635405	0.5612185047592022	-5.8426367453139214e-18	
2.55 	0.4378164792354416	2.030207007235502e-18	-0.046474889347467366	0.01905879209264447	-0.04647488934746734	-0.019058792092644463	0.5621835207645567	-5.630656085222403e-18	
2.575 	0.4368756223160338	2.0614176468073592e-18	-0.047613580441746774	0.018575569102231546	-0.0476135804417468	-0.018575569102231536	0.5631243776839645	-5.1907107688251226e-18	
2.6 	0.43595889949007716	2.7998243184359916e-18	-0.04873894937608229	0.018093713719503208	-0.048738949376082315	-0.018093713719503204	0.5640411005099213	-6.411773448096393e-18	
2.625 	0.4350662002356461	2.0804461932056493e-18	-0.049851718463762254	0.017614897851091573	-0.04985171846376223	-0.017614897851091566	0.5649337997643523	-5.402638857962677e-18	
2.65 	0.43419733261485466	2.7301654803067036e-18	-0.05095246234885815	0.017140703996639018	-0.050952462348858155	-0.017140703996639015	0.5658026673851438	-6.5072671635358545e-18	
2.675 	0.4333520280560462	4.766387626447053e-18	-0.05204162288537394	0.016672613240108214	-0.05204162288537393	-0.016672613240108207	0.566647971943952	-5.7734091211361084e-18	
2.7 	0.43252994666551026	3.9330703005166345e-18	-0.05311952507349729	0.0162119960986356	-0.05311952507349733	-0.016211996098635596	0.567470053334488	-6.398972010872501e-18	
2.725 	0.4317306829232289	4.574975218872323e-18	-0.05418639371763798	0.01576010632195366	-0.05418639371763802	-0.015760106321953654	0.5682693170767692	-6.448357536100822e-18	
2.75 	0.43095377161437654	4.082740600111677e-18	-0.05524237040280431	0.015318077658595535	-0.05524237040280428	-0.01531807765859553	0.5690462283856212	-6.0012517884844705e-18	
2.775 	0.4301986938496061	4.462282675612196e-18	-0.05628753033830334	0.014886923519109193	-0.05628753033830335	-0.014886923519109186	0.5698013061503918	-6.613446409175005e-18	
2.8 	0.42946488303290054	3.990220955885294e-18	-0.05732189859371718	0.014467539375858377	-0.057321898593717176	-0.014467539375858368	0.5705351169670972	-5.877129423827754e-18	
2.825 	0.428751730646064	3.7213583582069095e-18	-0.05834546525325892	0.014060707648515252	-0.05834546525325895	-0.014060707648515245	0.5712482693539338	-6.387877162616618e-18	
2.85 	0.4280585917336341	3.4006694571585583e-18	-0.05935819904123898	0.013667104738973675	-0.059358199041238985	-0.013667104738973668	0.5719414082663636	-5.577682393260535e-18	
2.875 	0.42738478999075274	2.5618429576178334e-18	-0.060360059022415556	0.013287309803876622	-0.060360059022415535	-0.013287309803876613	0.572615210009245	-5.686083219035213e-18	
2.9 	0.426729622378722	2.9519162085079654e-18	-0.06135100405409604	0.012921814791579792	-0.06135100405409601	-0.012921814791579783	0.5732703776212756	-5.7162457854017795e-18	
2.925 	0.42609236321780186	2.3812570990625386e-18	-0.06233099975848108	0.012571035226845547	-0.062330999758481075	-0.012571035226845538	0.5739076367821958	-4.674232040204018e-18	
2.95 	0.42547226773330227	2.4467904567652096e-18	-0.06330002288939525	0.01223532120371876	-0.0633000228893952	-0.01223532120371875	0.5745277322666953	-4.976806753788476e-18	
2.975 	0.4248685750581035	3.3378094386215302e-18	-0.06425806308196869	0.011914968046730081	-0.06425806308196863	-0.011914968046730073	0.5751314249418941	-5.431483000729727e-18	
3.0 	0.4242805107212548	2.8903348500530516e-18	-0.06520512209128551	0.011610226123559119	-0.06520512209128548	-0.01161022612355911	0.5757194892787427	-6.169519529966376e-18	
3.025 	0.4237072886770903	3.484703155362627e-18	-0.0661412107405511	0.011321309338179302	-0.06614121074055106	-0.011321309338179295	0.5762927113229069	-5.9835569947645186e-18	
3.05 	0.4231481129512528	3.502454232477879e-18	-0.06706634390512423	0.011048401900768267	-0.06706634390512418	-0.011048401900768256	0.5768518870487446	-5.052714152692891e-18	
3.075 	0.42260217899812147	2.959905744173172e-18	-0.06798053395035758	0.010791663056692807	-0.06798053395035757	-0.010791663056692798	0.5773978210018761	-4.7281225018607635e-18	
3.1 	0.4220686748775505	2.244586154414964e-18	-0.0688837831138244	0.010551229558095886	-0.06888378311382443	-0.010551229558095879	0.577931325122447	-5.1746584078070325e-18	
3.125 	0.4215467823668829	3.1789091681293334e-18	-0.06977607537230628	0.010327215773655689	-0.06977607537230626	-0.010327215773655682	0.5784532176331146	-5.3504483207109204e-18	
3.15 	0.42103567812648907	3.3834374870298485e-18	-0.07065736835811932	0.01011971144999087	-0.07065736835811932	-0.01011971144999086	0.5789643218735088	-5.351971139127884e-18	
3.175 	0.42053453503343735	2.7945177334647515e-18	-0.07152758588643428	0.009928777256629296	-0.07152758588643428	-0.009928777256629287	0.5794654649665607	-5.5336812921289645e-18	
3.2 	0.42004252378844004	3.275076298613957e-18	-0.07238661162500885	0.00975443836000825	-0.07238661162500887	-0.009754438360008241	0.5799574762115584	-5.7427834615048285e-18	
3.225 	0.41955881488630137	3.3846372593461694e-18	-0.0732342843813308	0.009596676375351006	-0.07323428438133081	-0.009596676375350999	0.580441185113697	-5.2264204184740344e-18	
3.25 	0.41908258102037865	2.750163061318061e-18	-0.07407039540200394	0.009455420133587548	-0.07407039540200393	-0.00945542013358754	0.5809174189796198	-5.50349630506333e-18	
3.275 	0.41861299996788937	2.7124999571981795e-18	-0.07489468797889633	0.00933053576950987	-0.07489468797889633	-0.009330535769509861	0.5813870000321089	-5.285180207524262e-18	
3.3 	0.41814925797633373	3.3463460511487345e-18	-0.07570685954073574	0.009221816683669167	-0.07570685954073574	-0.00922181668366916	0.5818507420236646	-5.3000410751589565e-18	
3.325 	0.4176905536430357	3.483778710548439e-18	-0.07650656628289497	0.009128973951733609	-0.07650656628289497	-0.0091289739517336	0.5823094463569626	-5.689353362306523e-18	
3.35 	0.4172361022511391	3.2309112094170925e-18	-0.07729343025802302	0.009051627749860467	-0.07729343025802302	-0.00905162774986046	0.5827638977488594	-5.6369822201509254e-18	
3.375 	0.41678514049764825	2.887295499500172e-18	-0.0780670487221743	0.00898930033302519	-0.07806704872217433	-0.008989300333025182	0.58321485950235	-5.449968238531693e-18	
3.4 	0.41633693152357787	2.7617326397256074e-18	-0.07882700541136867	0.008941411046338063	-0.07882700541136871	-0.008941411046338056	0.5836630684764207	-5.442683180053591e-18	
3.425 	0.41589077013418163	2.9816277390034195e-18	-0.07957288331794976	0.008907273769493636	-0.07957288331794973	-0.008907273769493629	0.584109229865817	-5.4101571699923915e-18	
3.45 	0.41544598807963734	3.8550533895327074e-18	-0.0803042784499867	0.008886097095051277	-0.08030427844998668	-0.00888609709505127	0.5845540119203614	-5.33038963297627e-18	
3.475 	0.4150019592543414	3.589372758610605e-18	-0.08102081399466261	0.008876987426594422	-0.08102081399466261	-0.008876987426594412	0.5849980407456575	-4.9862113325459306e-18	
3.5 	0.41455810466675297	3.079385216727834e-18	-0.08172215427145792	0.008878955058072013	-0.08172215427145792	-0.008878955058072005	0.585441895333246	-5.219041804674927e-18	
3.525 	0.41411389703188706	3.4240097034222616e-18	-0.08240801785500161	0.008890923166425946	-0.0824080178550016	-0.008890923166425937	0.5858861029681117	-5.11148096803397e-18	
3.55 	0.41366886484516124	3.500379048486161e-18	-0.08307818927141279	0.008911739521860196	-0.08307818927141279	-0.008911739521860189	0.5863311351548373	-5.155347753345919e-18	
3.575 	0.41322259580913606	2.2961234415068677e-18	-0.0837325287250292	0.008940190599713346	-0.08373252872502918	-0.008940190599713337	0.5867774041908627	-4.892687348121118e-18	
3.6 	0.4127747395032416	2.2358322304799752e-18	-0.08437097939243397	0.008975017670474603	-0.08437097939243399	-0.008975017670474593	0.5872252604967572	-4.228947375108389e-18	
3.625 	0.4123250092100768	2.1463827817492732e-18	-0.08499357192414522	0.009014934355097313	-0.08499357192414525	-0.009014934355097303	0.5876749907899217	-4.329355697808669e-18	
3.65 	0.41187318283928503	2.4566405224031335e-18	-0.08560042591651708	0.009058645065672055	-0.08560042591651709	-0.009058645065672047	0.5881268171607135	-4.787561042331479e-18	
3.675 	0.4114191029201591	1.963129396446735e-18	-0.0861917482516696	0.009104863709964385	-0.08619174825166961	-0.009104863709964375	0.5885808970798394	-3.65074632549309e-18	
3.7 	0.4109626756656698	2.1387896074812486e-18	-0.08676782834524	0.009152332024356603	-0.08676782834524002	-0.009152332024356592	0.5890373243343289	-3.5888759992504654e-18	
3.725 	0.41050386914214354	2.108354594421536e-18	-0.0873290304836695	0.009199836914119342	-0.0873290304836695	-0.009199836914119332	0.5894961308578549	-3.3436203581536696e-18	
3.75 	0.4100427106089276	1.988941051596704e-18	-0.08787578356777766	0.009246226222097281	-0.08787578356777762	-0.009246226222097271	0.5899572893910706	-3.1662362355317993e-18	
3.775 	0.40957928311972597	1.4943311412184728e-18	-0.08840856870095246	0.009290422414920094	-0.0884085687009525	-0.009290422414920086	0.5904207168802723	-3.1333307806646216e-18	
3.8 	0.4091137215006556	1.4812965160566772e-18	-0.08892790516242144	0.009331433766605291	-0.08892790516242145	-0.009331433766605283	0.5908862784993426	-2.584363395046833e-18	
3.825 	0.40864620783841193	1.969902151296586e-18	-0.08943433538367224	0.009368362728673776	-0.08943433538367225	-0.009368362728673767	0.5913537921615863	-2.322307581651164e-18	
3.85 	0.40817696662445446	1.957411779918344e-18	-0.089928409595206	0.009400411298533742	-0.089928409595206	-0.009400411298533733	0.5918230333755438	-1.6312761071584707e-18	
3.875 	0.40770625970730134	1.3579026352096192e-18	-0.09041067082882022	0.00942688332814426	-0.09041067082882025	-0.009426883328144252	0.5922937402926971	-2.3411861757587303e-18	
3.9 	0.40723438120461675	1.5176174563385956e-18	-0.09088164094639568	0.009447183846721167	-0.09088164094639568	-0.00944718384672116	0.5927656187953817	-1.9160586361441784e-18	
3.925 	0.4067616525198818	2.5637141637697073e-18	-0.09134180832010654	0.009460815598298845	-0.0913418083201065	-0.00946081559829884	0.5932383474801167	-3.163116711526407e-18	
3.95 	0.40628841759543044	2.6945524839013885e-18	-0.09179161771301313	0.009467373111343037	-0.09179161771301313	-0.009467373111343033	0.5937115824045684	-3.2414182644375646e-18	
3.975 	0.4058150385151895	2.244760064542387e-18	-0.092231462806515	0.009466534717865082	-0.09223146280651498	-0.009466534717865077	0.5941849614848095	-3.3178244067757056e-18	
4.0 	0.40534189154750827	2.5735110741096512e-18	-0.09266168169680186	0.009458053018932773	-0.09266168169680185	-0.009458053018932766	0.5946581084524908	-2.8550916060629175e-18	
4.025 	0.40486936369213516	2.0326396582728106e-18	-0.09308255554200254	0.00944174434842085	-0.09308255554200252	-0.009441744348420844	0.5951306363078639	-2.902441730439074e-18	
4.05 	0.4043978497669929	2.533232392834426e-18	-0.09349431039176181	0.009417477814781198	-0.0934943103917618	-0.009417477814781193	0.595602150233006	-2.3767734520883112e-18	
4.075 	0.40392775004130466	2.4793542181877554e-18	-0.09389712207855726	0.009385164500322916	-0.0938971220785573	-0.009385164500322911	0.5960722499586945	-2.4664434425376797e-18	
4.1 	0.4034594683932411	2.2582286515543004e-18	-0.09429112390247428	0.00934474736911595	-0.09429112390247427	-0.009344747369115945	0.596540531606758	-2.9641826978387785e-18	
4.125 	0.40299341094397345	2.7940696703150416e-18	-0.09467641670549289	0.009296192379667306	-0.09467641670549289	-0.0092961923796673	0.5970065890560255	-2.479175791088972e-18	
4.15 	0.402529985097086	2.9211042302317517e-18	-0.09505308081421468	0.0092394812197556	-0.0950530808142147	-0.009239481219755593	0.5974700149029128	-2.5527200740091153e-18	
4.175 	0.40206959889382404	3.4003769322056294e-18	-0.09542118923716267	0.009174605982202124	-0.09542118923716271	-0.009174605982202117	0.5979304011061749	-2.7555080947648163e-18	
4.2 	0.4016126605815028	3.3759454132361785e-18	-0.09578082143899166	0.009101565986840808	-0.09578082143899162	-0.009101565986840804	0.5983873394184961	-2.8048989335496323e-18	
4.225 	0.4011595782851817	2.5193696719592806e-18	-0.09613207698247953	0.009020366831208179	-0.09613207698247948	-0.009020366831208172	0.5988404217148171	-2.5928402220113065e-18	
4.25 	0.4007107596717275	2.575660394094691e-18	-0.09647508833181061	0.008931021626665108	-0.09647508833181064	-0.008931021626665103	0.5992892403282715	-2.566665673098952e-18	
4.275 	0.40026661150064563	2.567236920418535e-18	-0.09681003214755794	0.008833554254115696	-0.0968100321475579	-0.00883355425411569	0.5997333884993531	-2.6822495680709327e-18	
4.3 	0.39982753896722867	2.4933802149647013e-18	-0.09713713847338107	0.008728004360394134	-0.09713713847338103	-0.008728004360394127	0.6001724610327701	-2.676087302468805e-18	
4.325 	0.3993939447600409	2.9606437723263145e-18	-0.09745669731362577	0.008614433718485836	-0.0974566973136258	-0.008614433718485833	0.600606055239958	-2.5290147745548017e-18	
4.35 	0.3989662277756338	2.914433705244205e-18	-0.09776906222510093	0.00849293349702433	-0.09776906222510096	-0.008492933497024324	0.6010337722243652	-2.235634714492737e-18	
4.375 	0.39854478145756495	3.561786005019853e-18	-0.09807465068939927	0.00836363193094749	-0.09807465068939926	-0.008363631930947486	0.6014552185424339	-2.252108831017913e-18	
4.4 	0.3981299917529764	2.9203530619475876e-18	-0.09837394118734459	0.008226701858577146	-0.0983739411873446	-0.00822670185857714	0.6018700082470224	-2.3997151114023916e-18	
4.425 	0.39772223470680396	3.2119759655470644e-18	-0.09866746705694257	0.008082367592114661	-0.09866746705694253	-0.008082367592114654	0.6022777652931947	-2.3571272206164926e-18	
4.45 	0.3973218737397043	3.2148091413122056e-18	-0.09895580737280374	0.00793091061859215	-0.0989558073728037	-0.007930910618592144	0.6026781262602946	-2.167830741298599e-18	
4.475 	0.39692925667961665	1.8315021917502183e-18	-0.0992395752307292	0.007772673685212469	-0.09923957523072921	-0.007772673685212462	0.6030707433203821	-1.8649961462996152e-18	
4.5 	0.3965447126372537	2.0115016172745086e-18	-0.09951940394886133	0.007608062903911178	-0.09951940394886132	-0.007608062903911171	0.6034552873627449	-1.432176287160075e-18	
4.525 	0.39616854883162045	2.3002629829783965e-18	-0.09979593180024385	0.007437547610817224	-0.09979593180024383	-0.007437547610817219	0.6038314511683781	-1.9557534862253696e-18	
4.55 	0.3958010474820406	2.4997266672660585e-18	-0.10006978596574045	0.007261657831998206	-0.10006978596574051	-0.007261657831998201	0.6041989525179582	-1.5450503075875941e-18	
4.575 	0.3954424628875009	2.5600400353385754e-18	-0.1003415664374026	0.00708097933161772	-0.10034156643740262	-0.0070809793316177145	0.6045575371124979	-1.717512341727628e-18	
4.6 	0.39509301881213277	2.546397254059325e-18	-0.10061183060854291	0.006896146346113295	-0.10061183060854295	-0.00689614634611329	0.6049069811878659	-1.7995733723762283e-18	
4.625 	0.3947529062873435	3.0150576611715666e-18	-0.10088107925764778	0.0067078322317868574	-0.10088107925764776	-0.006707832231786853	0.6052470937126548	-2.1625663049540685e-18	
4.65 	0.3944222819268426	2.7004129100163372e-18	-0.10114974457024399	0.006516738367022913	-0.10114974457024399	-0.006516738367022908	0.6055777180731556	-2.1926103493498348e-18	
4.675 	0.39410126683121866	2.959875284875671e-18	-0.10141818074893041	0.006323581748430706	-0.1014181807489304	-0.006323581748430702	0.6058987331687798	-2.0978653889236353e-18	
4.7 	0.39378994613472684	3.3402389298414655e-18	-0.10168665764147225	0.006129081797521956	-0.10168665764147225	-0.006129081797521952	0.6062100538652715	-2.5642912994994614e-18	
4.725 	0.39348836921969743	3.027412975298671e-18	-0.1019553576758415	0.005933946947058723	-0.1019553576758415	-0.005933946947058719	0.6065116307803008	-2.426348804806792e-18	
4.75 	0.39319655059477177	2.9176104501958315e-18	-0.10222437623605278	0.005738861601095392	-0.10222437623605282	-0.0057388616010953875	0.6068034494052265	-2.3527552165650945e-18	
4.775 	0.3929144714034606	3.1102889600902475e-18	-0.10249372545090657	0.005544474058470623	-0.10249372545090656	-0.00554447405847062	0.6070855285965377	-2.5122177151723763e-18	
4.8 	0.3926420815007455	3.3549792594779627e-18	-0.10276334120693421	0.005351385955944102	-0.1027633412069342	-0.005351385955944097	0.6073579184992529	-2.1110579598291727e-18	
4.825 	0.39237930200906596	3.012595724025808e-18	-0.10303309304453148	0.005160143725580799	-0.10303309304453151	-0.005160143725580793	0.6076206979909325	-2.191706440042205e-18	
4.85 	0.3921260282423776	2.9938053338747767e-18	-0.10330279645965883	0.004971232473967643	-0.1033027964596588	-0.004971232473967638	0.607873971757621	-2.1990020956292336e-18	
4.875 	0.39188213286922435	3.076424291964458e-18	-0.10357222701906504	0.004785072582241361	-0.10357222701906506	-0.004785072582241355	0.6081178671307743	-1.8083119297938236e-18	
4.9 	0.39164746917389387	2.151645863134458e-18	-0.10384113561023736	0.004602019200613703	-0.10384113561023736	-0.004602019200613696	0.608352530826105	-1.3927495166036566e-18	
4.925 	0.3914218742694102	2.415445544621292e-18	-0.10410926409241257	0.004422364674853134	-0.10410926409241256	-0.004422364674853128	0.6085781257305886	-1.776526472258925e-18	
4.95 	0.3912051721177642	2.0981489265438633e-18	-0.1043763605947717	0.004246343801367005	-0.10437636059477168	-0.0042463438013669984	0.6087948278822346	-1.367140016206692e-18	
4.975 	0.39099717622143837	2.4128570887259754e-18	-0.10464219372355037	0.004074141668781515	-0.10464219372355038	-0.004074141668781509	0.6090028237785603	-2.1334851130780753e-18	
5.0 	0.39079769186568986	2.4503059463659342e-18	-0.10490656499074842	0.003905903713900161	-0.10490656499074844	-0.0039059037139001556	0.609202308134309	-1.996237580368569e-18	
5.025 	0.39060651781260797	2.4496864486900294e-18	-0.10516931886125326	0.0037417475049912716	-0.10516931886125323	-0.0037417475049912664	0.6093934821873908	-1.9057363002288186e-18	
5.05 	0.39042344737476903	2.3897946057893144e-18	-0.1054303499287899	0.00358177567126077	-0.10543034992878987	-0.003581775671260765	0.6095765526252298	-1.9663849155838888e-18	
5.075 	0.39024826882718855	2.5287212775431728e-18	-0.10568960686901092	0.003426089328967201	-0.10568960686901092	-0.0034260893289671953	0.6097517311728105	-1.956449723936591e-18	
5.1 	0.39008076514985757	2.4258309126789747e-18	-0.10594709297390652	0.0032748013156586107	-0.10594709297390653	-0.0032748013156586055	0.6099192348501414	-1.888280245620677e-18	
5.125 	0.3899207131278846	2.170891888100847e-18	-0.10620286323826633	0.003128048536851624	-0.10620286323826632	-0.0031280485368516187	0.6100792868721143	-1.7112814582213676e-18	
5.15 	0.38976788187054967	2.389443598916161e-18	-0.10645701813833777	0.0029860027550631138	-0.10645701813833774	-0.0029860027550631086	0.6102321181294492	-1.922583004549422e-18	
5.175 	0.3896220308427658	2.083184658814715e-18	-0.10670969440702144	0.00284887920884334	-0.1067096944070214	-0.002848879208843335	0.610377969157233	-1.3963075105860618e-18	
5.2 	0.3894829075309877	2.4721523514105026e-18	-0.10696105326106252	0.0027169425372198597	-0.10696105326106253	-0.002716942537219855	0.6105170924690112	-1.7654764137701386e-18	
5.225 	0.3893502448890808	2.5145908424865494e-18	-0.10721126666639341	0.0025905095991732574	-0.10721126666639341	-0.0025905095991732526	0.6106497551109178	-1.5612105052984926e-18	
5.25 	0.3892237587268676	2.5376481558973136e-18	-0.10746050233164404	0.002469948913566693	-0.10746050233164407	-0.002469948913566688	0.6107762412731311	-1.5508490498413211e-18	
5.275 	0.38910314521406	2.466462966578241e-18	-0.10770890819166723	0.0023556765964044776	-0.10770890819166723	-0.002355676596404473	0.6108968547859386	-1.4247968535930307e-18	
5.3 	0.38898807867446045	2.4462656129357444e-18	-0.107956597179009	0.002248148832658523	-0.107956597179009	-0.0022481488326585183	0.611011921325538	-1.469835403520867e-18	
5.325 	0.3888782098393879	2.5895544816508773e-18	-0.108203633079541	0.00214785108193841	-0.10820363307954105	-0.002147851081938406	0.6111217901606106	-1.4416851681205572e-18	
5.35 	0.3887731647153774	2.5896798777169496e-18	-0.1084500182286801	0.0020552843735920584	-0.1084500182286801	-0.0020552843735920537	0.6112268352846213	-1.541892484858042e-18	
5.375 	0.3886725441997689	2.4355556583676155e-18	-0.10869568372826201	0.0019709491901900374	-0.10869568372826201	-0.0019709491901900326	0.6113274558002297	-1.5100442276681578e-18	
5.4 	0.3885759245496673	2.4677202490417567e-18	-0.1089404827544411	0.0018953275620597918	-0.10894048275444111	-0.0018953275620597874	0.6114240754503314	-1.4952870322134007e-18	
5.425 	0.3884828587760468	2.7814353141530652e-18	-0.10918418738877297	0.001828864093709348	-0.10918418738877295	-0.0018288640937093438	0.6115171412239517	-1.406826144882344e-18	
5.45 	0.38839287899690444	2.7843977449903126e-18	-0.10942648924407822	0.0017719467108179188	-0.10942648924407822	-0.0017719467108179147	0.6116071210030942	-1.4856964636051548e-18	
5.475 	0.3883054997429341	2.6111549486241093e-18	-0.10966700398104613	0.0017248879504913812	-0.10966700398104615	-0.0017248879504913768	0.6116945002570647	-1.3622958119939549e-18	
5.5 	0.38822022216795193	2.6091356372166794e-18	-0.10990527962883552	0.0016879076156802975	-0.10990527962883548	-0.001687907615680293	0.6117797778320467	-1.2931504738433987e-18	
5.525 	0.38813653907606316	2.6958104679920953e-18	-0.1101408084415841	0.001661117576612085	-0.11014080844158407	-0.0016611175766120807	0.6118634609239356	-1.2195378418842312e-18	
5.55 	0.38805394064009546	2.5683082822492592e-18	-0.11037304185118917	0.0016445094289832592	-0.11037304185118921	-0.001644509428983255	0.6119460593599032	-1.4470888705362273e-18	
5.575 	0.38797192065285907	2.5962587829103097e-18	-0.11060140792303352	0.0016379456132530877	-0.11060140792303358	-0.0016379456132530835	0.6120280793471395	-1.3164322886052224e-18	
5.6 	0.38788998312579104	2.54251598395748e-18	-0.11082533059285671	0.001641154465907214	-0.1108253305928567	-0.0016411544659072097	0.6121100168742079	-1.1099667113931763e-18	
5.625 	0.38780764902983095	2.7747803201632908e-18	-0.11104424986596566	0.0016537295175497223	-0.11104424986596569	-0.001653729517549718	0.612192350970168	-1.258859290269161e-18	
5.65 	0.387724462961871	2.5688717540097524e-18	-0.11125764209935907	0.0016751331807382773	-0.11125764209935904	-0.0016751331807382734	0.6122755370381278	-1.3061710264096897e-18	
5.675 	0.3876399995174729	2.5459953644297102e-18	-0.1114650394663676	0.0017047047899955941	-0.11146503946636765	-0.0017047047899955898	0.6123600004825258	-1.356624313699406e-18	
5.7 	0.3875538691569661	2.6177286737912627e-18	-0.11166604772361935	0.0017416727752820335	-0.11166604772361934	-0.0017416727752820294	0.6124461308430327	-1.2616521776871752e-18	
5.725 	0.38746572336736845	2.694210026869326e-18	-0.11186036146112542	0.0017851705763951835	-0.11186036146112542	-0.0017851705763951796	0.6125342766326304	-1.335815606579695e-18	
5.75 	0.3873752589462448	2.8342058509000154e-18	-0.11204777611579383	0.0018342557470363197	-0.11204777611579382	-0.0018342557470363157	0.6126247410537539	-1.4567037368655391e-18	
5.775 	0.38728222126469825	2.7525245156046002e-18	-0.11222819616263235	0.001887931560823422	-0.11222819616263234	-0.0018879315608234183	0.6127177787353003	-1.3822653262727207e-18	
5.8 	0.3871864064039079	2.9653216288129106e-18	-0.11240163906056927	0.0019451703235817623	-0.11240163906056926	-0.0019451703235817584	0.6128135935960909	-1.3444963861291935e-18	
5.825 	0.38708766210141304	2.717400334050005e-18	-0.11256823471407652	0.0020049375218248017	-0.11256823471407651	-0.0020049375218247974	0.6129123378985859	-1.1740805569694225e-18	
5.85 	0.3869858874879479	2.644224811233049e-18	-0.1127282204094009	0.0020662158999959932	-0.11272822040940089	-0.0020662158999959893	0.6130141125120507	-1.1106794042453674e-18	
5.875 	0.38688103164112125	2.605973931371449e-18	-0.11288193138627112	0.002128028560668457	-0.1128819313862711	-0.002128028560668453	0.6131189683588775	-1.0920815416164764e-18	
5.9 	0.38677309102666924	2.5554319947194176e-18	-0.11302978740322746	0.00218946022263113	-0.11302978740322747	-0.0021894602226311256	0.6132269089733294	-1.0206503944588281e-18	
5.925 	0.38666210593946	2.504033576155415e-18	-0.11317227583811922	0.002249675849988502	-0.11317227583811919	-0.0022496758499884976	0.6133378940605386	-9.564360810837254e-19	
5.95 	0.3865481560930957	2.859912864824678e-18	-0.1133099320262939	0.002307935977719446	-0.11330993202629393	-0.0023079359777194424	0.613451843906903	-1.2571447832189144e-18	
5.975 	0.3864313555372575	2.7902630719964375e-18	-0.11344331767000491	0.0023636082006714926	-0.11344331767000493	-0.0023636082006714882	0.6135686444627413	-1.1621796276431817e-18	
6.0 	0.38631184710455924	2.7573246711825475e-18	-0.11357299824731469	0.002416174457465611	-0.11357299824731473	-0.0024161744574656067	0.6136881528954394	-1.1185922348635339e-18	
6.025 	0.38618979660264546	2.974436764380549e-18	-0.11369952040265204	0.002465233920957387	-0.113699520402652	-0.002465233920957384	0.613810203397353	-1.6079441027393767e-18	
6.05 	0.38606538697200726	3.0858232418898897e-18	-0.11382339031135992	0.0025105014947302594	-0.11382339031135995	-0.002510501494730256	0.6139346130279913	-1.6582362809733265e-18	
6.075 	0.38593881262531576	3.2163717845227946e-18	-0.11394505397622051	0.0025518021022205455	-0.11394505397622055	-0.002551802102220542	0.6140611873746828	-1.5743506074642156e-18	
6.1 	0.3858102741702382	3.041979613253694e-18	-0.11406488033619673	0.002589061133154163	-0.1140648803361967	-0.00258906113315416	0.6141897258297606	-1.6622654735625685e-18	
6.125 	0.3856799736953512	3.1712009895038736e-18	-0.11418314794962489	0.0026222915730745866	-0.11418314794962488	-0.0026222915730745836	0.6143200263046475	-1.8212886472148516e-18	
6.15 	0.3855481107689417	3.353448349768677e-18	-0.11430003586075385	0.002651578478679244	-0.11430003586075382	-0.0026515784786792407	0.6144518892310571	-1.8079286336590738e-18	
6.175 	0.3854148792645444	3.2825382343944734e-18	-0.1144156190764185	0.0026770615683493495	-0.11441561907641849	-0.002677061568349346	0.6145851207354546	-1.7900943559757134e-18	
6.2 	0.3852804650866505	3.097507572354063e-18	-0.11452986887666128	0.0026989167688926505	-0.1145298688766613	-0.0026989167688926466	0.6147195349133484	-1.59630561637949e-18	
6.225 	0.3851450448269762	2.3821850999546385e-18	-0.1146426579681693	0.0027173375929131394	-0.11464265796816932	-0.002717337592913134	0.6148549551730228	-1.0231563525115198e-18	
6.25 	0.38500878533794397	2.1413276803902357e-18	-0.11475377027201315	0.0027325172148736318	-0.11475377027201308	-0.0027325172148736265	0.6149912146620549	-1.1203947906851128e-18	
6.275 	0.38487184416761944	2.4307188559486994e-18	-0.1148629149271019	0.0027446320681033193	-0.11486291492710189	-0.0027446320681033145	0.6151281558323796	-1.0369838934864327e-18	
6.3 	0.3847343707611569	2.5897212554343513e-18	-0.11496974389755601	0.0027538277017804293	-0.11496974389755603	-0.002753827701780425	0.6152656292388422	-1.1136191110921659e-18	
6.325 	0.3845965082996518	2.558571874470635e-18	-0.11507387240475694	0.002760207520054187	-0.11507387240475694	-0.0027602075200541826	0.6154034917003475	-1.049888671425653e-18	
6.35 	0.3844583960197126	2.8390679169426268e-18	-0.11517490127104765	0.002763824880282005	-0.11517490127104764	-0.0027638248802820016	0.6155416039802865	-1.166316829295415e-18	
6.375 	0.3843201718373133	2.65332523923195e-18	-0.11527244016840105	0.0027646788605064352	-0.11527244016840107	-0.002764678860506431	0.6156798281626858	-1.0578514998857228e-18	
6.4 	0.3841819750884591	2.5873722378063827e-18	-0.11536613071659114	0.002762713825494433	-0.11536613071659112	-0.002762713825494429	0.6158180249115403	-1.2691500365962322e-18	
6.425 	0.38404394919738616	2.5346790567974547e-18	-0.11545566837424102	0.0027578227343354033	-0.11545566837424101	-0.0027578227343353994	0.6159560508026134	-9.004700098609818e-19	
6.45 	0.3839062440904767	2.515252185558779e-18	-0.11554082211319103	0.002749853949502649	-0.11554082211319101	-0.0027498539495026445	0.6160937559095229	-7.99449135828876e-19	
6.475 	0.3837690181904177	2.373593397904049e-18	-0.11562145096026996	0.002738621136107936	-0.11562145096026998	-0.002738621136107932	0.6162309818095818	-6.538054099692112e-19	
6.5 	0.38363243984957834	2.335214963422224e-18	-0.11569751662693567	0.0027239156890115465	-0.11569751662693573	-0.002723915689011542	0.6163675601504209	-4.2414478544953e-19	
6.525 	0.38349668811291004	2.3265792472603263e-18	-0.11576909162045411	0.002705521001787068	-0.11576909162045411	-0.0027055210017870633	0.616503311887089	-4.727662886180156e-19	
6.55 	0.38336195273738477	2.1959974969418226e-18	-0.11583636243258666	0.002683227801315732	-0.1158363624325867	-0.002683227801315728	0.6166380472626142	-2.8225678031474366e-19	
6.575 	0.3832284334352683	2.224656616615422e-18	-0.11589962762396236	0.0026568497194604216	-0.11589962762396233	-0.0026568497194604176	0.6167715665647305	-2.2271719523575114e-19	
6.6 	0.38309633835041945	2.211009882948208e-18	-0.11595929085419421	0.002626238261494668	-0.1159592908541942	-0.0026262382614946635	0.6169036616495794	-8.390375399998325e-20	
6.625 	0.38296588181825686	2.227642621817082e-18	-0.11601584913859127	0.002591296360430348	-0.11601584913859132	-0.0025912963604303443	0.6170341181817424	-5.233078961081621e-20	
6.65 	0.3828372814990034	2.193335157389906e-18	-0.11606987683124245	0.002551989775788305	-0.11606987683124245	-0.002551989775788301	0.6171627185009955	-4.1672559788240706e-20	
6.675 	0.382710755008384	2.16890221541434e-18	-0.11612200603103859	0.002508355701431064	-0.11612200603103863	-0.00250835570143106	0.6172892449916151	4.9201804343773523e-20	
6.7 	0.3825865161983942	2.296007642592641e-18	-0.11617290427263599	0.0024605080847800703	-0.116172904272636	-0.0024605080847800664	0.6174134838016047	3.891595166656141e-21	
6.725 	0.38246477126166883	2.1205344522302218e-18	-0.1162232504906855	0.0024086393224866482	-0.11622325049068548	-0.002408639322486644	0.61753522873833	1.0547021409408062e-19	
6.75 	0.38234571484527097	2.1998892688919063e-18	-0.11627371032696021	0.002353018177620639	-0.11627371032696018	-0.0023530181776206345	0.617654285154728	1.852823750272138e-19	
6.775 	0.38222952636277885	2.170135006301546e-18	-0.11632491188253342	0.0022939839520611585	-0.11632491188253342	-0.0022939839520611546	0.6177704736372199	3.181984676736177e-19	
6.8 	0.38211636668713345	2.3087788147343877e-18	-0.11637742299938636	0.0022319371359918704	-0.11637742299938632	-0.002231937135991867	0.6178836333128654	2.2108053157430026e-19	
6.825 	0.38200637539108634	2.1734425254973353e-18	-0.1164317310886036	0.00216732693521702	-0.11643173108860355	-0.0021673269352170165	0.6179936246089126	3.967237984723502e-19	
6.85 	0.3818996686779421	2.5231762402786377e-18	-0.11648822640873281	0.002100636237871771	-0.11648822640873281	-0.0021006362378717678	0.618100331322057	3.1888385749855355e-19	
6.875 	0.38179633811370445	2.6195140819310188e-18	-0.11654718954312863	0.002032364717290894	-0.11654718954312861	-0.0020323647172908912	0.6182036618862947	1.7274274085622777e-19	
6.9 	0.3816964502341815	2.655797404033239e-18	-0.1166087836361938	0.0019630108708004594	-0.11660878363619383	-0.0019630108708004568	0.6183035497658179	1.542903977633253e-19	
6.925 	0.3816000470588045	2.7075439022346936e-18	-0.11667305173387164	0.0018930538599577441	-0.11667305173387163	-0.0018930538599577417	0.6183999529411949	-1.9725012501352074e-19	
6.95 	0.3815071474988414	2.69745615389672e-18	-0.11673991934316195	0.0018229360429232735	-0.11673991934316194	-0.001822936042923271	0.6184928525011579	-2.8051866044072992e-21	
6.975 	0.38141774960339264	2.776050601354922e-18	-0.11680920208912383	0.001753047072673675	-0.1168092020891238	-0.0017530470726736726	0.6185822503966067	3.251026414920268e-21	
7.0 	0.3813318335441783	2.7437198822885193e-18	-0.11688061811633328	0.0016837103760160982	-0.11688061811633324	-0.0016837103760160956	0.618668166455821	1.3098339021369706e-19	
7.025 	0.38124936520166935	2.689589039251095e-18	-0.1169538046654276	0.0016151727300855792	-0.11695380466542758	-0.0016151727300855764	0.6187506347983299	1.6461249403027438e-19	
7.05 	0.381170300182492	2.865120663342167e-18	-0.11702833806387913	0.0015475975192288834	-0.11702833806387915	-0.0015475975192288808	0.6188296998175074	1.2995292883774555e-19	
7.075 	0.3810945880728701	3.0834252006176194e-18	-0.11710375621216979	0.0014810620915674134	-0.1171037562121698	-0.0014810620915674114	0.6189054119271294	-2.369605740428639e-19	
7.1 	0.38102217671648325	2.8860030485893324e-18	-0.11717958252932585	0.0014155594481587558	-0.11717958252932589	-0.0014155594481587536	0.6189778232835167	-1.5844100559055133e-19	
7.125 	0.38095301629845635	2.7783289159263137e-18	-0.1172553502508414	0.0013510042967333333	-0.11725535025084137	-0.0013510042967333307	0.6190469837015432	1.466318921998362e-19	
7.15 	0.38088706302075664	2.6736999701597557e-18	-0.11733062595090733	0.001287243295443586	-0.11733062595090733	-0.0012872432954435832	0.6191129369792432	2.1324431414857864e-19	
7.175 	0.3808242821681033	2.6842743048103784e-18	-0.11740503119094789	0.0012240691093071121	-0.11740503119094788	-0.0012240691093071095	0.6191757178318965	1.6035149629107133e-19	
7.2 	0.38076465038718127	2.7772226856117776e-18	-0.11747826127685598	0.0011612377124279578	-0.11747826127685596	-0.0011612377124279552	0.6192353496128185	1.7843344362610173e-19	
7.225 	0.38070815703458605	2.7958905556291297e-18	-0.11755010023486788	0.0010984882015950324	-0.11755010023486792	-0.00109848820159503	0.6192918429654138	5.097142275688204e-20	
7.25 	0.3806548044892257	2.8856756298925717e-18	-0.11762043128540328	0.0010355642495988582	-0.11762043128540324	-0.001035564249598856	0.6193451955107742	5.242115716287426e-21	
7.275 	0.3806046073711545	2.896887028754324e-18	-0.1176892422981235	0.0009722362264647582	-0.11768924229812348	-0.0009722362264647557	0.6193953926288455	2.0767685154425717e-19	
7.3 	0.3805575906590356	2.863075558025512e-18	-0.11775662594096281	0.0009083229590850232	-0.11775662594096283	-0.0009083229590850206	0.6194424093409642	1.9048588467000174e-20	
7.325 	0.3805137867503942	2.779263377322124e-18	-0.11782277448069155	0.0008437120879018746	-0.11782277448069155	-0.0008437120879018718	0.6194862132496056	5.1899231984933604e-20	
7.35 	0.38047323156020246	2.808485646440099e-18	-0.11788796944157276	0.0007783780147486767	-0.11788796944157272	-0.0007783780147486742	0.6195267684397973	3.285139408839031e-20	
7.375 	0.38043595980177125	2.6469224523742357e-18	-0.11795256657044784	0.0007123965179410863	-0.11795256657044788	-0.0007123965179410834	0.6195640401982285	1.4018569606554677e-19	
7.4 	0.380401999637153	2.621774650106227e-18	-0.11801697677989458	0.0006459552363047898	-0.11801697677989464	-0.0006459552363047869	0.6195980003628468	8.019770298815146e-20	
7.425 	0.3803713669202163	2.6332353507737024e-18	-0.11808164393547975	0.0005793593880620266	-0.11808164393547976	-0.0005793593880620236	0.6196286330797833	1.4978347362009358e-19	
7.45 	0.3803440592824736	2.6071018435614746e-18	-0.11814702050934581	0.000513032286561871	-0.11814702050934583	-0.0005130322865618681	0.6196559407175262	1.3388754489713493e-19	
7.475 	0.3803200503282319	2.6236266298237627e-18	-0.11821354223290419	0.00044751043437543235	-0.11821354223290416	-0.00044751043437542964	0.6196799496717676	9.006404335456334e-20	
7.5 	0.3802992842107624	2.686055569160917e-18	-0.11828160294080774	0.0003834332107715465	-0.11828160294080775	-0.00038343321077154375	0.6197007157892374	3.0840639882607616e-20	
7.525 	0.3802816708544964	2.6133256517590773e-18	-0.11835153080351905	0.0003215274047996288	-0.11835153080351901	-0.000321527404799626	0.6197183291455034	8.125306365418705e-20	
7.55 	0.3802670820698329	2.6975526108476566e-18	-0.11842356709604128	0.00026258707663534753	-0.1184235670960413	-0.0002625870766353449	0.6197329179301667	-2.5308943507208002e-20	
7.575 	0.38025534877758455	2.766838795136891e-18	-0.11849784854761815	0.00020744944321276636	-0.11849784854761812	-0.00020744944321276373	0.6197446512224151	-6.753813117509602e-20	
7.6 	0.3802462595204901	2.7889931042455804e-18	-0.11857439416573184	0.00015696767087837205	-0.11857439416573187	-0.0001569676708783696	0.6197537404795095	-1.9861839853002582e-19	
7.625 	0.3802395603911332	2.757043246374431e-18	-0.11865309723407971	0.0001119816093735834	-0.11865309723407977	-0.00011198160937358092	0.6197604396088665	-2.369927783242514e-19	
7.65 	0.3802349564509674	2.71641397949529e-18	-0.1187337229568238	7.328761088320087e-05	-0.11873372295682376	-7.328761088319832e-05	0.6197650435490323	-3.681836546840872e-19	
7.675 	0.38023211465620527	2.6434478963062464e-18	-0.11881591197031045	4.160863996781435e-05	-0.11881591197031043	-4.1608639967811673e-05	0.6197678853437943	-2.43740439104701e-19	
7.7 	0.38023066824553237	2.588466690371119e-18	-0.11889918967974068	1.756589173423467e-05	-0.11889918967974066	-1.756589173423209e-05	0.6197693317544676	-1.3943183619385346e-19	
7.725 	0.3802302224845288	2.476875917895829e-18	-0.1189829811136594	1.6530955517925121e-06	-0.11898298111365942	-1.6530955517898086e-06	0.6197697775154711	-9.422570884094466e-20	
7.75 	0.38023036160487145	2.5219063542095807e-18	-0.11906663073546557	-5.785408836459357e-06	-0.11906663073546554	5.785408836461952e-06	0.6197696383951283	-2.1402736010045822e-19	
7.775 	0.3802306567252992	2.482823628712608e-18	-0.1191494264198256	-4.571873490635104e-06	-0.11914942641982552	4.571873490637812e-06	0.6197693432747005	-2.54282582764382e-19	
7.8 	0.38023067449817866	2.4094118667066385e-18	-0.11923062660344479	5.293147355229702e-06	-0.11923062660344476	-5.293147355226966e-06	0.6197693255018211	-1.7283370036965648e-19	
7.825 	0.38022998619221865	2.35845682268768e-18	-0.11930948946324851	2.3625135126340613e-05	-0.11930948946324849	-2.362513512633783e-05	0.6197700138077812	-1.7967238089935285e-19	
7.85 	0.3802281768999606	2.375543657140252e-18	-0.11938530286804108	5.005630993685581e-05	-0.11938530286804101	-5.005630993685296e-05	0.6197718231000393	-2.116489425049689e-19	
7.875 	0.38022485454915705	2.2684185080937765e-18	-0.11945741379740603	8.404276065409176e-05	-0.119457413797406	-8.404276065408875e-05	0.6197751454508428	-2.7943649139178083e-19	
7.9 	0.3802196584005641	2.2523735584997757e-18	-0.11952525592688076	0.00012487780367347355	-0.1195252559268808	-0.0001248778036734705	0.6197803415994361	-2.2159449655665443e-19	
7.925 	0.3802122667309917	2.2497226869600953e-18	-0.1195883741416394	0.00017171111798475566	-0.11958837414163946	-0.00017171111798475265	0.6197877332690083	-3.0115562461380818e-19	
7.95 	0.38020240342909783	2.247379198642359e-18	-0.11964644485984295	0.00022357296700621407	-0.11964644485984294	-0.000223572967006211	0.619797596570902	-2.716923144096813e-19	
7.975 	0.38018984327126437	2.1939494638435107e-18	-0.11969929121670717	0.00027940260784698444	-0.1196992912167072	-0.00027940260784698124	0.6198101567287356	-2.1075975902590797e-19	
8.0 	0.3801744156943667	2.127218293563454e-18	-0.11974689237414204	0.00033807981532814156	-0.11974689237414209	-0.00033807981532813847	0.6198255843056333	-2.0507696490493262e-19	
8.025 	0.38015600693930707	2.1409436861004626e-18	-0.11978938646939091	0.00039845831892714936	-0.11978938646939094	-0.00039845831892714644	0.6198439930606928	-1.0038168032332079e-19	
8.05 	0.3801345605014699	2.2590231175849295e-18	-0.11982706698868513	0.0004593998715984679	-0.11982706698868513	-0.00045939987159846504	0.6198654394985301	-2.486986183042601e-20	
8.075 	0.3801100758891817	2.242139734668676e-18	-0.11986037263658085	0.0005198076437877749	-0.11986037263658084	-0.000519807643787772	0.6198899241108183	-2.0253788715513618e-20	
8.1 	0.38008260575608643	2.2527388222339627e-18	-0.11988987105578877	0.0005786576651710278	-0.11988987105578872	-0.0005786576651710251	0.6199173942439136	-1.478939243450144e-19	
8.125 	0.3800522515353686	2.3142548026179286e-18	-0.1199162370233185	0.0006350271195642337	-0.1199162370233185	-0.0006350271195642308	0.6199477484646314	-1.1695970069564972e-19	
8.15 	0.3800191577603536	2.35461067533973e-18	-0.11994022599454728	0.0006881184315408306	-0.11994022599454732	-0.0006881184315408277	0.6199808422396464	-2.2197835623228663e-19	
8.175 	0.37998350530482145	2.277655255153558e-18	-0.1199626440763669	0.0007372782608195509	-0.11996264407636688	-0.0007372782608195482	0.6200164946951785	-2.032501175731313e-19	
8.2 	0.3799455038153453	2.3055925726926204e-18	-0.11998431567444674	0.0007820107347522946	-0.11998431567444676	-0.000782010734752292	0.6200544961846547	-2.337925882296171e-19	
8.225 	0.37990538363549864	2.3007154701356068e-18	-0.12000605017045356	0.0008219844909563842	-0.1200060501704536	-0.0008219844909563816	0.6200946163645014	-1.8807522509836868e-19	
8.25 	0.3798633875367542	2.1415710263502277e-18	-0.12002860903769479	0.0008570333608333503	-0.12002860903769476	-0.0008570333608333474	0.6201366124632459	-1.413109871754756e-19	
8.275 	0.3798197625727486	2.1777972463430206e-18	-0.12005267479556933	0.0008871507892317004	-0.12005267479556934	-0.0008871507892316975	0.6201802374272515	-1.834132585944743e-19	
8.3 	0.37977475236230257	2.3160802261744073e-18	-0.12007882313449891	0.0009124783444740776	-0.12007882313449889	-0.0009124783444740748	0.6202252476376973	-4.431144640465969e-19	
8.325 	0.3797285900827252	2.364333418043143e-18	-0.12010749941637577	0.0009332889153007932	-0.12010749941637575	-0.0009332889153007903	0.6202714099172747	-3.9451488966683105e-19	
8.35 	0.37968149241958665	2.4583363625092916e-18	-0.12013900057620372	0.0009499654066656548	-0.1201390005762037	-0.0009499654066656523	0.6203185075804133	-4.468085359408725e-19	
8.375 	0.3796336546738982	2.3833950058317036e-18	-0.12017346322595457	0.0009629759256332263	-0.12017346322595457	-0.0009629759256332237	0.6203663453261017	-4.1899095386580183e-19	
8.4 	0.3795852471744858	2.400011322777126e-18	-0.12021085850110633	0.0009728465843130959	-0.1202108585011063	-0.0009728465843130931	0.6204147528255142	-4.8798678481530075e-19	
8.425 	0.3795364130846244	2.460818271385455e-18	-0.12025099390480665	0.0009801331331420926	-0.12025099390480667	-0.0009801331331420898	0.6204635869153755	-3.497642265353744e-19	
8.45 	0.37948726763027407	2.3152033718889417e-18	-0.12029352210616624	0.0009853926713057262	-0.1202935221061662	-0.000985392671305723	0.6205127323697258	-3.9331169320622327e-19	
8.475 	0.37943789871520794	2.2869477871116465e-18	-0.1203379563505173	0.0009891566603379804	-0.1203379563505173	-0.0009891566603379772	0.6205621012847918	-3.57818032580185e-19	
8.5 	0.3793883688286598	2.30384630940694e-18	-0.12038369185338656	0.000991906392924019	-0.12038369185338653	-0.000991906392924016	0.62061163117134	-2.9166570957067563e-19	
8.525 	0.3793387180964143	2.4647328258478585e-18	-0.12043003228884373	0.0009940519449041154	-0.12043003228884377	-0.0009940519449041123	0.6206612819035857	-3.159563403789927e-19	
8.55 	0.37928896827890946	2.449328335519175e-18	-0.12047622025831214	0.0009959154698569533	-0.12047622025831217	-0.0009959154698569507	0.6207110317210903	-3.312492396212563e-19	
8.575 	0.37923912748196126	2.662466696420854e-18	-0.12052147044797104	0.0009977194898094215	-0.12052147044797105	-0.000997719489809419	0.6207608725180386	-4.343182200103065e-19	
8.6 	0.37918919531879214	2.8111786941369776e-18	-0.12056500405978313	0.0009995806016427319	-0.12056500405978315	-0.0009995806016427297	0.620810804681208	-6.953385645326668e-19	
8.625 	0.3791391682473134	2.744052225829182e-18	-0.12060608303892842	0.0010015087670232558	-0.12060608303892839	-0.0010015087670232534	0.6208608317526866	-7.600377580532344e-19	
8.65 	0.3790890448046716	2.902159981675269e-18	-0.12064404262240438	0.0010034120954499218	-0.12064404262240443	-0.0010034120954499194	0.6209109551953285	-8.431555271693603e-19	
8.675 	0.3790388304719595	2.710860470988765e-18	-0.12067832080035384	0.0010051067769467682	-0.12067832080035383	-0.0010051067769467658	0.6209611695280406	-6.280868577461584e-19	
8.7 	0.3789885419251718	2.704067524516012e-18	-0.12070848341096832	0.00100633158458373	-0.1207084834109683	-0.0010063315845837274	0.6210114580748284	-5.729828621159259e-19	
8.725 	0.37893821046282816	2.6130853256829692e-18	-0.12073424377639409	0.0010067661582638476	-0.12073424377639408	-0.0010067661582638448	0.621061789537172	-5.27493500386364e-19	
8.75 	0.3788878844445754	2.6225320949398154e-18	-0.12075547602301057	0.0010060521097673132	-0.12075547602301054	-0.0010060521097673104	0.6211121155554246	-4.504602381630375e-19	
8.775 	0.3788376306264371	2.492839000551348e-18	-0.12077222150447435	0.001003815862919167	-0.12077222150447438	-0.0010038158629191638	0.6211623693735628	-4.3047429616903805e-19	
8.8 	0.3787875343347794	2.4220804580911087e-18	-0.12078468804779534	0.0009996920678929963	-0.12078468804779534	-0.000999692067892993	0.6212124656652206	-3.621631944677875e-19	
8.825 	0.378737698479845	2.5272445439397902e-18	-0.12079324205783594	0.0009933464086254904	-0.1207932420578359	-0.0009933464086254874	0.6212623015201552	-4.668752712859304e-19	
8.85 	0.3786882414680961	2.5549235839512534e-18	-0.12079839382971189	0.0009844966580506713	-0.12079839382971184	-0.0009844966580506683	0.6213117585319039	-4.675800444182893e-19	
8.875 	0.3786392941278444	2.5500182445232633e-18	-0.12080077671730922	0.0009729309256670273	-0.1208007767173092	-0.000972930925667024	0.6213607058721557	-5.825690251103052e-19	
8.9 	0.3785909958121258	2.5106475299569215e-18	-0.12080112107590532	0.0009585221815467125	-0.12080112107590531	-0.0009585221815467094	0.6214090041878745	-5.685926308034258e-19	
8.925 	0.37854348988416797	2.4947489994410045e-18	-0.1208002241254744	0.0009412383236403197	-0.12080022412547438	-0.0009412383236403164	0.621456510115832	-4.713806082139533e-19	
8.95 	0.3784969188221475	2.4941542256425315e-18	-0.12079891705838185	0.000921147272452887	-0.12079891705838186	-0.0009211472724528837	0.6215030811778529	-4.171168386100955e-19	
8.975 	0.37845141919977066	2.5501606620953835e-18	-0.12079803083302379	0.0008984168186072654	-0.1207980308330238	-0.0008984168186072622	0.6215485808002297	-5.141756785612024e-19	
9.0 	0.3784071168066115	2.4460853559793118e-18	-0.12079836214851997	0.0008733092031337172	-0.12079836214851995	-0.0008733092031337137	0.6215928831933886	-3.343204988152467e-19	
9.025 	0.3783641221667384	2.334757742452748e-18	-0.12080064108277724	0.0008461706656722415	-0.12080064108277723	-0.0008461706656722382	0.6216358778332618	-3.787423318663917e-19	
9.05 	0.37832252669622257	2.4172308607564402e-18	-0.12080550179810096	0.000817416440333095	-0.12080550179810101	-0.0008174164403330918	0.6216774733037778	-3.8287801360952863e-19	
9.075 	0.3782823997104564	2.3402802245511648e-18	-0.12081345757893497	0.0007875119015068578	-0.12081345757893495	-0.0007875119015068545	0.6217176002895439	-3.2245126701568036e-19	
9.1 	0.3782437864521801	2.3711071958948843e-18	-0.12082488127181924	0.0007569507523110537	-0.12082488127181924	-0.0007569507523110504	0.6217562135478201	-3.1496265234241077e-19	
9.125 	0.3782067072625571	2.357546416719575e-18	-0.12083999195715078	0.0007262312979863183	-0.12083999195715073	-0.000726231297986315	0.6217932927374431	-2.0594922895501934e-19	
9.15 	0.3781711579627581	2.3172474604136153e-18	-0.1208588484065532	0.0006958319486577921	-0.1208588484065532	-0.000695831948657789	0.6218288420372422	-1.2213569045193765e-19	
9.175 	0.3781371114548234	2.43148295858527e-18	-0.12088134958074433	0.0006661871458255171	-0.12088134958074437	-0.0006661871458255141	0.6218628885451769	-1.3404815478631123e-19	
9.2 	0.3781045204907386	2.4449017140051492e-18	-0.12090724211369064	0.0006376649023946383	-0.12090724211369058	-0.0006376649023946355	0.6218954795092616	-1.8279183601366723e-19	
9.225 	0.37807332150041734	2.4874691083773498e-18	-0.12093613442285533	0.0006105470870097423	-0.1209361344228553	-0.0006105470870097397	0.6219266784995827	-1.542658017297897e-19	
9.25 	0.37804343931532475	2.5423363861367875e-18	-0.12096751679552585	0.0005850134722583911	-0.12096751679552586	-0.0005850134722583885	0.6219565606846753	-2.259156879274285e-19	
9.275 	0.3780147925772711	2.4443899069790313e-18	-0.12100078653989027	0.0005611304075258312	-0.12100078653989031	-0.0005611304075258285	0.6219852074227289	-1.2539884309815287e-19	
9.3 	0.3779872995837137	2.420673947101349e-18	-0.12103527706784432	0.0005388447775298072	-0.12103527706784435	-0.0005388447775298043	0.6220127004162864	-2.717256472110302e-20	
9.325 	0.3779608842935396	2.4503139780128073e-18	-0.1210702896039602	0.0005179836752437271	-0.12107028960396019	-0.0005179836752437245	0.6220391157064605	-3.543172491645091e-20	
9.35 	0.37793548220217343	2.499797284618447e-18	-0.12110512609911733	0.0004982599628965642	-0.12110512609911732	-0.0004982599628965614	0.6220645177978267	1.732315972593739e-20	
9.375 	0.3779110457928123	2.5493823348747884e-18	-0.1211391218731752	0.0004792836279714931	-0.12113912187317516	-0.00047928362797149045	0.6220889542071879	1.145462735924474e-19	
9.4 	0.3778875492819388	2.4917901490390062e-18	-0.12117167652137385	0.0004605785742165295	-0.12117167652137381	-0.00046057857421652677	0.6221124507180612	2.1403208162247026e-19	
9.425 	0.3778649924017225	2.4522530433865396e-18	-0.12120228169380877	0.0004416042324130318	-0.12120228169380876	-0.00044160423241302894	0.6221350075982776	3.293970729049706e-19	
9.45 	0.37784340299859925	2.421712286703185e-18	-0.12123054449350525	0.00042178114348836673	-0.1212305444935052	-0.0004217811434883639	0.6221565970014009	3.4097376299869974e-19	
9.475 	0.3778228382748142	2.3842916172236535e-18	-0.12125620543080107	0.00040051946815290403	-0.12125620543080108	-0.0004005194681529012	0.6221771617251858	3.550267902830596e-19	
9.5 	0.37780338455608603	2.3355981135612007e-18	-0.12127915011189105	0.0003772492219258146	-0.12127915011189103	-0.00037724922192581173	0.6221966154439138	3.0343008087326157e-19	
9.525 	0.3777851555314413	2.3705840922564016e-18	-0.12129941411724365	0.0003514509297680214	-0.12129941411724361	-0.00035145092976801844	0.6222148444685585	2.7264757644770973e-19	
9.55 	0.37776828897801984	2.4222988911622467e-18	-0.12131718082910962	0.0003226853460015866	-0.12131718082910965	-0.0003226853460015837	0.6222317110219799	2.324051331495899e-19	
9.575 	0.3777529420513473	2.421494342896885e-18	-0.12133277228314839	0.0002906208957624944	-0.12133277228314839	-0.0002906208957624915	0.6222470579486524	1.741597460747195e-19	
9.6 	0.3777392852872548	2.4645160355400717e-18	-0.12134663343325004	0.00025505756428414046	-0.12134663343325006	-0.00025505756428413764	0.6222607147127451	1.3394583314801573e-19	
9.625 	0.3777274955223603	2.478908235454068e-18	-0.12135931051682315	0.0002159460875315867	-0.12135931051682318	-0.00021594608753158407	0.6222725044776397	1.1144191467198584e-19	
9.65 	0.37771774799306734	2.5428408094704443e-18	-0.12137142447664438	0.00017340147717633707	-0.1213714244766444	-0.00017340147717633453	0.6222822520069325	4.533208518686438e-20	
9.675 	0.3777102079159458	2.5589488718577526e-18	-0.12138364062258787	0.00012771013727897018	-0.12138364062258789	-0.00012771013727896777	0.622289792084054	1.3845075131335332e-20	
9.7 	0.3777050218831217	2.537201660672901e-18	-0.12139663589175904	7.933008990557447e-05	-0.12139663589175904	-7.933008990557191e-05	0.6222949781168782	8.800711412835104e-20	
9.725 	0.3777023094234122	2.5321769923564963e-18	-0.12141106518068791	2.8884111158113984e-05	-0.12141106518068791	-2.888411115811143e-05	0.6222976905765878	1.343540558165614e-19	
9.75 	0.37770215508248034	2.470928097378831e-18	-0.12142752827295344	-2.2854124483339383e-05	-0.12142752827295342	2.2854124483342005e-05	0.6222978449175198	2.192797206131178e-19	
9.775 	0.3777046013629672	2.4312543882825915e-18	-0.12144653886753537	-7.498049784244169e-05	-0.12144653886753538	7.49804978424444e-05	0.6222953986370328	3.464500947365543e-19	
9.8 	0.37770964283873454	2.559942174769343e-18	-0.12146849712802343	-0.00012648682078723552	-0.12146849712802339	0.00012648682078723802	0.6222903571612654	3.743267003703038e-19	
9.825 	0.3777172217170073	2.494592620040576e-18	-0.12149366702425268	-0.0001762922014637392	-0.12149366702425261	0.00017629220146374172	0.6222827782829924	3.779167792802085e-19	
9.85 	0.37772722506990847	2.5906940136668317e-18	-0.12152215953251894	-0.00022327824667592723	-0.12152215953251896	0.0002232782466759297	0.6222727749300913	3.2666346612601856e-19	
9.875 	0.3777394838947127	2.6419981500116507e-18	-0.12155392250727297	-0.0002663267756316802	-0.12155392250727297	0.00026632677563168263	0.6222605161052873	3.108136001657392e-19	
9.9 	0.3777537740926338	2.625412317653101e-18	-0.1215887377472156	-0.00030435859972463705	-0.12158873774721558	0.0003043585997246395	0.6222462259073662	2.372817608812617e-19	
9.925 	0.37776981938192666	2.5732768051365014e-18	-0.12162622546470304	-0.0003363718626016066	-0.12162622546470309	0.00033637186260160903	0.6222301806180732	2.767003544377265e-19	
9.95 	0.37778729608557554	2.465836364306682e-18	-0.12166585604300213	-0.0003614784362254667	-0.12166585604300215	0.0003614784362254693	0.6222127039144242	3.701798457071697e-19	
9.975 	0.377805839659955	2.4908884260028335e-18	-0.12170696864534968	-0.0003789369321432824	-0.12170696864534963	0.00037893693214328494	0.6221941603400446	4.37936145716937e-19	
10.0 	0.3778250527616535	2.491782642526923e-18	-0.121748795936893	-0.00038818101028226633	-0.121748795936893	0.0003881810102822689	0.6221749472383462	3.625673816112153e-19	
10.025 	0.37784451458799023	2.5865249794358898e-18	-0.12179049390860275	-0.00038884184541495377	-0.12179049390860272	0.0003888418454149561	0.6221554854120096	1.4030114301230573e-19	
10.05 	0.3778637911752209	2.5994134115061077e-18	-0.1218311755630239	-0.000380763836773294	-0.12183117556302395	0.00038076383677329627	0.622136208824779	1.0021415499890094e-19	
10.075 	0.3778824462991539	2.7116299449829306e-18	-0.12186994704531601	-0.0003640129099702357	-0.12186994704531605	0.00036401290997023776	0.6221175537008458	-5.175411226223023e-20	
10.1 	0.37790005259754617	2.652078030629754e-18	-0.1219059446872478	-0.0003388770516017553	-0.12190594468724783	0.0003388770516017574	0.6220999474024534	-2.8082720942663266e-20	
10.125 	0.3779162025232959	2.6367392749777045e-18	-0.12193837138188833	-0.00030585902365410473	-0.12193837138188832	0.00030585902365410684	0.6220837974767038	-1.153529025740932e-19	
10.15 	0.37793051874256317	2.7079923958220816e-18	-0.12196653072508942	-0.00026566151442686644	-0.12196653072508944	0.00026566151442686866	0.6220694812574368	-2.2682547934794365e-19	
10.175 	0.377942663612339	2.6880143300431063e-18	-0.12198985744594576	-0.00021916528221913717	-0.12198985744594577	0.00021916528221913937	0.622057336387661	-2.2603861087643557e-19	
10.2 	0.3779523474068406	2.6833963256238874e-18	-0.12200794279875951	-0.00016740112499576514	-0.12200794279875948	0.00016740112499576742	0.6220476525931595	-2.394903019054973e-19	
10.225 	0.3779593350100048	2.687089399956546e-18	-0.12202055379730922	-0.0001115167520409347	-0.12202055379730922	0.00011151675204093702	0.6220406649899952	-2.9123585417808377e-19	
10.25 	0.37796345085031896	2.746453523920523e-18	-0.12202764542953737	-5.273983202516513e-05	-0.1220276454295374	5.2739832025167606e-05	0.6220365491496812	-2.8953896257450253e-19	
10.275 	0.3779645819218228	2.676416092595598e-18	-0.12202936528604602	7.661362353871334e-06	-0.12202936528604601	-7.661362353868807e-06	0.6220354180781774	-2.4042093342082315e-19	
10.3 	0.37796267880855766	2.616789122923127e-18	-0.12202605035623348	6.841820599759139e-05	-0.12202605035623348	-6.841820599758869e-05	0.6220373211914426	-2.686655104099343e-19	
10.325 	0.3779577547059731	2.7179702772663077e-18	-0.12201821607760077	0.00012830133738538042	-0.12201821607760077	-0.00012830133738537787	0.6220422452940272	-4.1510244783416017e-19	
10.35 	0.3779498825087056	2.6390522642631305e-18	-0.12200653805227216	0.00018615814528054412	-0.12200653805227221	-0.0001861581452805414	0.6220501174912946	-3.8620713942312584e-19	
10.375 	0.3779391901065842	2.643950615162485e-18	-0.12199182715586675	0.00024094673192905444	-0.12199182715586682	-0.00024094673192905184	0.6220608098934161	-3.974691191670642e-19	
10.4 	0.37792585409675483	2.739330729554752e-18	-0.12197499904406396	0.000291765114423558	-0.1219749990440639	-0.0002917651144235555	0.6220741459032453	-4.3030708841741703e-19	
10.425 	0.37791009217678767	2.611334442204761e-18	-0.12195703929951046	0.00033787463131906105	-0.12195703929951045	-0.00033787463131905833	0.6220899078232125	-3.713686125806393e-19	
10.45 	0.37789215452927477	2.633496252435035e-18	-0.12193896564603697	0.00037871676741634924	-0.12193896564603698	-0.00037871676741634664	0.6221078454707254	-4.169377487309781e-19	
10.475 	0.37787231454099524	2.5933107219640337e-18	-0.12192178878079127	0.00041392288513158424	-0.12192178878079125	-0.0004139228851315817	0.6221276854590052	-4.91122359737455e-19	
10.5 	0.3778508592180169	2.606687051662827e-18	-0.12190647343284333	0.00044331664415256616	-0.12190647343284333	-0.00044331664415256356	0.6221491407819834	-4.508731510121091e-19	
10.525 	0.37782807966155446	2.5962368196617623e-18	-0.121893901246923	0.0004669091896410964	-0.12189390124692302	-0.0004669091896410936	0.6221719203384461	-4.464587683623614e-19	
10.55 	0.37780426195804795	2.560259442342211e-18	-0.12188483701395905	0.0004848874805180999	-0.1218848370139591	-0.0004848874805180971	0.6221957380419526	-5.042852773754742e-19	
10.575 	0.3777796788114503	2.6590670770582026e-18	-0.12187989962957713	0.0004975964012861481	-0.1218798996295771	-0.0004975964012861455	0.6222203211885503	-6.36952699212041e-19	
10.6 	0.3777545822073533	2.6309764703327517e-18	-0.12187953896384522	0.0005055155423048516	-0.12187953896384518	-0.000505515542304849	0.6222454177926475	-7.384501332624953e-19	
10.625 	0.3777291973491168	2.6268612803802047e-18	-0.1218840195788449	0.0005092317347598593	-0.12188401957884491	-0.0005092317347598565	0.6222708026508842	-7.637603939802351e-19	
10.65 	0.37770371804780833	2.533832940844211e-18	-0.12189341194550193	0.000509408579864087	-0.12189341194550193	-0.0005094085798640841	0.6222962819521927	-7.900062795235455e-19	
10.675 	0.37767830368306365	2.57360177919712e-18	-0.12190759149947711	0.0005067543112816482	-0.12190759149947715	-0.0005067543112816454	0.6223216963169373	-8.540710594636964e-19	
10.7 	0.3776530777837346	2.5638960372838743e-18	-0.12192624555073017	0.0005019893718245003	-0.12192624555073023	-0.0005019893718244974	0.6223469222162664	-8.801752090858843e-19	
10.725 	0.3776281282083039	2.6275026368969467e-18	-0.12194888773608625	0.0004958150689773387	-0.12194888773608624	-0.0004958150689773358	0.622371871791697	-1.0782005491358017e-18	
10.75 	0.3776035088384391	2.7883037429696548e-18	-0.12197487939220374	0.0004888846000054674	-0.12197487939220376	-0.0004888846000054646	0.6223964911615617	-1.0872157201788088e-18	
10.775 	0.3775792426374826	2.737271547415451e-18	-0.12200345694070015	0.00048177760988944967	-0.12200345694070021	-0.0004817776098894467	0.6224207573625181	-1.0698900651754864e-18	
10.8 	0.377555325871725	2.727259629046574e-18	-0.12203376412972831	0.0004749792699103016	-0.12203376412972831	-0.00047497926991029853	0.6224446741282758	-1.1603662459256583e-18	
10.825 	0.377531733248149	2.784242147580617e-18	-0.12206488777743525	0.00046886464916161806	-0.12206488777743522	-0.00046886464916161513	0.6224682667518517	-1.1787855258407873e-18	
10.85 	0.3775084236897722	2.701702914358027e-18	-0.12209589552093447	0.0004636889050524576	-0.1220958955209345	-0.00046368890505245455	0.6224915763102284	-1.062088221243137e-18	
10.875 	0.37748534645000403	2.678984493866585e-18	-0.12212587399584217	0.0004595835527585716	-0.12212587399584217	-0.00045958355275856847	0.6225146535499968	-1.165525457798997e-18	
10.9 	0.37746244726128503	2.693092255347561e-18	-0.12215396585961276	0.00045655879922665385	-0.12215396585961276	-0.0004565587992266509	0.6225375527387158	-1.27304419724646e-18	
10.925 	0.37743967422080166	2.683815997073598e-18	-0.12217940412757343	0.00045451165677517846	-0.12217940412757347	-0.00045451165677517537	0.6225603257791993	-1.2216561947622284e-18	
10.95 	0.37741698313677724	2.6467561251254213e-18	-0.12220154241149347	0.0004532392964777809	-0.1222015424114935	-0.0004532392964777776	0.6225830168632239	-1.2369703612176608e-18	
10.975 	0.37739434209166417	2.6156312740561526e-18	-0.12221987983163898	0.00045245687361413297	-0.122219879831639	-0.0004524568736141296	0.6226056579083369	-1.135056761030589e-18	
11.0 	0.37737173502189236	2.5725684371991836e-18	-0.12223407960674826	0.00045181886660332734	-0.1222340796067482	-0.00045181886660332387	0.6226282649781089	-1.048636679363823e-18	
11.025 	0.3773491641655965	2.6121960174812203e-18	-0.1222439806019819	0.0004509428254107172	-0.12224398060198188	-0.00045094282541071387	0.6226508358344046	-1.0611785167776415e-18	
11.05 	0.3773266512875157	2.6748043425406246e-18	-0.12224960142046719	0.0004494343317820402	-0.12224960142046716	-0.0004494343317820368	0.6226733487124853	-1.2131901864102117e-18	
11.075 	0.37730423765132215	2.7167931038187724e-18	-0.12225113694595373	0.00044691193575568196	-0.1222511369459537	-0.00044691193575567865	0.6226957623486787	-1.1388810125424204e-18	
11.1 	0.3772819827711733	2.6311979283752514e-18	-0.1222489475679545	0.00044303085208458867	-0.1222489475679545	-0.00044303085208458504	0.6227180172288277	-1.1499838534650137e-18	
11.125 	0.3772599620334508	2.75482573640457e-18	-0.1222435416321035	0.0004375042751430052	-0.12224354163210348	-0.0004375042751430016	0.62274003796655	-1.170749022526088e-18	
11.15 	0.37723826333375843	2.647954991462896e-18	-0.12223555194350204	0.0004301212976763657	-0.12223555194350204	-0.000430121297676362	0.6227617366662422	-1.159322456128948e-18	
11.175 	0.37721698292084577	2.5466681625827603e-18	-0.12222570739704433	0.00042076059105262357	-0.12222570739704439	-0.00042076059105261967	0.622783017079155	-1.0671069764973857e-18	
11.2 	0.3771962206761446	2.587805199859607e-18	-0.12221480100550294	0.00040939921409709765	-0.12221480100550296	-0.00040939921409709375	0.6228037793238558	-1.1072187116346149e-18	
11.225 	0.37717607508342493	2.5141934921454296e-18	-0.12220365573532811	0.0003961161541103072	-0.1222036557353281	-0.0003961161541103032	0.6228239249165755	-9.272307420254455e-19	
11.25 	0.37715663815663053	2.501421246037132e-18	-0.12219308963622798	0.0003810904561220409	-0.12219308963622796	-0.00038109045612203684	0.6228433618433699	-9.6582892047874e-19	
11.275 	0.3771379905947274	2.5386087184788655e-18	-0.12218388176118412	0.00036459405309583024	-0.12218388176118412	-0.0003645940530958264	0.6228620094052727	-1.0091468400673328e-18	
11.3 	0.3771201974204775	2.53598863136106e-18	-0.1221767403191382	0.0003469796589317142	-0.12217674031913821	-0.00034697965893171017	0.6228798025795227	-9.54957682132498e-19	
11.325 	0.37710330433609895	2.6269870497636703e-18	-0.12217227438659391	0.0003286643165294605	-0.1221722743865939	-0.0003286643165294566	0.6228966956639014	-1.0386534605407672e-18	
11.35 	0.3770873349939833	2.6356557813677325e-18	-0.12217097033288721	0.00031010939471746676	-0.12217097033288722	-0.00031010939471746296	0.622912665006017	-1.0158254311982365e-18	
11.375 	0.3770722893366746	2.6871496930765872e-18	-0.12217317389524594	0.0002917979918412185	-0.12217317389524594	-0.00029179799184121473	0.6229277106633255	-1.0665425394614049e-18	
11.4 	0.3770581431092442	2.6678785013334927e-18	-0.12217907858420177	0.0002742108233668342	-0.12217907858420181	-0.00027421082336683055	0.6229418568907561	-1.1081346986731299e-18	
11.425 	0.37704484859135273	2.675594864048882e-18	-0.12218872081898129	0.00025780174117340883	-0.1221887208189813	-0.00025780174117340514	0.6229551514086477	-1.0015326294120496e-18	
11.45 	0.3770323365382306	2.684706207493439e-18	-0.12220198189854742	0.00024297405067069574	-0.12220198189854739	-0.00024297405067069208	0.6229676634617698	-1.0811311209381167e-18	
11.475 	0.3770205192621274	2.6545385396153163e-18	-0.1222185966196342	0.0002300587581305054	-0.12221859661963413	-0.00023005875813050173	0.6229794807378727	-1.0161403159175174e-18	
11.5 	0.3770092947310618	2.629704188351764e-18	-0.12223816807080926	0.00021929579652340436	-0.12223816807080924	-0.00021929579652340067	0.6229907052689386	-1.041726251011992e-18	
11.525 	0.3769985515123675	2.728714404715458e-18	-0.12226018787300033	0.0002108191476675925	-0.12226018787300032	-0.00021081914766758896	0.6230014484876331	-1.077735937651571e-18	
11.55 	0.3769881743467633	2.739753944259957e-18	-0.12228406091254651	0.00020464660748986747	-0.12228406091254654	-0.00020464660748986387	0.6230118256532372	-1.0476779323024548e-18	
11.575 	0.3769780501063136	2.7258352898680467e-18	-0.1223091334316681	0.00020067473718391355	-0.1223091334316681	-0.00020067473718390994	0.623021949893687	-1.0484336378718389e-18	
11.6 	0.3769680738681299	2.769862892388064e-18	-0.12233472321040396	0.00019867931488121878	-0.122334723210404	-0.0001986793148812153	0.6230319261318704	-1.0905654357462865e-18	
11.625 	0.3769581548259613	2.7864286892528545e-18	-0.1223601504985444	0.00019832135995830904	-0.12236015049854444	-0.00019832135995830554	0.6230418451740389	-1.0404461848158707e-18	
11.65 	0.37694822176437265	2.7711788971007514e-18	-0.12238476833858324	0.0001991585557134221	-0.12238476833858325	-0.00019915855571341854	0.6230517782356276	-1.071811819686338e-18	
11.675 	0.3769382278349763	2.777893423922715e-18	-0.12240799096152911	0.00020066165644947785	-0.12240799096152914	-0.00020066165644947435	0.6230617721650242	-1.102152728657057e-18	
11.7 	0.3769281544005275	2.7791682337578315e-18	-0.12242931903442217	0.00020223524233090753	-0.12242931903442224	-0.00020223524233090398	0.623071845599473	-1.0639028607199077e-18	
11.725 	0.37691801374956735	2.7684829171210077e-18	-0.12244836068712782	0.00020324198938101548	-0.12244836068712785	-0.00020324198938101196	0.6230819862504331	-9.923181210515743e-19	
11.75 	0.3769078505300996	2.7760768433879567e-18	-0.1224648474397804	0.0002030294611912692	-0.12246484743978041	-0.0002030294611912656	0.6230921494699008	-1.0283947517381944e-18	
11.775 	0.37689774180362146	2.737586176853834e-18	-0.12247864438254422	0.00020095831037993982	-0.12247864438254424	-0.0002009583103799362	0.623102258196379	-9.599094010545161e-19	
11.8 	0.3768877956783989	2.7518229318588997e-18	-0.12248975421601914	0.00019643070681606535	-0.12248975421601917	-0.0001964307068160618	0.6231122043216014	-9.946333950978383e-19	
11.825 	0.3768781485407596	2.7781374528099494e-18	-0.12249831503235209	0.00018891778931263428	-0.12249831503235206	-0.00018891778931263075	0.6231218514592408	-9.671013168992998e-19	
11.85 	0.3768689609627592	2.856229551833797e-18	-0.1225045919920019	0.00017798496887112665	-0.12250459199200185	-0.00017798496887112323	0.6231310390372413	-1.1221903474810957e-18	
11.875 	0.3768604124213436	2.8005399371785533e-18	-0.12250896331708622	0.00016331399333311566	-0.12250896331708623	-0.00016331399333311222	0.623139587578657	-1.1758346687052696e-18	
11.9 	0.3768526950155997	2.8416395706402954e-18	-0.12251190126769966	0.00014472081193909507	-0.12251190126769965	-0.0001447208119390916	0.6231473049844006	-1.2331554131746628e-18	
11.925 	0.37684600641267346	2.789552422399975e-18	-0.1225139489818734	0.00012216844821192846	-0.12251394898187339	-0.00012216844821192485	0.6231539935873269	-1.238512225798749e-18	
11.95 	0.3768405422875421	2.714006941467632e-18	-0.12251569423374231	9.577429335670348e-05	-0.12251569423374228	-9.577429335669983e-05	0.6231594577124578	-1.2134946689280793e-18	
11.975 	0.376836488545586	2.679034568750195e-18	-0.12251774129066297	6.581146111288576e-05	-0.12251774129066294	-6.581146111288207e-05	0.6231635114544138	-1.1084836729527918e-18	
