0.0 	0.9999999999999997	0.0	-6.223285321735373e-19	0.0	-3.251767952832689e-17	0.0	5.9779208748350985e-34	0.0	
0.025 	0.9993751826014569	-6.948954979050481e-19	-1.2389263849709436e-08	0.024985393035135615	-1.2389263780650134e-08	-0.024985393035135615	0.0006248173985426205	6.948954979050481e-19	
0.05 	0.9975029202424996	-1.5250137800781737e-18	-1.9779428318878816e-07	0.04988322710163407	-1.9779428315462017e-07	-0.04988322710163407	0.002497079757499738	1.5250137800781737e-18	
0.075 	0.9943897720935666	2.7535505342573087e-18	-9.976876117856434e-07	0.07460635648480429	-9.97687611780665e-07	-0.07460635648480429	0.005610227906432776	-2.7535505342573087e-18	
0.1 	0.990046635738582	-2.3253384405020967e-18	-3.1371549343555866e-06	0.099068458048593	-3.1371549343527435e-06	-0.099068458048593	0.00995336426141713	2.3253384405020967e-18	
0.125 	0.9844886959668764	-1.0792215734840642e-18	-7.609171562289935e-06	0.12318443279643017	-7.60917156234133e-06	-0.12318443279643017	0.01551130403312291	1.0792215734840642e-18	
0.15 	0.9777353537576868	5.399659781814865e-18	-1.5653234677766644e-05	0.14687079601884312	-1.5653234677846282e-05	-0.14687079601884312	0.02226464624231237	-5.399659781814865e-18	
0.175 	0.969810136113717	3.1625840331205167e-18	-2.8728965591647435e-05	0.17004605264623002	-2.8728965591616806e-05	-0.17004605264623002	0.030189863886282066	-3.1625840331205167e-18	
0.2 	0.9607405875611034	3.1391994293624106e-18	-4.848542955698466e-05	0.1926310547641683	-4.8485429556982596e-05	-0.1926310547641683	0.03925941243889573	-3.1391994293624106e-18	
0.225 	0.9505581442755728	-1.6352453561493316e-19	-7.672702542798376e-05	0.214549338644776	-7.672702542795831e-05	-0.214549338644776	0.04944185572442628	1.6352453561493316e-19	
0.25 	0.9392979919161073	-6.021345599214e-18	-0.00011537687056143608	0.23572743908500915	-0.00011537687056143772	-0.23572743908500915	0.0607020080838921	6.021345599214e-18	
0.275 	0.9269989083463985	4.349514258045948e-18	-0.0001664386462644294	0.25609517930445846	-0.00016643864626443838	-0.25609517930445846	0.07300109165360084	-4.349514258045948e-18	
0.3 	0.9137030925000343	1.2411017736787746e-18	-0.00023195787579722725	0.2755859351242366	-0.00023195787579723435	-0.2755859351242366	0.08629690749996503	-1.2411017736787746e-18	
0.325 	0.8994559806976902	5.561474623073438e-18	-0.0003139835819270363	0.2941368726087531	-0.0003139835819270147	-0.2941368726087531	0.1005440193023094	-5.561474623073438e-18	
0.35 	0.884306051754472	1.7293076217653345e-18	-0.00041453121704138247	0.3116891587889689	-0.0004145312170413506	-0.3116891587889689	0.11569394824552745	-1.7293076217653345e-18	
0.375 	0.8683046222244327	-5.256873676247773e-18	-0.0005355476796834983	0.32818814548668857	-0.0005355476796835138	-0.32818814548668857	0.13169537777556686	5.256873676247773e-18	
0.4 	0.8515056331192076	6.911392729445525e-18	-0.0006788791316243808	0.3435835266147958	-0.0006788791316243602	-0.3435835266147958	0.14849436688079196	-6.911392729445525e-18	
0.425 	0.8339654294111798	1.1867962923292882e-17	-0.000846242214292243	0.35782946963116163	-0.0008462422142922202	-0.35782946963116163	0.16603457058881982	-1.1867962923292882e-17	
0.45 	0.8157425335912926	1.3753864907718406e-17	-0.0010391991377338952	0.3708847220702588	-0.0010391991377338844	-0.3708847220702588	0.1842574664087068	-1.3753864907718406e-17	
0.475 	0.7968974145004771	-6.02249578384246e-18	-0.0012591369844325096	0.38271269426515936	-0.0012591369844325172	-0.38271269426515936	0.20310258549952223	6.02249578384246e-18	
0.5 	0.7774922525944844	9.51112391335744e-18	-0.0015072514390452466	0.39328151950498746	-0.0015072514390453051	-0.39328151950498746	0.22250774740551496	-9.51112391335744e-18	
0.525 	0.7575907027374608	1.0282271155078538e-17	-0.0017845350277800637	0.4025640929526585	-0.0017845350277800993	-0.4025640929526585	0.24240929726253851	-1.0282271155078538e-17	
0.55 	0.7372576555523621	5.2021024312764415e-18	-0.002091769831386689	0.41053809068022223	-0.0020917698313867375	-0.41053809068022223	0.26274234444763717	-5.2021024312764415e-18	
0.575 	0.716558998288489	-2.882756261823192e-17	-0.002429524526603511	0.4171859701709884	-0.0024295245266034936	-0.4171859701709884	0.2834410017115103	1.0719870026030071e-18	
0.6 	0.6955613760998786	7.47561608235525e-18	-0.0027981555146551164	0.42249495359623335	-0.0027981555146550873	-0.42249495359623335	0.30443862390012094	-7.47561608235525e-18	
0.625 	0.6743319545644767	6.057716680028699e-18	-0.003197811813615568	0.4264569951073861	-0.003197811813615562	-0.4264569951073861	0.32566804543552236	-6.057716680028699e-18	
0.65 	0.6529381842140384	-9.358399017846933e-18	-0.0036284433250679884	0.4290687332997782	-0.0036284433250679793	-0.4290687332997782	0.3470618157859608	9.358399017846933e-18	
0.675 	0.631447567789247	1.0800929330391743e-17	-0.0040898120348427415	0.4303314299084168	-0.004089812034842744	-0.4303314299084168	0.36855243221075207	-1.0800929330391743e-17	
0.7 	0.6099274308840308	7.084302030272846e-18	-0.004581505672549375	0.4302508956962255	-0.004581505672549363	-0.4302508956962255	0.39007256911596844	-7.084302030272846e-18	
0.725 	0.5884446965975043	9.103574452299777e-18	-0.005102953334548567	0.42883740439620815	-0.005102953334548604	-0.42883740439620815	0.411555303402495	-9.103574452299777e-18	
0.75 	0.5670656647712741	-1.0452484479997853e-17	-0.005653442569058693	0.4261055954754414	-0.005653442569058661	-0.4261055954754414	0.4329343352287254	1.0452484479997853e-17	
0.775 	0.5458557963536032	8.021406342580887e-18	-0.006232137429087326	0.4220743664039593	-0.006232137429087341	-0.4220743664039593	0.4541442036463959	-8.021406342580887e-18	
0.8 	0.5248795033996829	-1.3667170232485247e-17	-0.006838097017509346	0.4167667550376885	-0.006838097017509366	-0.4167667550376885	0.47512049660031647	1.3667170232485247e-17	
0.825 	0.5041999451883871	9.732468000356069e-18	-0.007470294077401673	0.41020981266279827	-0.007470294077401714	-0.41020981266279827	0.49580005481161227	-9.732468000356069e-18	
0.85 	0.48387883090981487	-1.3003685107409123e-17	-0.008127633218186853	0.40243446819948864	-0.008127633218186827	-0.40243446819948864	0.5161211690901844	1.3003685107409123e-17	
0.875 	0.46397622935399624	-8.181004495616446e-18	-0.008808968412615904	0.3934753840258892	-0.008808968412615935	-0.3934753840258892	0.5360237706460029	8.181004495616446e-18	
0.9 	0.4445503860088103	-1.1786871321506826e-17	-0.009513119449581685	0.38337080385638495	-0.009513119449581699	-0.38337080385638495	0.5554496139911889	1.1786871321506826e-17	
0.925 	0.42565754795390387	-6.163737104237288e-18	-0.010238887081586876	0.37216239309188126	-0.010238887081586899	-0.37216239309188126	0.5743424520460951	6.163737104237288e-18	
0.95 	0.40735179691677753	1.0690380330350234e-17	-0.010985066661853006	0.3598950720505893	-0.010985066661852986	-0.3598950720505893	0.5926482030832215	-1.0690380330350234e-17	
0.975 	0.38968489083686575	-2.908649648207113e-18	-0.011750460123037054	0.346616842485082	-0.011750460123037048	-0.346616842485082	0.6103151091631335	2.908649648207113e-18	
1.0 	0.3727061142631301	-5.273764194333175e-19	-0.01253388620587911	0.33237860779289985	-0.012533886205879051	-0.33237860779289985	0.6272938857368692	5.273764194333175e-19	
1.025 	0.3564621378902205	-3.818328999990118e-18	-0.013334188900477932	0.31723398733229075	-0.01333418890047795	-0.31723398733229075	0.6435378621097787	3.818328999990118e-18	
1.05 	0.3409968875175396	-6.921462895601916e-19	-0.014150244114032267	0.30123912526039404	-0.014150244114032243	-0.30123912526039404	0.6590031124824598	6.921462895601916e-19	
1.075 	0.32635142269452755	1.0806047443853016e-18	-0.014980964625666346	0.28445249431728625	-0.014980964625666377	-0.28445249431728625	0.6736485773054718	-1.0806047443853016e-18	
1.1 	0.31256382529416943	-4.489311458860367e-18	-0.015825303430408205	0.2669346949850486	-0.015825303430408232	-0.2669346949850486	0.6874361747058297	4.489311458860367e-18	
1.125 	0.2996690982351372	3.1399319229705332e-18	-0.016682255609690975	0.24874825045601684	-0.016682255609690985	-0.24874825045601684	0.7003309017648619	-3.1399319229705332e-18	
1.15 	0.28769907455116517	-2.7517137980682605e-18	-0.017550858894291792	0.22995739784853061	-0.01755085889429177	-0.22995739784853061	0.7123009254488337	2.7517137980682605e-18	
1.175 	0.27668233698425393	-2.799375103658436e-18	-0.018430193106982275	0.21062787611201403	-0.01843019310698226	-0.21062787611201403	0.723317663015745	2.799375103658436e-18	
1.2 	0.2666441482561196	6.674966248985191e-18	-0.019319378686130397	0.19082671106648738	-0.01931937868613037	-0.19082671106648738	0.7333558517438795	-6.674966248985191e-18	
1.225 	0.25760639214996833	-5.755357687564787e-18	-0.02021757449807725	0.17062199802519676	-0.020217574498077217	-0.17062199802519676	0.7423936078500308	5.755357687564787e-18	
1.25 	0.24958752551213056	-1.137818551108515e-18	-0.02112397514552346	0.1500826824535878	-0.02112397514552343	-0.1500826824535878	0.7504124744878686	1.137818551108515e-18	
1.275 	0.242602541260283	-6.532054568118146e-19	-0.022037807971828104	0.12927833912399275	-0.02203780797182808	-0.12927833912399275	0.7573974587397163	6.532054568118146e-19	
1.3 	0.23666294246182032	-2.5787733048189104e-18	-0.02295832994765209	0.10827895023372641	-0.022958329947652054	-0.10827895023372641	0.7633370575381788	2.5787733048189104e-18	
1.325 	0.2317767275222917	5.913090925497079e-19	-0.023884824607552903	0.08715468296526087	-0.023884824607552868	-0.08715468296526087	0.7682232724777075	-5.913090925497079e-19	
1.35 	0.22794838649954724	-4.382756116806752e-19	-0.024816599180868697	0.06597566698105381	-0.024816599180868676	-0.06597566698105381	0.7720516135004521	4.382756116806752e-19	
1.375 	0.2251789085342009	-3.4288962485670675e-19	-0.025752982034559706	0.04481177236251603	-0.025752982034559776	-0.04481177236251603	0.7748210914657984	3.4288962485670675e-19	
1.4 	0.22346580036106256	-7.119054404252226e-19	-0.026693320516694645	0.0237323885223568	-0.026693320516694565	-0.0237323885223568	0.7765341996389368	7.119054404252226e-19	
1.425 	0.22280311583917603	4.711162080067657e-20	-0.02763697925913653	0.002806204641742092	-0.02763697925913658	-0.0028062046417420897	0.7771968841608234	9.532094006051815e-20	
1.45 	0.22318149640994403	1.467014833034952e-18	-0.028583338967836068	-0.01789900779229461	-0.028583338967836096	0.017899007792294613	0.7768185035900554	-7.484688423183608e-19	
1.475 	0.22458822236341994	-1.0466262244215936e-18	-0.029531795700092095	-0.03831660974877157	-0.02953179570009208	0.03831660974877157	0.7754117776365792	1.0466262244215936e-18	
1.5 	0.22700727476220103	-1.0523048191382586e-19	-0.030481760601228123	-0.058381306088644856	-0.030481760601228064	0.058381306088644856	0.7729927252377978	1.0523048191382586e-19	
1.525 	0.23041940784048764	2.3477170356810304e-18	-0.031432660049284016	-0.07802935302550613	-0.03143266004928404	0.07802935302550613	0.7695805921595114	-2.3477170356810304e-18	
1.55 	0.23480223166286687	-3.2346979525579187e-18	-0.0323839361363357	-0.0971987609404821	-0.03238393613633575	0.0971987609404821	0.7651977683371319	3.2346979525579187e-18	
1.575 	0.24013030479338449	-3.0768411841532694e-18	-0.0333350473995535	-0.11582949186279198	-0.03333504739955345	0.11582949186279198	0.7598696952066142	3.0768411841532694e-18	
1.6 	0.2463752366906843	-1.76835374912841e-18	-0.03428546970454024	-0.13386365091413072	-0.03428546970454019	0.13386365091413072	0.753624763309314	1.76835374912841e-18	
1.625 	0.2535057995096892	5.625465398817809e-19	-0.035234697178109384	-0.15124567100740635	-0.03523469717810942	0.15124567100740635	0.7464942004903089	-5.625465398817809e-19	
1.65 	0.261488048954767	-2.581483897330314e-18	-0.03618224308750174	-0.16792249008920654	-0.03618224308750174	0.16792249008920654	0.7385119510452313	2.581483897330314e-18	
1.675 	0.27028545379390906	-2.6489317601812816e-18	-0.0371276405679524	-0.18384372022132248	-0.03712764056795243	0.18384372022132248	0.7297145462060891	2.6489317601812816e-18	
1.7 	0.2798590336085245	2.5894510796919898e-18	-0.03807044311014842	-0.1989618078101041	-0.03807044311014846	0.1989618078101041	0.7201409663914738	-2.5894510796919898e-18	
1.725 	0.2901675043193802	-8.510457838862381e-19	-0.03901022473291649	-0.21323218431347415	-0.0390102247329165	0.21323218431347415	0.7098324956806182	8.510457838862381e-19	
1.75 	0.3011674309963986	6.749610632316162e-18	-0.03994657978377836	-0.22661340678396283	-0.03994657978377837	0.22661340678396283	0.6988325690036	-6.749610632316162e-18	
1.775 	0.3128133874287973	-1.0425444174383487e-18	-0.04087912232996085	-0.23906728764174232	-0.04087912232996085	0.23906728764174232	0.6871866125712015	1.0425444174383487e-18	
1.8 	0.3250581219027881	-1.1218716930392602e-17	-0.04180748512414676	-0.25055901311374384	-0.04180748512414673	0.25055901311374384	0.6749418780972106	1.1218716930392602e-17	
1.825 	0.33785272860702426	-9.712502822000863e-18	-0.042731318151712105	-0.2610572498227271	-0.04273131815171215	0.2610572498227271	0.6621472713929745	9.712502822000863e-18	
1.85 	0.3511468240614773	7.480191832963959e-19	-0.043650286788416884	-0.2705342390627163	-0.04365028678841691	0.2705342390627163	0.6488531759385214	-7.480191832963959e-19	
1.875 	0.36488872794363814	-8.06904496213814e-18	-0.044564069618523626	-0.27896587835349695	-0.044564069618523584	0.27896587835349695	0.6351112720563605	8.06904496213814e-18	
1.9 	0.37902564766703695	-9.026249203928098e-18	-0.045472355982188954	-0.2863317899258337	-0.04547235598218898	0.2863317899258337	0.6209743523329616	9.026249203928098e-18	
1.925 	0.3935038660511707	5.730824531201432e-19	-0.046374843336883055	-0.29261537584969494	-0.04637484333688305	0.29261537584969494	0.6064961339488276	-5.730824531201432e-19	
1.95 	0.4082689314090725	9.531346029043175e-19	-0.047271234529851665	-0.2978038595791017	-0.04727123452985171	0.2978038595791017	0.5917310685909258	-9.531346029043175e-19	
1.975 	0.42326584936897094	-8.450993559320055e-18	-0.048161235086703565	-0.3018883137484179	-0.04816123508670353	0.3018883137484179	0.5767341506310275	8.450993559320055e-18	
2.0 	0.4384392757397425	-5.953299720359854e-18	-0.049044550624729163	-0.3048636741152778	-0.04904455062472919	0.3048636741152778	0.5615607242602557	5.953299720359854e-18	
2.025 	0.45373370972610305	1.5984930944081753e-18	-0.04992088449836509	-0.3067287396043865	-0.04992088449836509	0.3067287396043865	0.5462662902738953	-1.5984930944081753e-18	
2.05 	0.46909368679863345	4.523251920882459e-18	-0.050789935778338055	-0.30748615846379074	-0.05078993577833809	0.30748615846379074	0.5309063132013648	-4.523251920882459e-18	
2.075 	0.48446397052571777	4.2832498872702104e-18	-0.05165139765569958	-0.30714240060073783	-0.051651397655699566	0.30714240060073783	0.5155360294742806	-4.2832498872702104e-18	
2.1 	0.49978974267916937	7.727711307686351e-18	-0.052504956347576154	-0.30570771621790815	-0.05250495634757615	0.30570771621790815	0.5002102573208289	-7.727711307686351e-18	
2.125 	0.515016790932672	3.553840798490101e-18	-0.05335029056363239	-0.3031960809227549	-0.05335029056363241	0.3031960809227549	0.4849832090673263	-3.553840798490101e-18	
2.15 	0.5300916934820602	6.565065327372126e-18	-0.05418707157166187	-0.29962512753313053	-0.05418707157166185	0.29962512753313053	0.4699083065179381	-6.565065327372126e-18	
2.175 	0.544961999928863	-6.682596883021685e-18	-0.05501496387825379	-0.295016064851601	-0.05501496387825379	0.295016064851601	0.45503800007113526	6.682596883021685e-18	
2.2 	0.5595764077833618	2.278443386744412e-18	-0.05583362651703834	-0.28939358372913954	-0.055833626517038326	0.28939358372913954	0.44042359221663635	-2.278443386744412e-18	
2.225 	0.5738849339606421	4.989913319789441e-18	-0.05664271491355697	-0.28278575078651186	-0.056642714913556956	0.28278575078651186	0.426115066039356	-4.989913319789441e-18	
2.25 	0.5878390806627136	-1.7734054560721847e-18	-0.05744188327331067	-0.27522389020879856	-0.05744188327331067	0.27522389020879856	0.4121609193372845	1.7734054560721847e-18	
2.275 	0.6013919950617181	-8.849892683691604e-18	-0.05823078741893164	-0.266742454075254	-0.05823078741893159	0.266742454075254	0.3986080049382799	8.849892683691604e-18	
2.3 	0.6144986222235114	-1.1101945151307989e-17	-0.059009087984574334	-0.25737888173302054	-0.05900908798457427	0.25737888173302054	0.3855013777764866	1.1101945151307989e-17	
2.325 	0.6271158507374803	-6.54355865737346e-18	-0.05977645386126674	-0.24717344876895062	-0.05977645386126683	0.24717344876895062	0.3728841492625176	6.54355865737346e-18	
2.35 	0.6392026505472922	-2.898994055037725e-18	-0.06053256577672009	-0.23616910617860934	-0.06053256577672006	0.23616910617860934	0.3607973494527058	2.898994055037725e-18	
2.375 	0.650720202508322	-3.791315767628966e-18	-0.06127711988739905	-0.22441131037501336	-0.06127711988739903	0.22441131037501336	0.34927979749167576	3.791315767628966e-18	
2.4 	0.6616320192306806	4.361782007559001e-18	-0.06200983125977038	-0.2119478447212435	-0.0620098312597704	0.2119478447212435	0.33836798076931734	-4.361782007559001e-18	
2.425 	0.6719040568019573	4.636808987914762e-18	-0.06273043712161604	-0.19882863331013859	-0.06273043712161604	0.19882863331013859	0.32809594319804064	-4.636808987914762e-18	
2.45 	0.6815048170208711	5.803413608302615e-18	-0.06343869977299679	-0.18510554775015292	-0.06343869977299675	0.18510554775015292	0.31849518297912693	-5.803413608302615e-18	
2.475 	0.6904054398117869	4.444260333474771e-18	-0.06413440905951952	-0.170832207748479	-0.06413440905951952	0.170832207748479	0.30959456018821113	-4.444260333474771e-18	
2.5 	0.6985797855303254	1.6028298782487483e-18	-0.06481738432748915	-0.15606377631006652	-0.06481738432748917	0.15606377631006652	0.3014202144696725	-1.6028298782487483e-18	
2.525 	0.7060045069118037	-3.912545797744535e-18	-0.06548747580062439	-0.14085675039366544	-0.06548747580062435	0.14085675039366544	0.2939954930881942	3.912545797744535e-18	
2.55 	0.7126591104567543	-4.804316979087939e-19	-0.06614456534045915	-0.12526874788304984	-0.0661445653404591	0.12526874788304984	0.2873408895432437	4.804316979087939e-19	
2.575 	0.7185260070909825	2.077413868977886e-19	-0.0667885665764325	-0.10935829174286663	-0.06678856657643252	0.10935829174286663	0.28147399290901554	-7.146635290805017e-18	
2.6 	0.7235905519812549	1.288819974678078e-18	-0.06741942441599519	-0.09318459223397392	-0.06741942441599519	0.09318459223397392	0.2764094480187431	-1.288819974678078e-18	
2.625 	0.7278410734314686	-2.4747768120940093e-19	-0.06803711396884221	-0.07680732806275681	-0.06803711396884222	0.07680732806275681	0.2721589265685295	2.4747768120940093e-19	
2.65 	0.7312688908277487	2.2599503846029976e-19	-0.06864163894163673	-0.060286427332955556	-0.06864163894163676	0.060286427332955556	0.2687311091722492	-2.2599503846029976e-19	
2.675 	0.7338683216440945	8.493323978942287e-19	-0.06923302957940443	-0.04368184915741021	-0.0692330295794044	0.04368184915741021	0.2661316783559035	-8.493323978942287e-19	
2.7 	0.7356366775626798	8.673047999273661e-20	-0.06981134024634215	-0.027053366771337142	-0.06981134024634213	0.027053366771337142	0.2643633224373185	-8.673047999273661e-20	
2.725 	0.7365742498045242	-2.8715068182397207e-19	-0.07037664675143307	-0.01046035296893191	-0.07037664675143303	0.010460352968931913	0.26342575019547415	-2.2093806080613587e-19	
2.75 	0.7366842838067676	2.14726664214593e-19	-0.07092904353245945	0.006038431338070625	-0.07092904353245948	-0.006038431338070623	0.26331571619323046	5.782272001379044e-19	
2.775 	0.7359729434220789	-6.852649381739994e-19	-0.07146864081546077	0.022385044667049613	-0.07146864081546074	-0.022385044667049613	0.26402705657791925	6.852649381739994e-19	
2.8 	0.734449264853682	-7.987746002086018e-19	-0.0719955618652422	0.03852256787129105	-0.07199556186524217	-0.03852256787129105	0.26555073514631616	7.987746002086018e-19	
2.825 	0.7321251005760198	9.183132875710314e-19	-0.0725099404362996	0.05439530169093881	-0.07250994043629955	-0.05439530169093881	0.26787489942397835	-9.183132875710314e-19	
2.85 	0.7290150535261201	-8.013414496363706e-19	-0.07301191852274377	0.06994895826203608	-0.07301191852274375	-0.06994895826203608	0.2709849464738778	8.013414496363706e-19	
2.875 	0.7251364018842842	-1.8881729581364997e-18	-0.07350164449096448	0.08513084592793678	-0.07350164449096455	-0.08513084592793678	0.27486359811571365	1.8881729581364997e-18	
2.9 	0.720509014794731	-1.6140017264651002e-18	-0.07397927166048608	0.09989004672791217	-0.07397927166048605	-0.09989004672791217	0.27949098520526683	1.6140017264651002e-18	
2.925 	0.7151552594073328	2.212436894789582e-18	-0.07444495737751233	0.1141775859684363	-0.0744449573775123	-0.1141775859684363	0.28484474059266496	-2.212436894789582e-18	
2.95 	0.7090998996505272	2.0463673413354985e-18	-0.07489886260291825	0.12794659331348346	-0.0748988626029183	-0.12794659331348346	0.29090010034947067	-2.0463673413354985e-18	
2.975 	0.702369987172896	-1.863282563961682e-18	-0.07534115201286316	0.1411524548614156	-0.07534115201286319	-0.1411524548614156	0.29763001282710194	1.863282563961682e-18	
3.0 	0.6949947449167302	-3.580034708160243e-18	-0.07577199458677318	0.1537529557080125	-0.07577199458677317	-0.1537529557080125	0.3050052550832675	3.580034708160243e-18	
3.025 	0.6870054438110963	2.3955551401791887e-19	-0.07619156463513911	0.16570841252830257	-0.0761915646351391	-0.16570841252830257	0.31299455618890126	-2.3955551401791887e-19	
3.05 	0.6784352730944291	1.2409057577264203e-18	-0.07660004319932806	0.1769817957445478	-0.07660004319932807	-0.1769817957445478	0.3215647269055684	-1.2409057577264203e-18	
3.075 	0.6693192047973997	4.096212464802221e-18	-0.0769976197382731	0.18753884088447223	-0.07699761973827308	-0.18753884088447223	0.3306807952025976	-4.096212464802221e-18	
3.1 	0.6596938529356334	-8.562435705186641e-19	-0.07738449400319218	0.1973481487730124	-0.07738449400319214	-0.1973481487730124	0.34030614706436385	8.562435705186641e-19	
3.125 	0.6495973279786487	1.598339079922074e-18	-0.07776087799198746	0.20638127424284555	-0.07776087799198746	-0.20638127424284555	0.35040267202134867	-1.598339079922074e-18	
3.15 	0.6390690871760204	-5.916078859276288e-18	-0.07812699787008377	0.2146128030939254	-0.07812699787008381	-0.2146128030939254	0.3609309128239768	5.916078859276288e-18	
3.175 	0.6281497813340633	-2.494529499122311e-18	-0.07848309574439757	0.22202041708030115	-0.07848309574439757	-0.22202041708030115	0.3718502186659339	2.494529499122311e-18	
3.2 	0.6168810986461589	1.4674334945400135e-18	-0.07882943118189241	0.22858494675351154	-0.07882943118189246	-0.22858494675351154	0.38311890135383825	-1.4674334945400135e-18	
3.225 	0.605305606187051	3.986964246134341e-18	-0.07916628237360478	0.23429041204557546	-0.07916628237360482	-0.23429041204557546	0.3946943938129463	-3.986964246134341e-18	
3.25 	0.5934665896858903	-1.9406676693155246e-18	-0.07949394685870738	0.23912405053059688	-0.07949394685870734	-0.23912405053059688	0.40653341031410695	1.9406676693155246e-18	
3.275 	0.5814078921944255	-7.826845740043576e-19	-0.07981274174059794	0.24307633336169	-0.07981274174059798	-0.24307633336169	0.41859210780557177	7.826845740043576e-19	
3.3 	0.5691737522654331	4.318911226186336e-18	-0.080123003347416	0.24614096893858045	-0.08012300334741597	-0.24614096893858045	0.43082624773456424	-4.318911226186336e-18	
3.325 	0.556808642252244	1.6581096768243394e-18	-0.08042508631198596	0.24831489442004356	-0.08042508631198592	-0.24831489442004356	0.44319135774775326	-1.5535897484638796e-17	
3.35 	0.5443571073330593	-3.471187456233682e-18	-0.08071936207003141	0.24959825525342452	-0.08071936207003143	-0.24959825525342452	0.45564289266693797	3.471187456233682e-18	
3.375 	0.5318636058537106	4.0645088992519534e-18	-0.08100621679962407	0.24999437294996374	-0.08100621679962404	-0.24999437294996374	0.4681363941462866	-4.0645088992519534e-18	
3.4 	0.5193723515697292	-2.37607098600037e-18	-0.08128604884822915	0.24950970138866516	-0.08128604884822915	-0.24950970138866516	0.4806276484302679	2.37607098600037e-18	
3.425 	0.5069271583531596	5.020420602665219e-18	-0.08155926571544617	0.24815377198220925	-0.08155926571544614	-0.24815377198220925	0.4930728416468375	-5.020420602665219e-18	
3.45 	0.494571287911695	-2.12679023964646e-18	-0.0818262806786958	0.24593912808525537	-0.08182628067869577	-0.24593912808525537	0.5054287120883019	2.12679023964646e-18	
3.475 	0.4823473010476134	3.2989817341953027e-18	-0.08208750916491953	0.24288124906785405	-0.08208750916491946	-0.24288124906785405	0.5176526989523835	-3.2989817341953027e-18	
3.5 	0.4702969129618972	1.2349188492229732e-18	-0.08234336498315382	0.23899846451423554	-0.08234336498315388	-0.23899846451423554	0.5297030870380998	-1.2349188492229732e-18	
3.525 	0.458460853085075	6.665726060862757e-18	-0.08259425654015128	0.2343118590397423	-0.08259425654015128	-0.2343118590397423	0.5415391469149219	-6.665726060862757e-18	
3.55 	0.4468787298909755	-4.695078581746723e-18	-0.08284058316371652	0.22884516824611914	-0.08284058316371652	-0.22884516824611914	0.5531212701090213	4.695078581746723e-18	
3.575 	0.4355889011229916	-6.602298002898252e-18	-0.08308273165600817	0.22262466635788958	-0.08308273165600821	-0.22262466635788958	0.5644110988770051	6.602298002898252e-18	
3.6 	0.42462834983485115	-3.9510906353635206e-18	-0.08332107319178791	0.21567904610043334	-0.08332107319178787	-0.21567904610043334	0.5753716501651457	3.9510906353635206e-18	
3.625 	0.4140325666194996	5.3452272049166925e-18	-0.08355596066476245	0.20803929139403377	-0.08355596066476247	-0.20803929139403377	0.5859674333804973	-5.3452272049166925e-18	
3.65 	0.4038354383707281	3.508140261843367e-18	-0.08378772656920724	0.19973854344809056	-0.0837877265692073	-0.19973854344809056	0.5961645616292689	-3.508140261843367e-18	
3.675 	0.3940691438927844	5.57282490615927e-18	-0.0840166814845928	0.19081196084644014	-0.08401668148459283	-0.19081196084644014	0.6059308561072128	-5.57282490615927e-18	
3.7 	0.3847640566435493	4.6516432601786615e-18	-0.08424311320871745	0.1812965742188516	-0.08424311320871745	-0.1812965742188516	0.6152359433564478	-4.6516432601786615e-18	
3.725 	0.3759486548670461	1.6305924855581133e-18	-0.08446728656073484	0.17123113609581603	-0.08446728656073478	-0.17123113609581603	0.624051345132951	-1.6305924855581133e-18	
3.75 	0.36764943934117744	2.0906313673045388e-18	-0.08468944385039129	0.16065596654420586	-0.08468944385039126	-0.16065596654420586	0.6323505606588199	-2.0906313673045388e-18	
3.775 	0.35989085893672035	4.838270270523102e-18	-0.0849098059847258	0.1496127951806438	-0.08490980598472574	-0.1496127951806438	0.6401091410632767	-4.838270270523102e-18	
3.8 	0.3526952441538065	2.923373347853418e-18	-0.08512857415942017	0.138144600157795	-0.08512857415942014	-0.138144600157795	0.6473047558461905	-2.923373347853418e-18	
3.825 	0.3460827487724063	2.1242641347251407e-18	-0.08534593205983931	0.12629544471645782	-0.08534593205983934	-0.12629544471645782	0.6539172512275908	-2.1242641347251407e-18	
3.85 	0.3400712997237674	-3.1942450712079555e-18	-0.08556204847746386	0.11411031189334621	-0.08556204847746383	-0.11411031189334621	0.6599287002762295	3.1942450712079555e-18	
3.875 	0.33467655526035084	1.8736740956404268e-18	-0.0857770802316284	0.1016349379707801	-0.08577708023162837	-0.1016349379707801	0.6653234447396464	-1.8736740956404268e-18	
3.9 	0.32991187147260365	3.2219851650304655e-18	-0.08599117527488018	0.08891564524998893	-0.08599117527488014	-0.08891564524998893	0.6700881285273935	-3.2219851650304655e-18	
3.925 	0.3257882771719628	2.4604030903426617e-18	-0.0862044758533321	0.0759991747241589	-0.08620447585333213	-0.0759991747241589	0.6742117228280341	-2.4604030903426617e-18	
3.95 	0.3223144571308355	7.697347461287841e-18	-0.08641712159137971	0.06293251922045047	-0.0864171215913797	-0.06293251922045047	0.6776855428691614	-7.697347461287841e-18	
3.975 	0.31949674364205355	8.146764380570265e-18	-0.0866292523731959	0.04976275757167944	-0.08662925237319588	-0.04976275757167944	0.6805032563579433	-8.146764380570265e-18	
4.0 	0.31733911633251466	1.0807643758962977e-17	-0.08684101090141057	0.036536890367915395	-0.08684101090141053	-0.036536890367915395	0.6826608836674821	-1.0807643758962977e-17	
4.025 	0.3158432101385148	1.2900919176052632e-17	-0.08705254482602738	0.023301677825656522	-0.0870525448260274	-0.02330167782565652	0.6841567898614821	-1.4635642652029438e-17	
4.05 	0.315008331323758	1.1615733561918181e-17	-0.08726400835347478	0.010103480297319153	-0.08726400835347473	-0.01010348029731915	0.684991668676239	-1.1256460566559885e-17	
4.075 	0.31483148139531497	1.2186212067763279e-17	-0.08747556326607904	-0.003011898073557943	-0.08747556326607905	0.0030118980735579456	0.6851685186046818	-1.2260619941399184e-17	
4.1 	0.3153073887480176	1.2440278490902706e-17	-0.08768737930542302	-0.015999362065730428	-0.08768737930542296	0.015999362065730435	0.6846926112519792	-1.1721732500186114e-17	
4.125 	0.31642854784402963	1.0102379962565204e-17	-0.08789963389811596	-0.028814673998630344	-0.08789963389811593	0.028814673998630344	0.683571452155967	-1.0102379962565204e-17	
4.15 	0.31818526571175143	5.9175777461655625e-18	-0.08811251122849849	-0.04141459781609704	-0.08811251122849854	0.04141459781609704	0.6818147342882452	-5.9175777461655625e-18	
4.175 	0.3205657155268659	5.624179281691429e-18	-0.08832620068872098	-0.053757038221573565	-0.088326200688721	0.05375703822157357	0.6794342844731308	-9.093626233645044e-18	
4.2 	0.32355599701831333	3.9345419145620696e-18	-0.08854089476147929	-0.06580117447788329	-0.08854089476147932	0.06580117447788329	0.6764440029816833	-3.9345419145620696e-18	
4.225 	0.32714020342333056	8.31194732615431e-18	-0.08875678641348679	-0.07750758851247888	-0.08875678641348679	0.07750758851247888	0.6728597965766662	-8.31194732615431e-18	
4.25 	0.33130049469843226	9.83667368552236e-18	-0.08897406609762859	-0.08883838699708874	-0.08897406609762853	0.08883838699708874	0.6686995053015644	-9.83667368552236e-18	
4.275 	0.33601717667736036	9.217527211378043e-18	-0.08919291847790238	-0.09975731709844785	-0.08919291847790242	0.09975731709844786	0.6639828233226365	-2.30953150191925e-17	
4.3 	0.341268785852534	1.0002538766157247e-17	-0.08941351900305712	-0.11022987562379719	-0.08941351900305712	0.11022987562379719	0.6587312141474627	-1.0002538766157247e-17	
4.325 	0.34703217944337367	7.408693341166489e-18	-0.08963603046183163	-0.12022341131062575	-0.08963603046183169	0.12022341131062575	0.6529678205566231	-7.408693341166489e-18	
4.35 	0.3532826304029557	1.4280840520266775e-17	-0.08986059965457868	-0.12970722003436796	-0.08986059965457865	0.12970722003436796	0.646717369597041	-1.4280840520266775e-17	
4.375 	0.35999392700370925	1.0058039522676776e-17	-0.09008735431273858	-0.13865263273021375	-0.09008735431273852	0.13865263273021375	0.6400060729962876	-1.0058039522676776e-17	
4.4 	0.3671384766331977	1.0075140466529019e-17	-0.09031640038921045	-0.14703309584572904	-0.09031640038921047	0.14703309584572904	0.6328615233667991	-1.0075140466529019e-17	
4.425 	0.3746874134223354	1.2620681595281703e-17	-0.09054781982944995	-0.15482424415964563	-0.09054781982944993	0.15482424415964563	0.6253125865776612	-1.2620681595281703e-17	
4.45 	0.3826107093205869	1.459723222429374e-17	-0.09078166891558685	-0.16200396581911852	-0.09078166891558684	0.16200396581911852	0.6173892906794096	-1.459723222429374e-17	
4.475 	0.3908772882257062	1.843963588561697e-17	-0.09101797725464893	-0.16855245946325678	-0.0910179772546489	0.16855245946325678	0.6091227117742904	-1.843963588561697e-17	
4.5 	0.39945514276932764	1.46020440875505e-17	-0.09125674745788621	-0.17445228331521104	-0.09125674745788626	0.17445228331521104	0.6005448572306691	-1.46020440875505e-17	
4.525 	0.4083114533541845	2.0866439090032263e-17	-0.09149795553212545	-0.1796883961390332	-0.09149795553212546	0.1796883961390332	0.5916885466458122	-2.0866439090032263e-17	
4.55 	0.4174127090338882	1.6244323319674322e-17	-0.09174155197701159	-0.18424818997146386	-0.09174155197701163	0.18424818997146386	0.5825872909661085	-1.6244323319674322e-17	
4.575 	0.4267248298220692	-1.7801789711531673e-18	-0.09198746355496265	-0.18812151455332266	-0.09198746355496268	0.18812151455332268	0.5732751701779274	-2.5975396644475746e-17	
4.6 	0.43621329001430026	1.4828075964598654e-17	-0.09223559567468773	-0.19130069340084457	-0.09223559567468763	0.19130069340084457	0.5637867099856965	-1.4828075964598654e-17	
4.625 	0.44584324210366394	2.47883069057117e-17	-0.09248583530520986	-0.19378053147464236	-0.09248583530520986	0.19378053147464236	0.5541567578963328	-2.47883069057117e-17	
4.65 	0.45557964086919034	-6.27134195290606e-18	-0.09273805431642869	-0.1955583144234238	-0.09273805431642865	0.1955583144234238	0.5444203591308063	6.27134195290606e-18	
4.675 	0.4653873672157785	1.5481237174446712e-17	-0.09299211312516646	-0.19663379940149361	-0.09299211312516649	0.19663379940149361	0.5346126327842183	-1.5481237174446712e-17	
4.7 	0.4752313513447751	-4.7700594812154156e-18	-0.09324786451307654	-0.19700919748362242	-0.09324786451307655	0.19700919748362242	0.5247686486552218	4.7700594812154156e-18	
4.725 	0.4850766948362297	-3.33921130550184e-18	-0.09350515747526023	-0.19668914772813706	-0.09350515747526018	0.19668914772813706	0.5149233051637669	3.33921130550184e-18	
4.75 	0.49488879122712687	5.659321899263637e-18	-0.09376384095628915	-0.19568068296897018	-0.09376384095628913	0.19568068296897018	0.5051112087728701	-5.659321899263637e-18	
4.775 	0.5046334446747274	4.464250176264438e-18	-0.09402376733369705	-0.19399318744966262	-0.09402376733369704	0.19399318744966262	0.49536655532526935	-4.464250176264438e-18	
4.8 	0.5142769863006545	-2.0088374632642582e-17	-0.09428479551781489	-0.19163834644653596	-0.09428479551781496	0.19163834644653596	0.4857230136993423	6.210586824828125e-18	
4.825 	0.5237863878196003	-1.2915113535602484e-17	-0.09454679355079285	-0.18863008806392703	-0.09454679355079282	0.18863008806392703	0.47621361218039654	1.2915113535602484e-17	
4.85 	0.5331293720665905	-4.271101130552745e-18	-0.09480964060629923	-0.1849845174208798	-0.09480964060629922	0.1849845174208798	0.46687062793340633	4.271101130552745e-18	
4.875 	0.542274520048629	-2.5045756668620337e-17	-0.09507322831403635	-0.1807198434853248	-0.09507322831403635	0.1807198434853248	0.45772547995136786	2.5045756668620337e-17	
4.9 	0.5511913741602484	-1.2904628663084768e-17	-0.09533746135903927	-0.17585629884782283	-0.09533746135903926	0.17585629884782283	0.4488086258397483	1.2904628663084768e-17	
4.925 	0.5598505372179776	-1.3938994007395694e-17	-0.09560225733375209	-0.1704160527616728	-0.0956022573337521	0.1704160527616728	0.4401494627820192	1.3938994007395694e-17	
4.95 	0.5682237669858955	-1.3585618826887323e-17	-0.09586754585006436	-0.16442311780890992	-0.09586754585006438	0.16442311780890992	0.43177623301410123	1.3585618826887323e-17	
4.975 	0.5762840658831945	-1.5482448209828812e-17	-0.09613326694770448	-0.15790325058181962	-0.09613326694770442	0.15790325058181962	0.4237159341168022	1.5482448209828812e-17	
5.0 	0.5840057655848314	-1.9188568045607278e-17	-0.09639936886351959	-0.150883846796565	-0.09639936886351959	0.150883846796565	0.4159942344151652	1.9188568045607278e-17	
5.025 	0.5913646062477889	-2.6612894397792613e-17	-0.09666580525211231	-0.14339383127897476	-0.0966658052521123	0.14339383127897476	0.4086353937522076	2.6612894397792613e-17	
5.05 	0.5983378101179699	-3.2726888631619326e-17	-0.09693253197104457	-0.1354635432822138	-0.0969325319710446	0.1354635432822138	0.4016621898820264	3.2726888631619326e-17	
5.075 	0.6049041492961539	-2.925855406301625e-17	-0.09719950356244521	-0.12712461761185806	-0.09719950356244517	0.12712461761185806	0.39509585070384234	2.925855406301625e-17	
5.1 	0.6110440074655253	-2.8654256404210454e-17	-0.09746666957661504	-0.11840986204585115	-0.09746666957661505	0.11840986204585115	0.38895599253447133	2.8654256404210454e-17	
5.125 	0.6167394354078889	-3.105667013668029e-17	-0.0977339708915411	-0.10935313154510469	-0.09773397089154105	0.10935313154510469	0.3832605645921078	3.105667013668029e-17	
5.15 	0.6219742001606061	-2.9959103754454894e-17	-0.0980013361847243	-0.09998919975539498	-0.09800133618472426	0.099989199755395	0.3780257998393908	2.3020209850547665e-17	
5.175 	0.6267338276913756	-3.014380086803216e-17	-0.09826867871024937	-0.09035362830307891	-0.09826867871024937	0.09035362830307893	0.37326617230862114	1.62660130602177e-17	
5.2 	0.6310056389931061	-2.7371594677557395e-17	-0.09853589352464859	-0.08048263438642564	-0.09853589352464869	0.08048263438642564	0.36899436100689065	2.7371594677557395e-17	
5.225 	0.6347787795261468	-2.828048789005276e-17	-0.09880285529011858	-0.07041295716149533	-0.09880285529011862	0.07041295716149534	0.3652212204738502	2.1341593986145532e-17	
5.25 	0.6380442419599869	-2.3831048893630413e-17	-0.09906941676356568	-0.060181723416941356	-0.09906941676356575	0.060181723416941356	0.36195575804001	2.3831048893630413e-17	
5.275 	0.6407948821911112	-3.012678464133449e-17	-0.09933540805546721	-0.04982631302627705	-0.09933540805546719	0.04982631302627705	0.3592051178088857	3.012678464133449e-17	
5.3 	0.6430254286379555	-2.7259580396679285e-17	-0.09960063671454054	-0.039384224659389906	-0.09960063671454052	0.039384224659389906	0.35697457136204136	2.7259580396679285e-17	
5.325 	0.6447324848378194	-2.946406944545588e-17	-0.09986488866370918	-0.028892942227663542	-0.09986488866370916	0.028892942227663546	0.3552675151621777	2.7729345969479075e-17	
5.35 	0.6459145253941084	-2.775724452674913e-17	-0.10012792998098201	-0.018389802529153645	-0.10012792998098201	0.018389802529153648	0.3540854746058885	2.8475790517465725e-17	
5.375 	0.6465718853454003	-2.725236432333418e-17	-0.10038950948679927	-0.007911864551917676	-0.10038950948679927	0.007911864551917678	0.3534281146545966	2.7611637318692476e-17	
5.4 	0.6467067430505083	-2.7842318000277296e-17	-0.1006493620683542	0.002504219115222686	-0.10064936206835425	-0.002504219115222683	0.35329325694948854	2.776791012664139e-17	
5.425 	0.6463230967059541	-2.7213070611211924e-17	-0.10090721264256247	0.012822328324640907	-0.10090721264256247	-0.012822328324640904	0.35367690329404283	2.793161660192851e-17	
5.45 	0.6454267346339962	-2.705734918021026e-17	-0.10116278063382828	0.023006998435005286	-0.1011627806338283	-0.023006998435005286	0.3545732653660009	2.705734918021026e-17	
5.475 	0.6440251995005633	-2.832035239172149e-17	-0.1014157848215697	0.033023539981306804	-0.10141578482156967	-0.033023539981306804	0.3559748004994339	2.832035239172149e-17	
5.5 	0.6421277466430384	-2.917564950923015e-17	-0.10166594839644279	0.042838154544383555	-0.1016659483964428	-0.042838154544383555	0.35787225335695844	2.917564950923015e-17	
5.525 	0.6397452967077575	-3.002111005217998e-17	-0.10191300405405292	0.052418046429009185	-0.10191300405405287	-0.052418046429009185	0.36025470329223924	3.002111005217998e-17	
5.55 	0.6368903828162248	-2.4183768821236946e-17	-0.1021566989510772	0.061731529776109455	-0.10215669895107718	-0.061731529776109455	0.36310961718377194	2.4183768821236946e-17	
5.575 	0.6335770924973197	-2.6202211694161386e-17	-0.10239679935140723	0.07074813075338914	-0.10239679935140729	-0.07074813075338914	0.3664229075026768	2.6202211694161386e-17	
5.6 	0.6298210046400303	-2.8093916888256365e-17	-0.10263309479910226	0.07943868448973244	-0.10263309479910228	-0.07943868448973244	0.3701789953599662	2.8093916888256365e-17	
5.625 	0.6256391217374051	-2.253541485146389e-17	-0.1028654016703608	0.08777542644222695	-0.10286540167036089	-0.08777542644222695	0.3743608782625913	2.253541485146389e-17	
5.65 	0.6210497977073414	-6.409536055667382e-18	-0.1030935659778677	0.09573207791048323	-0.1030935659778678	-0.09573207791048323	0.378950202292655	6.409536055667382e-18	
5.675 	0.6160726615893958	-1.839078872045599e-17	-0.10331746532698359	0.10328392544088989	-0.10331746532698366	-0.10328392544088989	0.38392733841060045	1.839078872045599e-17	
5.7 	0.6107285374289403	-1.208883839779264e-17	-0.10353700995341099	0.11040789389325574	-0.10353700995341096	-0.11040789389325574	0.38927146257105577	1.208883839779264e-17	
5.725 	0.605039360670581	-2.1988832580270617e-17	-0.10375214280505729	0.11708261297353668	-0.1037521428050573	-0.11708261297353668	0.3949606393294153	2.1988832580270617e-17	
5.75 	0.5990280913917758	-9.575203286003621e-18	-0.10396283866560878	0.1232884770685344	-0.10396283866560882	-0.1232884770685344	0.4009719086082204	9.575203286003621e-18	
5.775 	0.5927186247149768	-1.0403128814283207e-17	-0.1041691023525094	0.1290076982510314	-0.10416910235250942	-0.1290076982510314	0.4072813752850196	1.0403128814283207e-17	
5.8 	0.5861356987423859	-7.168027344504267e-18	-0.10437096605628161	0.13422435235620744	-0.1043709660562817	-0.13422435235620744	0.4138643012576104	7.168027344504267e-18	
5.825 	0.5793048003615809	-1.5774391776962086e-17	-0.10456848592011175	0.13892441806178144	-0.10456848592011178	-0.13892441806178144	0.4206951996384155	1.5774391776962086e-17	
5.85 	0.5722520692728778	-1.0154538787921239e-17	-0.1047617379871183	0.14309580893458762	-0.10476173798711831	-0.14309580893458762	0.4277479307271188	1.0154538787921239e-17	
5.875 	0.5650042005904441	-1.389400872419765e-17	-0.1049508136666329	0.14672839843473995	-0.10495081366663297	-0.14672839843473995	0.43499579940955235	1.389400872419765e-17	
5.9 	0.5575883463689556	-4.547825648785233e-19	-0.10513581488918494	0.14981403789477174	-0.10513581488918491	-0.14981403789477174	0.44241165363104107	4.547825648785233e-19	
5.925 	0.550032016406107	-2.527922905614737e-18	-0.10531684913198429	0.15234656751487652	-0.10531684913198429	-0.15234656751487652	0.4499679835938894	2.527922905614737e-18	
5.95 	0.5423629786687065	-3.480230822519688e-18	-0.10549402450202312	0.1543218204364832	-0.10549402450202316	-0.1543218204364832	0.4576370213312897	3.480230822519688e-18	
5.975 	0.534609159686484	-3.144624191315488e-18	-0.10566744506222858	0.15573761997485966	-0.10566744506222867	-0.15573761997485966	0.46539084031351236	3.144624191315488e-18	
6.0 	0.5267985452533104	-3.3311857846737294e-18	-0.10583720657740718	0.15659377010739553	-0.10583720657740718	-0.15659377010739553	0.4732014547466859	3.3311857846737294e-18	
6.025 	0.5189590817703388	2.127686465966229e-18	-0.10600339284131456	0.15689203932792975	-0.10600339284131466	-0.15689203932792975	0.48104091822965755	-2.127686465966229e-18	
6.05 	0.511118578559754	3.9456802818630177e-19	-0.10616607272458727	0.15663613798934087	-0.1061660727245873	-0.15663613798934087	0.48888142144024255	-3.9456802818630177e-19	
6.075 	0.503304611471441	4.528489607447724e-18	-0.10632529805626038	0.15583168926708424	-0.10632529805626045	-0.15583168926708424	0.4966953885285553	-4.528489607447724e-18	
6.1 	0.4955444280980105	-3.396955012280737e-18	-0.10648110242014813	0.15448619388596552	-0.10648110242014826	-0.15448619388596552	0.5044555719019856	3.396955012280737e-18	
6.125 	0.4878648549062635	-1.886285082363354e-18	-0.1066335009126166	0.1526089887617541	-0.10663350091261664	-0.1526089887617541	0.5121351450937327	1.886285082363354e-18	
6.15 	0.480292206585368	-3.797292522565319e-18	-0.10678249087152379	0.15021119971881028	-0.1067824908715238	-0.15021119971881028	0.5197077934146284	3.797292522565319e-18	
6.175 	0.47285219790370425	2.5091486125450137e-18	-0.10692805354870125	0.1473056884552425	-0.10692805354870126	-0.1473056884552425	0.527147802096292	-2.5091486125450137e-18	
6.2 	0.4655698583574762	5.898138880631807e-18	-0.10707015666169273	0.143906993938665	-0.10707015666169283	-0.143906993938665	0.5344301416425201	-5.898138880631807e-18	
6.225 	0.4584694498847111	4.781731661907065e-18	-0.10720875772594958	0.14003126842872027	-0.10720875772594968	-0.14003126842872027	0.5415305501152852	-4.781731661907065e-18	
6.25 	0.45157438790810306	-1.7526157379804382e-18	-0.10734380803761562	0.13569620833738372	-0.10734380803761563	-0.13569620833738372	0.5484256120918931	1.7526157379804382e-18	
6.275 	0.444907165959189	-1.1118795697824056e-19	-0.10747525715061626	0.13092098015473702	-0.10747525715061633	-0.13092098015473702	0.5550928340408071	1.1118795697824056e-19	
6.3 	0.43848928412451366	2.5332741691483894e-18	-0.10760305767104689	0.12572614168631266	-0.10760305767104696	-0.12572614168631266	0.5615107158754827	-2.5332741691483894e-18	
6.325 	0.43234118154163764	1.895875139288049e-18	-0.10772717017765959	0.12013355886803725	-0.10772717017765966	-0.12013355886803725	0.5676588184583587	-1.895875139288049e-18	
6.35 	0.4264821731590237	1.085224243089323e-18	-0.10784756807018525	0.11416631844588462	-0.10784756807018533	-0.11416631844588462	0.5735178268409729	-1.085224243089323e-18	
6.375 	0.4209303909589318	7.948098112992608e-18	-0.10796424214762869	0.10784863682910015	-0.10796424214762872	-0.10784863682910015	0.5790696090410647	-7.948098112992608e-18	
6.4 	0.4157027298264707	1.2497836001996301e-17	-0.10807720472660784	0.10120576544771072	-0.10807720472660788	-0.10120576544771072	0.584297270173526	-1.2497836001996301e-17	
6.425 	0.4108147982308744	1.1379509647024553e-17	-0.1081864931250377	0.09426389296635218	-0.10818649312503775	-0.09426389296635218	0.5891852017691224	-1.1379509647024553e-17	
6.45 	0.40628087386696643	8.550991290293975e-18	-0.10829217235849052	0.08705004472656849	-0.10829217235849058	-0.08705004472656849	0.5937191261330304	-8.550991290293975e-18	
6.475 	0.402113864385699	5.254698182872929e-18	-0.10839433692461606	0.07959197980801501	-0.10839433692461614	-0.07959197980801501	0.5978861356142976	-5.254698182872929e-18	
6.5 	0.3983252733227241	9.314244221256899e-18	-0.10849311158408718	0.07191808611482488	-0.10849311158408724	-0.07191808611482488	0.6016747266772726	-9.314244221256899e-18	
6.525 	0.39492517131330823	8.170636185722247e-18	-0.10858865108341914	0.06405727390624703	-0.10858865108341914	-0.06405727390624703	0.6050748286866888	-8.170636185722247e-18	
6.55 	0.3919221726606953	3.692411395154913e-18	-0.1086811388043577	0.05603886820011623	-0.10868113880435777	-0.05603886820011623	0.6080778273393017	-3.692411395154913e-18	
6.575 	0.38932341730343406	6.14643996034646e-18	-0.1087707843648484	0.0478925004834764	-0.10877078436484845	-0.047892500483476395	0.6106765826965631	-9.615886912300074e-18	
6.6 	0.38713455820540527	5.8745367202179856e-18	-0.10885782023639136	0.03964800016659872	-0.10885782023639139	-0.03964800016659872	0.6128654417945918	-5.8745367202179856e-18	
6.625 	0.38535975417050683	7.637532775353635e-18	-0.10894249748033989	0.03133528621471072	-0.10894249748033989	-0.03133528621471072	0.6146402458294901	-7.637532775353635e-18	
6.65 	0.3840016680623615	7.097102209955434e-18	-0.109025080739977	0.0229842593861238	-0.10902508073997705	-0.0229842593861238	0.6159983319376353	-7.097102209955434e-18	
6.675 	0.3830614703881935	8.914337390886675e-18	-0.10910584265470011	0.014624695496382595	-0.10910584265470011	-0.014624695496382591	0.6169385296118033	-7.328429662181678e-18	
6.7 	0.38253884818532796	7.988500480062763e-18	-0.10918505788621352	0.006286140115947164	-0.10918505788621359	-0.0062861401159471616	0.6174611518146689	-8.062908353698669e-18	
6.725 	0.3824320191287515	9.248424588529866e-18	-0.10926299696335855	-0.0020021949057751954	-0.10926299696335855	0.002002194905775198	0.6175679808712452	-9.322832462165773e-18	
6.75 	0.3827377507589403	9.483630980413403e-18	-0.10933992016142868	-0.010211532713981505	-0.10933992016142867	0.010211532713981506	0.6172622492410564	-9.99171972304351e-18	
6.775 	0.3834513847108106	1.1035217853248525e-17	-0.1094160716331412	-0.018313630161798378	-0.10941607163314118	0.01831363016179838	0.616548615289186	-1.0316671862531935e-17	
6.8 	0.38456686580723703	1.0588768816937878e-17	-0.10949167400176114	-0.02628087362479936	-0.10949167400176119	0.02628087362479936	0.6154331341927595	-1.0588768816937878e-17	
6.825 	0.38607677586414024	1.407082787837505e-17	-0.10956692361239785	-0.0340863715978345	-0.10956692361239784	0.0340863715978345	0.6139232241358562	-1.407082787837505e-17	
6.85 	0.38797237203870183	1.4439182275138298e-17	-0.10964198661570376	-0.04170404377504152	-0.10964198661570379	0.04170404377504152	0.6120276279612946	-1.4439182275138298e-17	
6.875 	0.390243629537793	1.4161387265332273e-17	-0.10971699602984955	-0.04910870633336837	-0.10971699602984958	0.04910870633336837	0.6097563704622035	-1.4161387265332273e-17	
6.9 	0.3928792884901968	1.4554589146743716e-17	-0.10979204989272337	-0.056276153158879134	-0.10979204989272336	0.056276153158879134	0.6071207115097998	-1.4554589146743716e-17	
6.925 	0.3958669047736268	1.3321836448907375e-17	-0.10986721057800412	-0.06318323277342365	-0.10986721057800411	0.06318323277342365	0.6041330952263702	-1.3321836448907375e-17	
6.95 	0.39919290457587076	1.3497002233423184e-17	-0.10994250530745918	-0.06980792073692335	-0.10994250530745917	0.06980792073692335	0.6008070954241261	-1.3497002233423184e-17	
6.975 	0.40284264245857876	8.21028376909684e-18	-0.11001792784899025	-0.07612938731766426	-0.11001792784899025	0.07612938731766426	0.5971573575414181	-8.21028376909684e-18	
7.0 	0.4068004626822559	6.7495748287603746e-18	-0.11009344134714305	-0.0821280602397861	-0.11009344134714298	0.0821280602397861	0.5931995373177411	-6.7495748287603746e-18	
7.025 	0.4110497635418963	1.770332677070037e-18	-0.11016898219156743	-0.08778568233387181	-0.1101689821915674	0.08778568233387181	0.5889502364581005	-8.709226580977265e-18	
7.05 	0.41557306445441644	3.422010535121389e-18	-0.11024446479077141	-0.0930853639334805	-0.11024446479077135	0.0930853639334805	0.5844269355455803	-3.422010535121389e-18	
7.075 	0.4203520755316143	1.2540406400767895e-17	-0.11031978708486238	-0.09801162987793834	-0.11031978708486237	0.09801162987793834	0.5796479244683826	-1.2540406400767895e-17	
7.1 	0.4253677693658565	1.6625945195705447e-19	-0.11039483660308538	-0.10255046100001053	-0.11039483660308534	0.10255046100001053	0.5746322306341404	-7.105153355864283e-18	
7.125 	0.4306004547501056	1.202512789262227e-17	-0.11046949685090683	-0.10668932999647066	-0.11046949685090678	0.10668932999647066	0.5693995452498914	-1.202512789262227e-17	
7.15 	0.4360298520493079	1.042046346257834e-17	-0.11054365379798206	-0.11041723160024865	-0.11054365379798206	0.11041723160024865	0.5639701479506892	-1.042046346257834e-17	
7.175 	0.4416351699366461	1.2757874390594126e-17	-0.11061720223314785	-0.11372470699486306	-0.11061720223314785	0.11372470699486306	0.558364830063351	-1.2757874390594126e-17	
7.2 	0.4473951832057714	1.1224774261938037e-17	-0.11069005175585019	-0.11660386243521742	-0.11069005175585017	0.11660386243521742	0.5526048167942258	-1.1224774261938037e-17	
7.225 	0.45328831136894615	-1.117573108997007e-19	-0.11076213218511695	-0.11904838206343503	-0.11076213218511693	0.11904838206343503	0.5467116886310509	1.117573108997007e-19	
7.25 	0.4592926977510968	5.085325159958747e-19	-0.11083339818694181	-0.12105353493398706	-0.11083339818694181	0.12105353493398706	0.5407073022489001	-5.085325159958747e-19	
7.275 	0.4653862887911443	1.094946509721376e-17	-0.1109038329481181	-0.12261617628859353	-0.11090383294811809	0.12261617628859353	0.5346137112088526	-1.094946509721376e-17	
7.3 	0.47154691326466186	1.88231594963646e-18	-0.11097345075818972	-0.12373474314782006	-0.11097345075818965	0.12373474314782006	0.5284530867353351	-8.821209853543688e-18	
7.325 	0.4777523611459172	4.963090468894112e-19	-0.1110422984000972	-0.12440924431246253	-0.1110422984000972	0.12440924431246253	0.5222476388540799	-4.963090468894112e-19	
7.35 	0.4839804618326444	1.055291607058821e-17	-0.11111045529288645	-0.12464124489317802	-0.11111045529288638	0.12464124489317802	0.5160195381673526	-1.055291607058821e-17	
7.375 	0.4902091614634248	4.735244946531141e-19	-0.111178032374968	-0.12443384551084659	-0.11117803237496796	0.12443384551084659	0.5097908385365723	-4.735244946531141e-19	
7.4 	0.49641659906524027	5.696731402544864e-19	-0.11124516976222333	-0.12379165633232339	-0.11124516976222332	0.12379165633232339	0.5035834009347568	-5.696731402544864e-19	
7.425 	0.5025811812775064	1.5071109008754698e-18	-0.11131203326006252	-0.12272076612610476	-0.11131203326006252	0.12272076612610476	0.4974188187224908	-8.446004804782698e-18	
7.45 	0.508681655408556	-1.4294334727538453e-19	-0.11137880985070346	-0.12122870653961297	-0.11137880985070345	0.12122870653961297	0.49131834459144125	1.4294334727538453e-19	
7.475 	0.5146971805910012	1.0103966373088846e-17	-0.11144570231489748	-0.11932441181403312	-0.11144570231489749	0.11932441181403312	0.48530281940899633	-1.0103966373088846e-17	
7.5 	0.5206073968134866	1.215068929944775e-17	-0.11151292317966259	-0.11701817416376838	-0.11151292317966252	0.11701817416376838	0.4793926031865109	-1.215068929944775e-17	
7.525 	0.526392491617917	3.786365939338684e-19	-0.11158068820909976	-0.11432159505560627	-0.11158068820909971	0.11432159505560627	0.47360750838208054	-3.786365939338684e-19	
7.55 	0.5320332642631315	5.160918353398036e-19	-0.11164920967310174	-0.11124753262773471	-0.11164920967310174	0.11124753262773471	0.46796673573686626	-7.454985739247032e-18	
7.575 	0.5375111871680741	1.0918107648183838e-17	-0.11171868963803552	-0.10781004549106782	-0.11171868963803548	0.10781004549106782	0.4624888128319235	-1.0918107648183838e-17	
7.6 	0.5428084644596428	8.073244335847412e-18	-0.11178931352393094	-0.10402433315531198	-0.11178931352393094	0.10402433315531198	0.45719153554035497	-8.073244335847412e-18	
7.625 	0.5479080874624759	1.2112040451526366e-17	-0.11186124416428002	-0.09990667332029006	-0.11186124416428002	0.09990667332029006	0.4520919125375221	-1.2112040451526366e-17	
7.65 	0.5527938869798876	-5.289092024591766e-19	-0.11193461658752263	-0.09547435626978681	-0.11193461658752264	0.09547435626978683	0.4472061130201103	-6.409984701448052e-18	
7.675 	0.5574505822269279	1.1723154015273568e-17	-0.1120095337142344	-0.09074561660116136	-0.11200953371423432	0.09074561660116136	0.44254941777306983	-1.1723154015273568e-17	
7.7 	0.5618638262880958	5.85005264276269e-18	-0.11208606313181842	-0.08573956251977627	-0.11208606313181829	0.08573956251977627	0.43813617371190167	-5.85005264276269e-18	
7.725 	0.5660202479835957	8.171608413197197e-18	-0.11216423507025335	-0.08047610292348559	-0.11216423507025332	0.08047610292348559	0.4339797520164018	-8.171608413197197e-18	
7.75 	0.5699074900392037	6.463807413830714e-18	-0.11224404165950806	-0.07497587249950238	-0.11224404165950806	0.07497587249950238	0.4300925099607936	-6.463807413830714e-18	
7.775 	0.5735142434658889	7.924275456988837e-18	-0.11232543750311225	-0.06926015505435312	-0.1123254375031122	0.06926015505435312	0.4264857565341085	-7.924275456988837e-18	
7.8 	0.5768302780663525	6.442925831962096e-18	-0.1124083415547122	-0.0633508052976313	-0.11240834155471219	0.0633508052976313	0.4231697219336447	-6.442925831962096e-18	
7.825 	0.5798464689967315	8.229371618833613e-19	-0.11249264023693041	-0.05727016930206271	-0.11249264023693034	0.05727016930206271	0.4201535310032655	-4.2923841138369755e-18	
7.85 	0.582554819322914	-3.3110736972713254e-19	-0.11257819169619963	-0.05104100386604507	-0.11257819169619955	0.05104100386604508	0.417445180677083	-6.607786534180096e-18	
7.875 	0.5849484785223535	-1.1642660476239832e-18	-0.11266483104511339	-0.044686395010221834	-0.11266483104511334	0.044686395010221834	0.4150515214776434	1.1642660476239832e-18	
7.9 	0.5870217568940173	-1.16147095668276e-18	-0.112752376406753	-0.03822967584657544	-0.112752376406753	0.03822967584657544	0.4129782431059798	1.16147095668276e-18	
7.925 	0.5887701358512182	-3.127461027622022e-18	-0.11284063554481637	-0.031694344066625094	-0.11284063554481631	0.031694344066625094	0.41122986414877866	3.127461027622022e-18	
7.95 	0.5901902740846403	-2.414726892772743e-18	-0.11292941284033037	-0.025103979304142435	-0.11292941284033033	0.025103979304142435	0.40980972591535647	2.414726892772743e-18	
7.975 	0.5912800095958505	-2.5601854040281366e-18	-0.11301851636119041	-0.01848216063682895	-0.11301851636119035	0.01848216063682895	0.40871999040414636	5.013454870721535e-18	
8.0 	0.5920383576150419	-3.93816486653563e-18	-0.11310776476533681	-0.011852384500061253	-0.11310776476533675	0.011852384500061259	0.40796164238495486	4.656710857252221e-18	
8.025 	0.5924655044306033	-6.31709888530135e-18	-0.11319699378234274	-0.005237983293519808	-0.11319699378234266	0.005237983293519811	0.4075344955693932	6.242691011665444e-18	
8.05 	0.5925627971723095	-7.001631489132717e-18	-0.11328606203147541	0.0013379550322920053	-0.11328606203147536	-0.0013379550322920027	0.40743720282768675	6.927223615496812e-18	
8.075 	0.5923327296043964	-7.597229086121475e-18	-0.11337485595653193	0.007852666118472403	-0.1133748559565319	-0.0078526661184724	0.40766727039559975	7.089140343491367e-18	
8.1 	0.5917789239993916	-9.875578692859122e-18	-0.11346329368818814	0.01428378677623112	-0.1134632936881881	-0.014283786776231117	0.40822107600060464	1.1461486421564116e-17	
8.125 	0.5909061091782021	-9.781442616354874e-18	-0.11355132768220676	0.020609430709732222	-0.11355132768220673	-0.02060943070973222	0.409093890821794	1.0499988607071463e-17	
8.15 	0.5897200948164576	-1.534503712448369e-17	-0.11363894602530848	0.02680826209563059	-0.11363894602530847	-0.02680826209563059	0.41027990518353835	1.534503712448369e-17	
8.175 	0.5882277421313197	-1.6248769233188008e-17	-0.11372617234827537	0.03285956673886201	-0.1137261723482753	-0.032859566738862006	0.4117722578686762	1.2779322281234394e-17	
8.2 	0.5864369310767508	-1.489229067387246e-17	-0.11381306433620694	0.03874332053447518	-0.11381306433620691	-0.03874332053447518	0.41356306892324507	1.489229067387246e-17	
8.225 	0.5843565241884279	-1.414458076184881e-17	-0.11389971087696976	0.04444025497836647	-0.11389971087696978	-0.04444025497836647	0.4156434758115681	1.414458076184881e-17	
8.25 	0.5819963272319639	-1.3093365464105198e-17	-0.11398622793888805	0.049931919485393224	-0.11398622793888798	-0.049931919485393224	0.418003672768032	9.623918512151584e-18	
8.275 	0.5793670468197409	-1.3419509974961398e-17	-0.11407275331580696	0.05520074029110047	-0.11407275331580688	-0.05520074029110047	0.4206329531802551	9.950063023007783e-18	
8.3 	0.5764802451723654	-1.424902048505604e-17	-0.1141594404200533	0.06023007573272876	-0.11415944042005327	-0.060230075732728754	0.4235197548276309	1.0779573533102425e-17	
8.325 	0.5733482922104622	-1.443141157996353e-17	-0.11424645133998299	0.06500426772576479	-0.11424645133998292	-0.06500426772576479	0.426651707789534	1.443141157996353e-17	
8.35 	0.5699843151711846	-1.1750503390502011e-17	-0.11433394940737443	0.06950868927352483	-0.11433394940737444	-0.06950868927352483	0.43001568482881186	1.1750503390502011e-17	
8.375 	0.5664021459514014	-1.545179175760891e-17	-0.11442209153983837	0.07372978786861668	-0.11442209153983832	-0.07372978786861668	0.433597854048595	1.545179175760891e-17	
8.4 	0.5626162663860627	-1.499063898117568e-17	-0.114511020633916	0.07765512466614803	-0.11451102063391595	-0.07765512466614803	0.4373837336139338	1.499063898117568e-17	
8.425 	0.5586417516757299	-1.6262013793429464e-17	-0.11460085828519488	0.08127340932884697	-0.11460085828519485	-0.08127340932884697	0.4413582483242664	1.6262013793429464e-17	
8.45 	0.5544942121817712	-1.4105255646423496e-17	-0.11469169810254025	0.08457453046353781	-0.1146916981025402	-0.08457453046353781	0.44550578781822514	1.4105255646423496e-17	
8.475 	0.5501897338112846	-1.5441576625974273e-17	-0.11478359986468749	0.08754958158647635	-0.11478359986468747	-0.08754958158647635	0.4498102661887114	1.5441576625974273e-17	
8.5 	0.5457448172165216	-1.287694137238143e-17	-0.11487658473961833	0.09019088257181143	-0.11487658473961833	-0.09019088257181143	0.4542551827834745	1.287694137238143e-17	
8.525 	0.5411763160354679	-1.8366895796362814e-17	-0.11497063175127792	0.09249199655292975	-0.11497063175127784	-0.09249199655292975	0.4588236839645284	1.8366895796362814e-17	
8.55 	0.5365013744013954	-1.9738399945507806e-17	-0.11506567563554425	0.09444774226078405	-0.11506567563554426	-0.09444774226078405	0.463498625598601	1.9738399945507806e-17	
8.575 	0.5317373639496534	-1.7588947573265165e-17	-0.11516160617938098	0.09605420179671437	-0.11516160617938094	-0.09605420179671437	0.46826263605034296	1.7588947573265165e-17	
8.6 	0.5269018205497665	-1.8506883334529208e-17	-0.11525826908548235	0.09730872385002486	-0.11525826908548237	-0.09730872385002486	0.47309817945022975	1.8506883334529208e-17	
8.625 	0.5220123809900893	-1.2694647228614122e-17	-0.11535546835124817	0.0982099223829914	-0.11535546835124819	-0.0982099223829914	0.4779876190099068	1.2694647228614122e-17	
8.65 	0.5170867198408204	-1.317116409516477e-17	-0.11545297009747961	0.09875767081838019	-0.11545297009747954	-0.09875767081838019	0.4829132801591759	1.317116409516477e-17	
8.675 	0.5121424867191077	-1.2829719992398455e-17	-0.11555050773066537	0.09895309177726992	-0.1155505077306653	-0.09895309177726992	0.48785751328088867	1.2829719992398455e-17	
8.7 	0.5071972441772631	-1.1653236994396204e-17	-0.1156477882749539	0.09879854242826544	-0.11564778827495385	-0.09879854242826544	0.4928027558227333	1.1653236994396204e-17	
8.725 	0.5022684064316947	-1.2899605203037828e-17	-0.11574449966760546	0.09829759552327987	-0.11574449966760542	-0.09829759552327987	0.4977315935683016	1.2899605203037828e-17	
8.75 	0.4973731791460399	-1.8306695898350515e-17	-0.11584031877643058	0.09745501621006923	-0.11584031877643056	-0.09745501621006923	0.5026268208539566	1.8306695898350515e-17	
8.775 	0.4925285004770754	-1.9364248122665028e-17	-0.11593491987075155	0.09627673472765938	-0.11593491987075157	-0.09627673472765938	0.507471499522921	1.9364248122665028e-17	
8.8 	0.48775098358625957	-1.2683968357880624e-17	-0.11602798325980201	0.09476981510762911	-0.11602798325980201	-0.09476981510762911	0.5122490164137371	1.2683968357880624e-17	
8.825 	0.48305686081317223	-1.0358823996689426e-17	-0.1161192038048997	0.0929424200217254	-0.11611920380489968	-0.0929424200217254	0.5169431391868244	1.0358823996689426e-17	
8.85 	0.4784619296996556	-2.2516249910063907e-17	-0.11620829901455208	0.09080377193420706	-0.116208299014552	-0.09080377193420705	0.5215380703003409	8.63846210224945e-18	
8.875 	0.4739815010450815	-1.6116821107544835e-17	-0.11629501644484261	0.08836411073527513	-0.11629501644484254	-0.08836411073527513	0.526018498954915	1.6116821107544835e-17	
8.9 	0.4696303491639149	-1.558541550724832e-17	-0.11637914015061326	0.08563464804952625	-0.11637914015061324	-0.08563464804952625	0.5303696508360816	1.558541550724832e-17	
8.925 	0.4654226645066244	-1.553838092217791e-17	-0.1164604959653285	0.08262751843009077	-0.11646049596532848	-0.08262751843009077	0.5345773354933719	1.553838092217791e-17	
8.95 	0.4613720087940642	-1.6375939104177785e-17	-0.11653895542797083	0.07935572766450892	-0.11653895542797083	-0.07935572766450892	0.5386279912059322	1.6375939104177785e-17	
8.975 	0.45749127280380086	-1.4808573891673393e-17	-0.11661443822245755	0.07583309843199686	-0.11661443822245754	-0.07583309843199686	0.5425087271961957	1.4808573891673393e-17	
9.0 	0.45379263693458294	-1.436216660992846e-17	-0.11668691304721233	0.07207421356314053	-0.11668691304721239	-0.07207421356314053	0.5462073630654136	1.436216660992846e-17	
9.025 	0.45028753466236665	-1.29945644008163e-17	-0.11675639688779979	0.06809435716188597	-0.1167563968877998	-0.06809435716188597	0.5497124653376297	1.29945644008163e-17	
9.05 	0.4469866189881528	-1.2825059267430356e-17	-0.11682295272194526	0.06390945385572101	-0.11682295272194533	-0.06390945385572101	0.5530133810118437	1.2825059267430356e-17	
9.075 	0.4438997319645092	-1.4903058638923627e-17	-0.11688668574177367	0.05953600644302521	-0.11688668574177373	-0.05953600644302521	0.5561002680354874	1.4903058638923627e-17	
9.1 	0.4410358773741866	-1.324256189147289e-17	-0.11694773823069282	0.05499103220668707	-0.11694773823069285	-0.05499103220668707	0.5589641226258102	1.324256189147289e-17	
9.125 	0.438403196620838	-9.142991423282613e-18	-0.11700628328010361	0.05029199816035823	-0.11700628328010365	-0.05029199816035823	0.5615968033791586	9.142991423282613e-18	
9.15 	0.4360089478786584	-1.6137739736111022e-17	-0.11706251757232136	0.0454567554883601	-0.11706251757232145	-0.04545675548836009	0.5639910521213384	9.198845832203794e-18	
9.175 	0.43385948853488876	-7.806998713894034e-18	-0.1171166534892284	0.04050347343261959	-0.11711665348922844	-0.04050347343261959	0.5661405114651081	7.806998713894034e-18	
9.2 	0.43196026094669654	-5.664007673422274e-18	-0.11716891083007112	0.03545057287051266	-0.11716891083007112	-0.03545057287051266	0.5680397390533003	5.664007673422274e-18	
9.225 	0.4303157815220123	-6.7725642382655475e-18	-0.11721950843559073	0.030316659816633586	-0.11721950843559074	-0.030316659816633586	0.5696842184779848	6.7725642382655475e-18	
9.25 	0.42892963312254295	-6.520149317829879e-18	-0.11726865601885451	0.025120459069822177	-0.11726865601885451	-0.025120459069822177	0.571070366877454	4.785425841853072e-18	
9.275 	0.42780446077641743	-4.3838994123587665e-18	-0.11731654649562552	0.019880748214813677	-0.1173165464956255	-0.019880748214813674	0.5721955392235797	6.837168879052165e-18	
9.3 	0.4269419706777409	-3.80868550820035e-18	-0.11736334908913568	0.014616292176158022	-0.11736334908913575	-0.014616292176158016	0.5730580293222564	4.527231498916941e-18	
9.325 	0.4263429324407378	-5.240561415053089e-18	-0.11740920345636824	0.00934577851106372	-0.11740920345636831	-0.009345778511063716	0.5736570675592594	4.732472672422981e-18	
9.35 	0.42600718456707676	-5.0868626319760035e-18	-0.11745421504638	0.004087753617964612	-0.11745421504637998	-0.0040877536179646096	0.5739928154329204	5.012454758340097e-18	
9.375 	0.4259336430763504	-4.720768142522238e-18	-0.11749845185710461	-0.001139439970804614	-0.11749845185710468	0.001139439970804616	0.5740663569236466	4.863200703383432e-18	
9.4 	0.4261203132414408	-4.4220607841724145e-18	-0.11754194270702573	-0.0063177250506051795	-0.11754194270702578	0.006317725050605182	0.5738796867585563	4.347652910536508e-18	
9.425 	0.42656430436254994	-4.898580652444709e-18	-0.11758467708383905	-0.011429349803785606	-0.11758467708383907	0.01142934980378561	0.573435695637447	6.4844883811497036e-18	
9.45 	0.4272618475059416	-3.697705048044195e-18	-0.11762660657566362	-0.016456946303448853	-0.11762660657566362	0.016456946303448856	0.5727381524940555	4.416251038760786e-18	
9.475 	0.42820831612582605	-4.39954495063952e-18	-0.1176676478334682	-0.021383587310313465	-0.11766764783346825	0.02138358731031347	0.571791683874171	5.1180909413561114e-18	
9.5 	0.42939824948027555	-3.0857570877219447e-18	-0.11770768695817908	-0.026192841211871327	-0.11770768695817907	0.026192841211871327	0.5706017505197218	3.0857570877219447e-18	
9.525 	0.4308253787445062	-3.0151277578657014e-18	-0.11774658515435411	-0.030868824952735574	-0.11774658515435417	0.030868824952735574	0.569174621255491	3.0151277578657014e-18	
9.55 	0.43248265571729755	-4.760435097858463e-18	-0.11778418544619712	-0.03539625480429777	-0.11778418544619713	0.03539625480429777	0.5675173442826998	4.760435097858463e-18	
9.575 	0.4343622840086953	-4.0252133131702765e-18	-0.11782032021266978	-0.039760494821044705	-0.11782032021266978	0.039760494821044705	0.5656377159913021	4.0252133131702765e-18	
9.6 	0.4364557525895131	-6.243280782380891e-18	-0.11785481926797468	-0.04394760283060913	-0.1178548192679747	0.04394760283060913	0.5635442474104846	2.7738338304272766e-18	
9.625 	0.4387538715755025	-1.1433901083607118e-18	-0.11788751819282563	-0.04794437380531806	-0.11788751819282572	0.04794437380531806	0.5612461284244951	1.1433901083607118e-18	
9.65 	0.44124681011150607	-5.66339597470983e-19	-0.11791826661149833	-0.05173838046509115	-0.11791826661149836	0.05173838046509115	0.5587531898884912	5.66339597470983e-19	
9.675 	0.44392413621347876	-8.551161328274371e-19	-0.11794693611007115	-0.0553180109653957	-0.11794693611007113	0.0553180109653957	0.5560758637865187	8.551161328274371e-19	
9.7 	0.44677485841909337	1.4689754274529177e-19	-0.11797342750257887	-0.05867250352986699	-0.11797342750257891	0.05867250352986699	0.5532251415809042	-1.4689754274529177e-19	
9.725 	0.44978746909081957	-1.5719279076423734e-19	-0.11799767717364051	-0.06179197789532843	-0.11799767717364058	0.06179197789532843	0.5502125309091777	1.5719279076423734e-19	
9.75 	0.45294998920900015	4.04179271747642e-18	-0.11801966225776289	-0.06466746344736474	-0.11801966225776293	0.06466746344736474	0.547050010790997	-4.04179271747642e-18	
9.775 	0.45625001448666475	3.55040330267323e-18	-0.1180394044558621	-0.06729092393725973	-0.11803940445586213	0.06729092393725973	0.5437499855133324	-3.55040330267323e-18	
9.8 	0.45967476263272516	7.816682011246718e-18	-0.1180569723371751	-0.06965527868585042	-0.11805697233717512	0.06965527868585042	0.5403252373672721	-7.816682011246718e-18	
9.825 	0.46321112158587624	4.958014073197963e-18	-0.11807248202794182	-0.07175442019640409	-0.11807248202794182	0.07175442019640409	0.5367888784141213	-4.958014073197963e-18	
9.85 	0.46684569853807933	8.404667005753485e-18	-0.11808609624515043	-0.07358322811664637	-0.11808609624515048	0.07358322811664637	0.5331543014619181	-8.404667005753485e-18	
9.875 	0.47056486956398685	1.522603878745235e-17	-0.11809802169218125	-0.07513757950914182	-0.11809802169218128	0.07513757950914182	0.5294351304360106	-1.522603878745235e-17	
9.9 	0.4743548296711109	1.5664215437031343e-17	-0.1181085048912716	-0.07641435540889324	-0.11810850489127163	0.07641435540889324	0.5256451703288867	-1.5664215437031343e-17	
9.925 	0.478201643084985	1.2855136591991545e-17	-0.11811782658326038	-0.07741144366681467	-0.11811782658326045	0.07741144366681467	0.5217983569150128	-1.2855136591991545e-17	
9.95 	0.4820912935839828	1.618603440275719e-17	-0.11812629487605311	-0.07812773809718095	-0.11812629487605313	0.07812773809718095	0.5179087064160147	-1.618603440275719e-17	
9.975 	0.48600973469983894	1.2196811356729473e-17	-0.11813423736786595	-0.07856313396584134	-0.11813423736786602	0.07856313396584134	0.5139902653001587	-1.2196811356729473e-17	
10.0 	0.4899429396021947	1.4929537709947438e-17	-0.11814199250796142	-0.07871851987353957	-0.11814199250796148	0.07871851987353957	0.510057060397803	-1.4929537709947438e-17	
10.025 	0.4938769504886265	1.3969405290548868e-17	-0.11814990048499566	-0.07859576610481966	-0.11814990048499567	0.07859576610481966	0.506123049511371	-1.3969405290548868e-17	
10.05 	0.4977979273055007	1.3282637675347845e-17	-0.1181582939503029	-0.07819770952751613	-0.1181582939503029	0.07819770952751613	0.5022020726944967	-1.3282637675347845e-17	
10.075 	0.5016921956295813	1.3020182239015721e-17	-0.11816748888985965	-0.07752813514062863	-0.1181674888898597	0.07752813514062863	0.4983078043704164	-1.3020182239015721e-17	
10.1 	0.5055462935454874	1.1969758209705697e-17	-0.1181777759541156	-0.07659175437945645	-0.11817777595411563	0.07659175437945645	0.49445370645451037	-1.1969758209705697e-17	
10.125 	0.5093470173597877	1.1608737101877079e-17	-0.11818941253953576	-0.0753941802963095	-0.11818941253953577	0.0753941802963095	0.49065298264021007	-1.1608737101877079e-17	
10.15 	0.5130814659986348	1.497998861337044e-17	-0.11820261589014147	-0.07394189974308345	-0.11820261589014149	0.07394189974308345	0.48691853400136287	-1.497998861337044e-17	
10.175 	0.5167370839423343	1.3773408841691025e-17	-0.1182175574524922	-0.07224224268872338	-0.1182175574524922	0.07224224268872338	0.48326291605766336	-1.3773408841691025e-17	
10.2 	0.5203017025570392	1.430230419681652e-17	-0.11823435867465358	-0.0703033488103771	-0.11823435867465362	0.0703033488103771	0.47969829744295855	-1.430230419681652e-17	
10.225 	0.5237635796908332	1.414382270464612e-17	-0.11825308839025393	-0.06813413150216094	-0.11825308839025386	0.06813413150216094	0.4762364203091645	-1.414382270464612e-17	
10.25 	0.5271114374087801	1.1193841471814841e-17	-0.11827376187447089	-0.0657442394502225	-0.11827376187447095	0.06574423945022251	0.4728885625912177	-1.813273537572207e-17	
10.275 	0.5303344977490694	1.0928633728123641e-17	-0.11829634160159308	-0.06314401592746775	-0.11829634160159304	0.06314401592746777	0.46966550225092846	-1.786752763203087e-17	
10.3 	0.5334225163901744	1.1262208125968333e-17	-0.11832073967563402	-0.06034445596615479	-0.11832073967563402	0.0603444559661548	0.4665774836098234	-1.4731655077921947e-17	
10.325 	0.5363658141269806	1.3341197110349929e-17	-0.11834682184836111	-0.05735716157171723	-0.11834682184836104	0.05735716157171723	0.46363418587301725	-1.3341197110349929e-17	
10.35 	0.5391553060621408	1.3710965870664059e-17	-0.1183744129849758	-0.054194295146765326	-0.11837441298497578	0.054194295146765326	0.46084469393785704	-1.3710965870664059e-17	
10.375 	0.5417825284275195	1.0074451798063144e-17	-0.11840330378843612	-0.05086853130023837	-0.11840330378843611	0.05086853130023837	0.45821747157247816	-1.3543898750016758e-17	
10.4 	0.5442396629594873	1.6113546564461802e-17	-0.11843325855072259	-0.047393007223081034	-0.1184332585507226	0.047393007223081034	0.4557603370405101	-1.6113546564461802e-17	
10.425 	0.5465195587610654	1.3154127956504556e-17	-0.11846402366470121	-0.04378127181844031	-0.11846402366470117	0.04378127181844031	0.45348044123893233	-1.3154127956504556e-17	
10.45 	0.5486157515934826	1.3882169143284035e-17	-0.11849533660483696	-0.040047233781008516	-0.11849533660483696	0.040047233781008516	0.4513842484065153	-1.3882169143284035e-17	
10.475 	0.5505224805496052	1.1038737740031247e-17	-0.11852693506973705	-0.0362051088264928	-0.11852693506973702	0.0362051088264928	0.4494775194503928	-1.1038737740031247e-17	
10.5 	0.5522347020718876	8.631809009792139e-18	-0.11855856597489865	-0.03226936627795397	-0.11855856597489861	0.03226936627795397	0.4477652979281102	-8.631809009792139e-18	
10.525 	0.5537481012879626	9.742112875009955e-18	-0.11858999399027349	-0.028254675220588634	-0.11858999399027348	0.028254675220588638	0.4462518987120352	-1.1476836350986762e-17	
10.55 	0.5550591006476563	1.0561825798596192e-17	-0.1186210093341136	-0.024175850440092635	-0.1186210093341136	0.024175850440092635	0.4449408993523416	-1.0561825798596192e-17	
10.575 	0.5561648658560342	9.984779454480164e-18	-0.11865143456145155	-0.020047798361730318	-0.11865143456145151	0.02004779836173032	0.44383513414396364	-9.266233463763573e-18	
10.6 	0.5570633091079465	8.987488976778844e-18	-0.11868113012154148	-0.015885463207378363	-0.11868113012154143	0.015885463207378367	0.44293669089205107	-6.534219510085446e-18	
10.625 	0.5577530896403691	8.424392581167027e-18	-0.11870999850236015	-0.011703773585916124	-0.11870999850236014	0.011703773585916129	0.44224691035962854	-7.705846590450436e-18	
10.65 	0.55823361162951	6.582823329419125e-18	-0.11873798683028935	-0.007517589728277624	-0.11873798683028931	0.0075175897282776264	0.4417663883704876	-6.657231203055032e-18	
10.675 	0.5585050194700754	5.4323548876578456e-18	-0.11876508784758737	-0.0033416515722339713	-0.11876508784758735	0.003341651572233974	0.44149498052992237	-5.506762761293752e-18	
10.7 	0.5585681904841334	4.27764680885807e-18	-0.11879133924724589	0.0008094721063944305	-0.11879133924724586	-0.0008094721063944281	0.4414318095158642	-4.297844573869701e-18	
10.725 	0.558424725116609	2.259897914833129e-18	-0.11881682140231006	0.004921433329730009	-0.11881682140231001	-0.0049214333297300066	0.44157527488338866	-2.3343057884690353e-18	
10.75 	0.5580769346834543	8.43493736871698e-19	-0.11884165358264491	0.008980153146718834	-0.11884165358264485	-0.008980153146718833	0.44192306531654346	-1.351582479501806e-18	
10.775 	0.5575278267469358	-2.0201857303131786e-18	-0.11886598880449357	0.012971868294029935	-0.1188659888044935	-0.012971868294029932	0.44247217325306176	3.6060934590181734e-18	
10.8 	0.5567810882001579	-3.230844641313959e-18	-0.11889000750514916	0.016883176142562344	-0.11889000750514912	-0.01688317614256234	0.44321891179983985	5.6841141080073575e-18	
10.825 	0.5558410661498866	-8.076446957690065e-18	-0.11891391027501064	0.02070107779820308	-0.11891391027501051	-0.02070107779820307	0.44415893385011107	8.794992948406656e-18	
10.85 	0.5547127466929335	-7.139956620456191e-18	-0.1189379099108546	0.02441301924069037	-0.1189379099108546	-0.024413019240690368	0.4452872533070644	5.405233144479384e-18	
10.875 	0.55340173168678	-9.11387944451233e-18	-0.1189622230762644	0.028006930399374682	-0.11896222307626429	-0.028006930399374682	0.44659826831321786	9.11387944451233e-18	
10.9 	0.551914213619833	-1.3102116544141633e-17	-0.11898706186710817	0.03147126207893227	-0.11898706186710813	-0.03147126207893227	0.4480857863801649	1.3102116544141633e-17	
10.925 	0.5502569486907064	-1.800513221984968e-17	-0.11901262558141025	0.034795020661319925	-0.11901262558141015	-0.034795020661319925	0.4497430513092915	1.800513221984968e-17	
10.95 	0.5484372282093095	-2.192188898857159e-17	-0.11903909298393742	0.03796780052217782	-0.11903909298393743	-0.03796780052217782	0.4515627717906884	2.192188898857159e-17	
10.975 	0.5464628484353444	-2.0046390789103274e-17	-0.11906661533673395	0.04097981411028489	-0.11906661533673392	-0.04097981411028489	0.45353715156465346	2.0046390789103274e-17	
11.0 	0.5443420789721582	-2.2173189844914667e-17	-0.11909531043841605	0.04382191964743106	-0.11909531043841597	-0.04382191964743106	0.4556579210278396	2.2173189844914667e-17	
11.025 	0.5420836298358449	-2.090306478335287e-17	-0.1191252578783537	0.046485646413170045	-0.11912525787835365	-0.046485646413170045	0.4579163701641528	2.090306478335287e-17	
11.05 	0.539696617321122	-2.353792856662499e-17	-0.11915649566824378	0.04896321758442425	-0.1191564956682438	-0.04896321758442424	0.4603033826788758	2.0068481614671375e-17	
11.075 	0.5371905287869032	-2.4192838155338412e-17	-0.11918901836457901	0.05124757060398543	-0.11918901836457899	-0.05124757060398543	0.4628094712130945	2.4192838155338412e-17	
11.1 	0.5345751864857101	-2.780123995877175e-17	-0.11922277674286534	0.05333237505481986	-0.11922277674286529	-0.05333237505481985	0.46542481351428766	2.433179300681814e-17	
11.125 	0.531860710562166	-2.3686930343894896e-17	-0.1192576790299765	0.05521204801903657	-0.11925767902997647	-0.055212048019036564	0.4681392894378316	2.0217483391941282e-17	
11.15 	0.5290574813468404	-2.3498519148779842e-17	-0.11929359364663637	0.056881766901743853	-0.11929359364663636	-0.05688176690174385	0.4709425186531572	2.0029072196826228e-17	
11.175 	0.5261761010726675	-2.4392477522919902e-17	-0.11933035335956527	0.05833747970115958	-0.11933035335956521	-0.05833747970115958	0.4738238989273299	2.4392477522919902e-17	
11.2 	0.5232273551420695	-2.442922279664898e-17	-0.11936776069410804	0.05957591270761267	-0.11936776069410802	-0.05957591270761267	0.4767726448579277	2.0959775844695364e-17	
11.225 	0.5202221730737362	-2.6056398286432594e-17	-0.11940559441483954	0.06059457561581862	-0.11940559441483951	-0.06059457561581862	0.4797778269262612	2.6056398286432594e-17	
11.25 	0.5171715892587382	-2.5653742832941416e-17	-0.1194436168451925	0.06139176403733594	-0.11944361684519246	-0.06139176403733594	0.48282841074125926	2.5653742832941416e-17	
11.275 	0.5140867036562217	-2.310813999188577e-17	-0.11948158176880304	0.06196655940366435	-0.11948158176880307	-0.06196655940366435	0.4859132963437759	2.310813999188577e-17	
11.3 	0.5109786425592917	-2.6027954519364722e-17	-0.11951924263598507	0.06231882625521809	-0.11951924263598511	-0.06231882625521809	0.48902135744070563	2.6027954519364722e-17	
11.325 	0.5078585195617884	-2.45471980021386e-17	-0.11955636078915091	0.06244920691750879	-0.11955636078915088	-0.06244920691750879	0.49214148043820893	2.45471980021386e-17	
11.35 	0.5047373968564055	-2.434755788152972e-17	-0.11959271342141399	0.062359113573335435	-0.11959271342141396	-0.062359113573335435	0.4952626031435917	2.0878110929576106e-17	
11.375 	0.5016262469939553	-2.4442789294777745e-17	-0.11962810099298313	0.062050717748555174	-0.1196281009929832	-0.062050717748555174	0.498373753006042	2.097334234282413e-17	
11.4 	0.4985359152324526	-2.6189191876174276e-17	-0.11966235384989173	0.06152693723897521	-0.11966235384989171	-0.06152693723897521	0.5014640847675447	2.6189191876174276e-17	
11.425 	0.49547708260304796	-2.4976721338145213e-17	-0.11969533781837519	0.06079142051687	-0.11969533781837526	-0.06079142051687	0.5045229173969489	2.4976721338145213e-17	
11.45 	0.49246022981762455	-2.5057978043498316e-17	-0.11972695858476028	0.059848528667343505	-0.11972695858476026	-0.059848528667343505	0.5075397701823727	2.5057978043498316e-17	
11.475 	0.4894956021400536	-2.5066898586795714e-17	-0.11975716471374065	0.05870331491693555	-0.11975716471374062	-0.05870331491693555	0.5105043978599436	2.5066898586795714e-17	
11.5 	0.4865931753396859	-2.8292762966417216e-17	-0.11978594920584314	0.05736150182920127	-0.11978594920584319	-0.057361501829201265	0.5134068246603113	2.4823316014463602e-17	
11.525 	0.48376262284160176	-2.372228895803843e-17	-0.1198133495459961	0.05582945625415734	-0.11981334954599611	-0.05582945625415734	0.5162373771583953	2.372228895803843e-17	
11.55 	0.48101328418351297	-2.5279944262014012e-17	-0.11983944624758713	0.054114162130179694	-0.11983944624758718	-0.054114162130179694	0.5189867158164844	2.5279944262014012e-17	
11.575 	0.4783541348839972	-1.820603150473196e-17	-0.11986435994836094	0.05222319124787663	-0.11986435994836095	-0.05222319124787663	0.521645865116	1.820603150473196e-17	
11.6 	0.47579375782102135	-2.0376290833473523e-17	-0.11988824716412078	0.05016467209541196	-0.11988824716412082	-0.05016467209541196	0.5242062421789758	2.0376290833473523e-17	
11.625 	0.47334031621350536	-2.3936385214898266e-17	-0.11991129485172834	0.04794725691352987	-0.11991129485172843	-0.04794725691352987	0.5266596837864916	2.3936385214898266e-17	
11.65 	0.47100152829207953	-1.9381557842503477e-17	-0.11993371397276731	0.0455800870960159	-0.11993371397276738	-0.0455800870960159	0.5289984717079174	1.9381557842503477e-17	
11.675 	0.4687846437382378	-1.6541387238612637e-17	-0.11995573228209136	0.04307275707745497	-0.11995573228209144	-0.04307275707745496	0.5312153562617595	1.3071940286659024e-17	
11.7 	0.4666964219638734	-1.84314915385424e-17	-0.11997758659023386	0.040435276854926816	-0.11997758659023393	-0.040435276854926816	0.533303578036124	1.84314915385424e-17	
11.725 	0.4647431122957608	-9.169939792832164e-18	-0.1199995147645311	0.03767803329377344	-0.11999951476453116	-0.03767803329377344	0.5352568877042366	9.169939792832164e-18	
11.75 	0.4629304361219735	-1.1084984129880225e-17	-0.12002174774034538	0.0348117503699003	-0.12002174774034545	-0.0348117503699003	0.5370695638780242	7.615537177926611e-18	
11.775 	0.4612635710495705	5.230874175510846e-19	-0.1200445018108578	0.03184744850239113	-0.12004450181085789	-0.03184744850239113	0.5387364289504272	-5.230874175510846e-19	
11.8 	0.45974713711518267	5.232153329573192e-18	-0.12006797145174651	0.028796403130707828	-0.12006797145174658	-0.028796403130707828	0.5402528628848152	-5.232153329573192e-18	
11.825 	0.4583851850824097	4.052882343646303e-18	-0.12009232291621669	0.025670102690612463	-0.12009232291621676	-0.025670102690612463	0.5416148149175883	-4.052882343646303e-18	
11.85 	0.4571811868522538	2.6198325959172316e-18	-0.12011768880714195	0.022480206142382476	-0.12011768880714195	-0.022480206142382476	0.5428188131477442	-2.6198325959172316e-18	
11.875 	0.4561380280051506	4.4929401130883714e-18	-0.12014416379760384	0.019238500204074	-0.12014416379760391	-0.019238500204074	0.5438619719948475	-2.039670646394973e-18	
11.9 	0.45525800248554454	4.638115660721781e-18	-0.12017180163019875	0.01595685644167388	-0.12017180163019875	-0.015956856441673876	0.5447419975144537	-3.9195696700051894e-18	
11.925 	0.45454280943238956	8.219446381885105e-18	-0.12020061348059564	0.012647188367081317	-0.12020061348059569	-0.012647188367081312	0.5454571905676089	-7.500900391168514e-18	
11.95 	0.4539935521514244	7.66173014925447e-18	-0.12023056772357361	0.009321408694042925	-0.12023056772357363	-0.009321408694042924	0.5460064478485741	-8.169818891884579e-18	
11.975 	0.45361073921758915	8.376077815090127e-18	-0.1202615910917984	0.005991386901446605	-0.12026159109179849	-0.005991386901446603	0.5463892607824092	-8.450485688726032e-18	
