0.0 	0.9999999999999997	0.0	-6.223285321735373e-19	0.0	-3.251767952832689e-17	0.0	5.9779208748350985e-34	0.0	
0.025 	0.9993751928429476	-3.271952442673036e-19	-3.0679422324188776e-07	0.024984577755147053	-3.0679422320065096e-07	-0.024984577755147053	0.0006248071570520916	3.271952442673036e-19	
0.05 	0.9975030793180248	1.1834000767709505e-18	-4.761328248703744e-06	0.04987699022973004	-4.761328248659491e-06	-0.04987699022973004	0.0024969206819747893	-1.1834000767709505e-18	
0.075 	0.9943905382858558	9.39594322188257e-19	-2.293267767894272e-05	0.07458684523597217	-2.2932677678871803e-05	-0.07458684523597217	0.005609461714143717	-9.39594322188257e-19	
0.1 	0.9900488921342355	-3.5730903756302087e-19	-6.773434901986834e-05	0.09902700345300527	-6.773434901989675e-05	-0.09902700345300527	0.009951107865763965	3.5730903756302087e-19	
0.125 	0.9844937171703336	-2.8413384990240875e-18	-0.00015211260037278316	0.12311456589187782	-0.00015211260037282847	-0.12311456589187782	0.01550628282966583	2.8413384990240875e-18	
0.15 	0.9777446183320524	2.015434811453698e-18	-0.00028629794745451526	0.1467713181022124	-0.0002862979474545181	-0.1467713181022124	0.022255381667946994	-2.015434811453698e-18	
0.175 	0.9698249936069069	2.9929390225651935e-18	-0.0004764349506023378	0.1699237223057012	-0.0004764349506022722	-0.1699237223057012	0.0301750063930926	-2.9929390225651935e-18	
0.2 	0.9607618065188485	3.1174004499726714e-18	-0.0007247306458695871	0.19250263550827768	-0.0007247306458695959	-0.19250263550827768	0.039238193481151054	-3.1174004499726714e-18	
0.225 	0.9505853755258231	7.786603900800124e-19	-0.0010306231697332024	0.2144429440732221	-0.0010306231697331267	-0.2144429440732221	0.0494146244741765	-7.786603900800124e-19	
0.25 	0.9393291806728575	2.1885287942087987e-18	-0.001392161959785824	0.23568325638992874	-0.0013921619597858515	-0.23568325638992874	0.060670819327141856	-2.1885287942087987e-18	
0.275 	0.9270296826538212	6.3545370237391974e-18	-0.0018069139722475711	0.2561657180415695	-0.0018069139722476063	-0.2561657180415695	0.0729703173461782	-6.3545370237391974e-18	
0.3 	0.9137261480717332	2.8698501391881837e-18	-0.0022721463969662247	0.2758359430817542	-0.0022721463969662824	-0.2758359430817542	0.08627385192826612	-2.8698501391881837e-18	
0.325 	0.8994604761920398	-4.34953257875754e-18	-0.002784518465863474	0.29464301348553534	-0.002784518465863468	-0.29464301348553534	0.1005395238079595	4.34953257875754e-18	
0.35 	0.8842770251858054	-8.996254640134654e-18	-0.0033397788321503185	0.31253949197994735	-0.003339778832150245	-0.31253949197994735	0.11572297481419398	8.996254640134654e-18	
0.375 	0.8682224382042257	6.4772427700718185e-18	-0.003932889349901251	0.32948141232436706	-0.003932889349901286	-0.32948141232436706	0.1317775617957738	-6.4772427700718185e-18	
0.4 	0.8513454707082974	-1.2324758776161046e-17	-0.004558659003576225	0.3454282399870557	-0.004558659003576303	-0.3454282399870557	0.14865452929170203	1.2324758776161046e-17	
0.425 	0.8336968201827034	7.257433923545368e-18	-0.005212595043402172	0.36034282030922693	-0.005212595043402181	-0.36034282030922693	0.16630317981729603	-7.257433923545368e-18	
0.45 	0.8153289581815667	-1.3451860100941914e-17	-0.005891494800345999	0.3741913416591611	-0.005891494800345967	-0.3741913416591611	0.18467104181843266	1.3451860100941914e-17	
0.475 	0.7962959633500543	-8.00438606713236e-18	-0.0065934212104841764	0.38694333578408385	-0.006593421210484114	-0.38694333578408385	0.2037040366499453	8.00438606713236e-18	
0.5 	0.7766533533451785	1.2276172854626945e-17	-0.007317055016270953	0.3985717206189936	-0.007317055016270918	-0.3985717206189936	0.223346646654821	-1.2276172854626945e-17	
0.525 	0.7564579138351384	5.326494374317482e-18	-0.008060786890974099	0.4090528702329221	-0.00806078689097413	-0.4090528702329221	0.24354208616486125	-5.326494374317482e-18	
0.55 	0.7357675239363863	1.2224888513583477e-17	-0.008822079969032016	0.4183666817172155	-0.008822079969031971	-0.4183666817172155	0.2642324760636132	-1.2224888513583477e-17	
0.575 	0.7146409790660786	-2.703653990732696e-18	-0.009597491710814454	0.42649660703806386	-0.009597491710814414	-0.42649660703806386	0.285359020933921	2.703653990732696e-18	
0.6 	0.6931378135086043	3.9170548297380656e-18	-0.010383368257956917	0.4334296313386039	-0.010383368257956946	-0.4334296313386039	0.30686218649139535	-3.9170548297380656e-18	
0.625 	0.6713181253507127	3.114428784849909e-18	-0.011176827871449715	0.4391562029001787	-0.011176827871449716	-0.4391562029001787	0.3286818746492869	-3.114428784849909e-18	
0.65 	0.6492424055739633	2.651334620395138e-18	-0.011976463222471331	0.4436701429852321	-0.01197646322247137	-0.4436701429852321	0.3507575944260363	-2.651334620395138e-18	
0.675 	0.6269713713562588	3.285029154665906e-18	-0.012782330082341522	0.4469685738090671	-0.01278233008234152	-0.4469685738090671	0.3730286286437411	-3.285029154665906e-18	
0.7 	0.6045658018861086	-3.725996804449008e-18	-0.013595183094011642	0.44905189289466085	-0.013595183094011658	-0.44905189289466085	0.39543419811389136	3.725996804449008e-18	
0.725 	0.5820863742032228	-7.799071856087398e-18	-0.01441535009733995	0.44992379519708076	-0.014415350097339937	-0.44992379519708076	0.41791362579677727	7.799071856087398e-18	
0.75 	0.5595934972945039	-4.21278201531574e-18	-0.0152418598132444	0.44959131381493744	-0.015241859813244382	-0.44959131381493744	0.4404065027054962	4.21278201531574e-18	
0.775 	0.5371471446520221	1.1596442762046188e-17	-0.016072320034668103	0.4480648328574124	-0.01607232003466811	-0.4480648328574124	0.46285285534797804	-1.1596442762046188e-17	
0.8 	0.5148066877456369	-1.219465215746297e-17	-0.01690364102783301	0.44535803349333847	-0.01690364102783299	-0.44535803349333847	0.4851933122543632	1.219465215746297e-17	
0.825 	0.49263073412267566	1.3406337253358175e-18	-0.017733229831624727	0.4414877646677031	-0.01773322983162466	-0.4414877646677031	0.5073692658773243	-1.3406337253358175e-18	
0.85 	0.47067697330765945	8.673421587150869e-18	-0.018560006480328	0.4364738680760854	-0.018560006480328035	-0.4364738680760854	0.5293230266923407	-3.642899720277978e-17	
0.875 	0.44900203148830015	-1.1392580487994535e-18	-0.019384671230001663	0.43033901133235347	-0.01938467123000163	-0.43033901133235347	0.5509979685117001	1.1392580487994535e-18	
0.9 	0.4276613332618447	-8.500138063849687e-18	-0.020209047967008308	0.42310857849609906	-0.020209047967008273	-0.42310857849609906	0.5723386667381554	8.500138063849687e-18	
0.925 	0.4067089669995662	2.633644249777911e-18	-0.021034831110240067	0.41481063367296483	-0.02103483111024008	-0.41481063367296483	0.5932910330004338	-2.633644249777911e-18	
0.95 	0.38619755072551876	6.074771762603169e-18	-0.02186239691759407	0.4054759286380183	-0.021862396917594097	-0.4054759286380183	0.6138024492744815	-6.074771762603169e-18	
0.975 	0.3661780977338865	8.316736462356993e-18	-0.022690319120603313	0.3951378947495635	-0.022690319120603358	-0.3951378947495635	0.6338219022661136	-8.316736462356993e-18	
1.0 	0.34669988425336984	-1.852323161000083e-18	-0.02351585939063358	0.38383256174457736	-0.023515859390633602	-0.38383256174457736	0.65330011574663	1.852323161000083e-18	
1.025 	0.3278103235494408	3.8035447827543976e-18	-0.024336182257553025	0.3715983820791314	-0.02433618225755299	-0.3715983820791314	0.6721896764505592	-3.8035447827543976e-18	
1.05 	0.30955485065717697	-5.1597430786476336e-18	-0.025149653299953986	0.3584759901573185	-0.025149653299954	-0.3584759901573185	0.690445149342823	5.1597430786476336e-18	
1.075 	0.2919768194441847	-1.0981722403411495e-17	-0.025956531384568653	0.34450796213005086	-0.025956531384568667	-0.34450796213005086	0.7080231805558154	1.0981722403411495e-17	
1.1 	0.2751174102485604	-6.743709248478245e-18	-0.02675868758272038	0.3297386417889563	-0.026758687582720344	-0.3297386417889563	0.7248825897514397	6.743709248478245e-18	
1.125 	0.25901554389024967	1.1626967368570061e-18	-0.02755850137714178	0.3142140596522709	-0.027558501377141737	-0.3142140596522709	0.7409844561097507	-1.1626967368570061e-18	
1.15 	0.24370779788962135	-3.321871142733005e-18	-0.028357519253568688	0.2979819164094575	-0.028357519253568705	-0.2979819164094575	0.7562922021103791	3.321871142733005e-18	
1.175 	0.2292283233265237	5.168059858025717e-19	-0.029155579021907022	0.2810915606154768	-0.029155579021906984	-0.2810915606154768	0.7707716766734768	-5.168059858025717e-19	
1.2 	0.21560876450943034	3.1732363406808497e-18	-0.029950845473608798	0.263593888960749	-0.029950845473608788	-0.263593888960749	0.7843912354905702	-3.1732363406808497e-18	
1.225 	0.2028781863319219	5.061527607121861e-18	-0.03074071307068511	0.2455411383867508	-0.030740713070685124	-0.2455411383867508	0.7971218136680788	-5.061527607121861e-18	
1.25 	0.1910630142124039	1.9778607818122115e-18	-0.03152307630488064	0.22698660059188142	-0.03152307630488063	-0.22698660059188142	0.8089369857875968	-1.9778607818122115e-18	
1.275 	0.18018698869250888	1.226792357069801e-18	-0.03229729179742958	0.20798433583945783	-0.0322972917974296	-0.20798433583945783	0.8198130113074916	-1.226792357069801e-18	
1.3 	0.17027113262974886	6.4483236090476694e-18	-0.03306434590767633	0.1885889663571757	-0.033064345907676373	-0.1885889663571757	0.8297288673702515	-6.4483236090476694e-18	
1.325 	0.1613337258307301	2.844885851735297e-19	-0.0338261840872344	0.16885558599243405	-0.033826184087234416	-0.16885558599243405	0.8386662741692704	-2.844885851735297e-19	
1.35 	0.15339028179548314	-1.0667983763381302e-18	-0.03458460517107903	0.14883975561076443	-0.034584605171079065	-0.14883975561076443	0.8466097182045175	1.0667983763381302e-18	
1.375 	0.1464535242214165	-2.2501408350767764e-18	-0.03534033220545758	0.12859750124572783	-0.035340332205457625	-0.12859750124572783	0.8535464757785838	2.2501408350767764e-18	
1.4 	0.1405333654549437	-3.104693259731862e-18	-0.03609273740508091	0.10818522552338083	-0.03609273740508089	-0.10818522552338083	0.8594666345450566	3.104693259731862e-18	
1.425 	0.13563689260381345	-1.308960056715191e-18	-0.036840311024981025	0.08765948832446246	-0.03684031102498104	-0.08765948832446246	0.8643631073961869	1.308960056715191e-18	
1.45 	0.1317683674229072	-1.1062305685646368e-18	-0.037581548702171556	0.06707668620803224	-0.03758154870217161	-0.06707668620803224	0.8682316325770932	1.1062305685646368e-18	
1.475 	0.12892924295184036	-4.401511872991456e-19	-0.038315723161694855	0.04649272082030704	-0.03831572316169483	-0.04649272082030704	0.8710707570481598	4.401511872991456e-19	
1.5 	0.12711819481275158	1.8128231431037436e-19	-0.03904311352972761	0.025962759065017802	-0.039043113529727634	-0.025962759065017802	0.8728818051872487	-1.8128231431037436e-19	
1.525 	0.12633116084377477	3.297167147241947e-20	-0.039764613920313926	0.0055411430279771285	-0.03976461392031402	-0.0055411430279771285	0.8736688391562256	-3.297167147241947e-20	
1.55 	0.1265613817621117	-2.2059570334925856e-19	-0.04048101980658666	-0.014718571506720833	-0.040481019806586645	0.014718571506720833	0.8734386182378887	2.2059570334925856e-19	
1.575 	0.12779943850331632	1.830043983550981e-19	-0.04119247159643633	-0.034763539689151066	-0.04119247159643635	0.034763539689151066	0.8722005614966838	-1.830043983550981e-19	
1.6 	0.1300332872920447	-6.314280571109255e-19	-0.04189841539221301	-0.054541629851134095	-0.041898415392213034	0.054541629851134095	0.8699667127079557	6.314280571109255e-19	
1.625 	0.13324829849021974	3.862305128674893e-20	-0.042598097229951296	-0.0740015789129593	-0.04259809722995126	0.0740015789129593	0.8667517015097808	-3.862305128674893e-20	
1.65 	0.13742730711691095	1.2457179819531365e-18	-0.04329125072148399	-0.09309329547370478	-0.04329125072148397	0.09309329547370478	0.8625726928830895	-1.2457179819531365e-18	
1.675 	0.14255068054730513	-2.320387538723565e-18	-0.04397849132109073	-0.11176822463952413	-0.04397849132109069	0.11176822463952413	0.8574493194526953	2.320387538723565e-18	
1.7 	0.14859640342860292	6.914185938815212e-18	-0.044661093441905116	-0.1299796516454758	-0.044661093441905116	0.1299796516454758	0.8514035965713974	-6.914185938815212e-18	
1.725 	0.15554017410494644	-5.0887125637620406e-18	-0.045340212737385685	-0.14768284787636335	-0.045340212737385664	0.14768284787636335	0.844459825895054	5.0887125637620406e-18	
1.75 	0.16335550379812416	1.6627690624743677e-18	-0.04601599651876154	-0.1648350394100535	-0.04601599651876158	0.1648350394100535	0.8366444962018764	-1.6627690624743677e-18	
1.775 	0.1720138110213042	-5.900734808102791e-18	-0.04668716160834616	-0.18139526492725783	-0.04668716160834613	0.18139526492725783	0.8279861889786966	5.900734808102791e-18	
1.8 	0.181484508574107	-2.14472921771835e-18	-0.047351404965591384	-0.19732424224823233	-0.04735140496559138	0.19732424224823233	0.8185154914258937	2.14472921771835e-18	
1.825 	0.19173508649987342	1.36912943943403e-18	-0.04800654594606665	-0.21258435493995909	-0.04800654594606663	0.21258435493995909	0.8082649135001271	-1.36912943943403e-18	
1.85 	0.20273119856619284	-6.1256224425402836e-18	-0.048651836426877225	-0.22713980769203715	-0.048651836426877176	0.22713980769203715	0.7972688014338075	6.1256224425402836e-18	
1.875 	0.21443676014134758	4.146334193726997e-18	-0.04928869191920079	-0.24095691407560685	-0.0492886919192008	0.24095691407560685	0.7855632398586527	-4.146334193726997e-18	
1.9 	0.22681406173013835	-3.846508300234927e-18	-0.04992032950706137	-0.2540044152534006	-0.049920329507061406	0.2540044152534006	0.7731859382698619	3.846508300234927e-18	
1.925 	0.23982389675928267	-8.289104986900813e-18	-0.0505503546183731	-0.2662537138713534	-0.05055035461837311	0.2662537138713534	0.7601761032407176	8.289104986900813e-18	
1.95 	0.25342569723372355	-1.1365779028734543e-17	-0.051180932585547116	-0.2776789481610785	-0.0511809325855471	0.2776789481610785	0.7465743027662765	1.1365779028734543e-17	
1.975 	0.26757766891038637	5.999034104212204e-18	-0.05181148220182046	-0.2882569047936008	-0.05181148220182043	0.2882569047936008	0.7324223310896136	-5.999034104212204e-18	
2.0 	0.2822369193994515	-4.528460444168357e-18	-0.05243864493619932	-0.2979668387916863	-0.05243864493619934	0.2979668387916863	0.7177630806005485	4.528460444168357e-18	
2.025 	0.2973595770667069	-9.38599460163679e-18	-0.05305767674147301	-0.30679030304046967	-0.053057676741473055	0.30679030304046967	0.7026404229332931	9.38599460163679e-18	
2.05 	0.312900903585693	-2.549007191236014e-18	-0.053664675159966306	-0.3147110760614782	-0.053664675159966306	0.3147110760614782	0.6870990964143071	2.549007191236014e-18	
2.075 	0.32881540624179495	1.7842093979726603e-18	-0.05425857488764978	-0.32171522511058975	-0.054258574887649805	0.32171522511058975	0.6711845937582052	-1.7842093979726603e-18	
2.1 	0.34505695634613803	-3.0410904326237544e-18	-0.05484188879010108	-0.32779127831213706	-0.054841888790101115	0.32779127831213706	0.6549430436538621	3.0410904326237544e-18	
2.125 	0.3615789175139382	5.180834600004937e-18	-0.05541974539398402	-0.332930432702966	-0.055419745393984005	0.332930432702966	0.6384210824860619	-5.180834600004937e-18	
2.15 	0.37833428343837144	8.189626890568832e-18	-0.05599760704187358	-0.33712671278761486	-0.055997607041873634	0.33712671278761486	0.6216657165616288	-8.189626890568832e-18	
2.175 	0.3952758209854407	4.047607756751211e-18	-0.05657872749758099	-0.3403770180539455	-0.05657872749758103	0.3403770180539455	0.6047241790145597	-4.047607756751211e-18	
2.2 	0.4123562124695399	-6.1481006811557125e-19	-0.057162573890493895	-0.3426810445149308	-0.05716257389049391	0.3426810445149308	0.5876437875304604	6.1481006811557125e-19	
2.225 	0.42952819147382915	1.1271100308020104e-17	-0.05774499783172173	-0.34404111395118947	-0.05774499783172177	0.34404111395118947	0.5704718085261711	-1.1271100308020104e-17	
2.25 	0.44674466915334843	1.0431242789748514e-18	-0.05832010392925869	-0.34446197608769846	-0.058320103929258724	0.34446197608769846	0.553255330846652	-1.0431242789748514e-18	
2.275 	0.4639588514430347	2.896334533013624e-18	-0.058882943389925696	-0.34395065296640626	-0.05888294338992568	0.34395065296640626	0.5360411485569654	-2.896334533013624e-18	
2.3 	0.48112435058084396	1.092201860669016e-17	-0.05943176282765721	-0.34251637190162837	-0.059431762827657164	0.34251637190162837	0.5188756494191564	-1.092201860669016e-17	
2.325 	0.4981952957258972	-5.698209571808224e-18	-0.05996875931316165	-0.34017059385900494	-0.059968759313161694	0.34017059385900494	0.5018047042741033	5.698209571808224e-18	
2.35 	0.5151264467484566	-4.706272922673004e-18	-0.06049901822584469	-0.3369271035004831	-0.0604990182258447	0.3369271035004831	0.484873553251544	4.706272922673004e-18	
2.375 	0.5318733128401385	-7.703034195091707e-18	-0.06102817706600628	-0.33280210100437685	-0.06102817706600629	0.33280210100437685	0.46812668715986216	7.703034195091707e-18	
2.4 	0.548392274445495	-5.16718265274055e-18	-0.061559939497968244	-0.32781423411849747	-0.06155993949796829	0.32781423411849747	0.4516077255545056	5.16718265274055e-18	
2.425 	0.5646407044347489	1.0316666300679318e-17	-0.062094585953147804	-0.32198453243546743	-0.062094585953147784	0.32198453243546743	0.4353592955652519	-1.0316666300679318e-17	
2.45 	0.5805770834852383	-6.334490953022343e-19	-0.06262910220886955	-0.31533624521548836	-0.06262910220886955	0.31533624521548836	0.41942291651476243	6.334490953022343e-19	
2.475 	0.5961611057155023	-6.23205037680272e-18	-0.06315875632290402	-0.30789462289281466	-0.06315875632290399	0.30789462289281466	0.4038388942844984	6.23205037680272e-18	
2.5 	0.6113537732596477	-2.1363956897286054e-18	-0.06367929467923944	-0.29968670384270973	-0.06367929467923944	0.29968670384270973	0.38864622674035315	2.1363956897286054e-18	
2.525 	0.6261174815224628	-6.999104892134146e-18	-0.06418870990896361	-0.29074116218438006	-0.06418870990896365	0.29074116218438006	0.3738825184775379	6.999104892134146e-18	
2.55 	0.6404160989568424	-8.858624478172922e-18	-0.06468782999837415	-0.28108824159978396	-0.06468782999837419	0.28108824159978396	0.35958390104315807	8.858624478172922e-18	
2.575 	0.6542150454180478	-1.4555318968896515e-18	-0.06517960264696307	-0.27075975852079753	-0.06517960264696303	0.27075975852079753	0.34578495458195263	1.4555318968896515e-18	
2.6 	0.6674813714236738	-1.2580675905981396e-17	-0.06566756783429463	-0.25978912539108545	-0.06566756783429462	0.25978912539108545	0.3325186285763264	1.2580675905981396e-17	
2.625 	0.6801838378636225	4.057046296298999e-18	-0.06615432306526198	-0.24821133677351714	-0.06615432306526203	0.24821133677351714	0.3198161621363779	-1.7934834104113455e-17	
2.65 	0.6922929932430286	-1.56569291820818e-18	-0.06664067145571223	-0.23606288124336597	-0.06664067145571224	0.23606288124336597	0.30770700675697155	1.56569291820818e-18	
2.675 	0.7037812445861078	-5.952295192528181e-18	-0.06712571116889425	-0.22338157924002028	-0.06712571116889426	0.22338157924002028	0.29621875541389214	5.952295192528181e-18	
2.7 	0.7146229190537751	-3.601793253547421e-18	-0.06760763310856763	-0.21020638150631243	-0.06760763310856764	0.21020638150631243	0.285377080946225	3.601793253547421e-18	
2.725 	0.7247943155134557	4.402966405681962e-18	-0.068084699513526	-0.19657717647647852	-0.06808469951352604	0.19657717647647852	0.2752056844865443	-4.402966405681962e-18	
2.75 	0.7342737474938296	1.2896185596697169e-19	-0.06855590103749776	-0.1825346418815794	-0.06855590103749774	0.1825346418815794	0.26572625250617044	-1.2896185596697169e-19	
2.775 	0.7430415799901855	5.612398282295222e-18	-0.06902107022489254	-0.16812014512894044	-0.0690210702248926	0.16812014512894044	0.2569584200098142	-5.612398282295222e-18	
2.8 	0.7510802620347271	-4.206109893407921e-18	-0.06948057114327445	-0.15337566780441525	-0.06948057114327448	0.15337566780441525	0.24891973796527278	4.206109893407921e-18	
2.825 	0.7583743553588416	-1.9025784273336123e-18	-0.06993488693550287	-0.13834371958568525	-0.06993488693550286	0.13834371958568525	0.24162564464115852	1.9025784273336123e-18	
2.85 	0.7649105580087295	5.166633856827441e-19	-0.07038439565965891	-0.12306722131832203	-0.07038439565965891	0.12306722131832203	0.2350894419912705	-5.166633856827441e-19	
2.875 	0.7706777214571228	-2.286437804084903e-18	-0.0708294170247113	-0.10758936555330949	-0.07082941702471131	0.10758936555330949	0.22932227854287693	2.286437804084903e-18	
2.9 	0.7756668608010263	-2.4397139623041186e-18	-0.07127038685466272	-0.0919534854163194	-0.07127038685466275	0.0919534854163194	0.22433313919897363	2.4397139623041186e-18	
2.925 	0.7798711592825304	1.2421774139862388e-18	-0.07170792588337865	-0.07620296220802697	-0.07170792588337865	0.07620296220802697	0.2201288407174697	-1.2421774139862388e-18	
2.95 	0.7832859693252379	-3.3414234151319463e-19	-0.07214266724657228	-0.06038117605880209	-0.07214266724657227	0.06038117605880209	0.2167140306747622	3.3414234151319463e-19	
2.975 	0.7859088115733723	-1.0888876054737934e-18	-0.07257491556271246	-0.044531467297163396	-0.07257491556271244	0.044531467297163396	0.21409118842662778	1.0888876054737934e-18	
3.0 	0.7877393711288184	2.960079297120802e-19	-0.07300437732495665	-0.028697053546740417	-0.07300437732495672	0.028697053546740417	0.21226062887118177	-2.0307314056888873e-18	
3.025 	0.788779487539632	-7.297941570029018e-20	-0.07343020158789387	-0.012920858156250376	-0.07343020158789379	0.012920858156250376	0.2112205124603683	7.297941570029018e-20	
3.05 	0.7890331338722049	-2.6063824144253964e-19	-0.07385138713727864	0.0027547500372932673	-0.07385138713727867	-0.002754750037293267	0.21096686612779533	-1.7304262755166213e-19	
3.075 	0.7885063816377796	-3.941934232101824e-19	-0.07426735855183485	0.01828824861929228	-0.07426735855183482	-0.01828824861929228	0.21149361836222066	3.941934232101824e-19	
3.1 	0.787207352260642	4.2324030890324095e-19	-0.07467835853322204	0.03363919161610241	-0.07467835853322198	-0.03363919161610241	0.21279264773935846	-4.2324030890324095e-19	
3.125 	0.7851461604220273	1.3749917703721385e-18	-0.07508536742314494	0.04876829424458994	-0.07508536742314487	-0.04876829424458994	0.21485383957797305	-1.3749917703721385e-18	
3.15 	0.7823348574605424	-8.050173445017421e-18	-0.07548952948691146	0.063637348843368	-0.07548952948691143	-0.063637348843368	0.21766514253945793	1.111279541110193e-18	
3.175 	0.7787873821047486	-1.8134615608360285e-18	-0.07589138886488431	0.0782090324412009	-0.07589138886488427	-0.0782090324412009	0.22121261789525168	1.8134615608360285e-18	
3.2 	0.7745195209843532	-1.303951319131513e-17	-0.07629041223379526	0.0924467319136558	-0.07629041223379524	-0.09244673191365578	0.22548047901564722	-8.382746164993272e-19	
3.225 	0.7695488745563032	1.715959718156004e-18	-0.07668516728943368	0.10631452174940824	-0.07668516728943367	-0.10631452174940824	0.23045112544369725	-1.715959718156004e-18	
3.25 	0.7638948185496961	-4.696494877786548e-19	-0.07707416506003462	0.11977737017832372	-0.07707416506003462	-0.11977737017832372	0.2361051814503044	4.696494877786548e-19	
3.275 	0.7575784497634395	2.285765877049916e-18	-0.07745695014127495	0.13280154469388045	-0.07745695014127488	-0.13280154469388045	0.24242155023656095	-2.285765877049916e-18	
3.3 	0.750622509165342	1.1560880613688695e-19	-0.07783478975109391	0.14535508650014053	-0.07783478975109394	-0.14535508650014053	0.2493774908346583	-1.1560880613688695e-19	
3.325 	0.7430512832523911	3.484671622012191e-18	-0.07821044045242925	0.157408176345096	-0.07821044045242927	-0.157408176345096	0.25694871674760916	-3.484671622012191e-18	
3.35 	0.7348904929857466	3.1542282298469753e-18	-0.0785869355513516	0.16893324907600968	-0.07858693555135159	-0.16893324907600968	0.2651095070142537	-3.1542282298469753e-18	
3.375 	0.726167184337006	5.109648932942588e-18	-0.07896590844116634	0.17990481924865165	-0.07896590844116629	-0.17990481924865165	0.2738328156629944	-5.109648932942588e-18	
3.4 	0.7169096331346133	4.708492515405117e-18	-0.07934632801487003	0.19029910814934523	-0.07934632801486999	-0.19029910814934523	0.283090366865387	-4.708492515405117e-18	
3.425 	0.7071472698357691	-1.3574484909659487e-17	-0.07972443665863987	0.20009365371804563	-0.07972443665863987	-0.2000936537180456	0.29285273016423136	-3.033028981549701e-19	
3.45 	0.6969106201259989	2.6228797784325072e-18	-0.08009514090870384	0.20926709558962434	-0.08009514090870382	-0.20926709558962434	0.3030893798740014	-2.6228797784325072e-18	
3.475 	0.6862312492153212	-4.292970618152711e-18	-0.0804543535995678	0.21779925169560252	-0.08045435359956779	-0.21779925169560252	0.3137687507846792	4.292970618152711e-18	
3.5 	0.6751416949794434	4.408555062843749e-18	-0.0808012091673026	0.22567147450384034	-0.0808012091673026	-0.22567147450384034	0.324858305020557	-4.408555062843749e-18	
3.525 	0.6636753789190053	-5.807688482894174e-19	-0.08113900007342928	0.2328671517944362	-0.08113900007342932	-0.2328671517944362	0.3363246210809951	5.807688482894174e-19	
3.55 	0.6518664925783533	2.3172124804230634e-18	-0.08147420323508552	0.23937215373095772	-0.08147420323508549	-0.23937215373095772	0.34813350742164734	-1.619500028823752e-17	
3.575 	0.6397498667479072	-3.035540005030527e-19	-0.08181386396697769	0.2451750518280781	-0.08181386396697765	-0.2451750518280781	0.3602501332520936	3.035540005030527e-19	
3.6 	0.6273608372741115	2.8883567139664546e-18	-0.08216244741136493	0.25026703354968405	-0.08216244741136496	-0.25026703354968405	0.3726391627258893	-2.8883567139664546e-18	
3.625 	0.6147351219385545	3.0801997886037725e-18	-0.08251961836919008	0.2546415633782613	-0.08251961836919004	-0.2546415633782613	0.3852648780614463	-3.0801997886037725e-18	
3.65 	0.6019087176050825	1.343225348313292e-17	-0.08288006179645335	0.25829394130635247	-0.08288006179645334	-0.25829394130635247	0.39809128239491826	-1.343225348313292e-17	
3.675 	0.5889178181533846	1.2482898222759566e-17	-0.08323554524917087	0.26122094182039035	-0.08323554524917087	-0.26122094182039035	0.411082181846616	-1.2482898222759566e-17	
3.7 	0.5757987453964263	1.3212605555459997e-17	-0.08357837574502856	0.2634206713945825	-0.08357837574502854	-0.2634206713945825	0.42420125460357444	-1.3212605555459997e-17	
3.725 	0.5625878805979634	6.104941793352737e-18	-0.08390472334245964	0.2648926841894371	-0.08390472334245967	-0.2648926841894371	0.4374121194020374	-6.104941793352737e-18	
3.75 	0.5493215849713778	8.524796602213723e-18	-0.08421631082346033	0.265638288126863	-0.08421631082346032	-0.265638288126863	0.450678415028623	-8.524796602213723e-18	
3.775 	0.5360361029631191	9.992357584121277e-18	-0.08451970271711248	0.26566090110270085	-0.08451970271711247	-0.26566090110270085	0.46396389703688184	-9.992357584121277e-18	
3.8 	0.5227674496841799	7.156166040932214e-18	-0.08482352218821242	0.2649663062358349	-0.08482352218821242	-0.2649663062358349	0.4772325503158211	-7.156166040932214e-18	
3.825 	0.5095512903741306	-4.618105978233003e-18	-0.08513485832900519	0.2635627050641176	-0.0851348583290052	-0.2635627050641176	0.4904487096258702	4.618105978233003e-18	
3.85 	0.49642282276808647	2.4492041494060604e-18	-0.08545645813627445	0.2614605533120627	-0.08545645813627446	-0.2614605533120627	0.5035771772319144	-2.4492041494060604e-18	
3.875 	0.48341667181700015	1.2441497437032186e-17	-0.08578588501162182	0.25867224801709454	-0.08578588501162185	-0.25867224801709454	0.5165833281830006	-1.2441497437032186e-17	
3.9 	0.4705668013425407	-2.226199210805303e-18	-0.08611688930485097	0.2552117841858107	-0.08611688930485104	-0.2552117841858107	0.5294331986574599	2.226199210805303e-18	
3.925 	0.4579064411246245	8.044046911084719e-18	-0.08644223909784718	0.2510944974096368	-0.08644223909784718	-0.2510944974096368	0.5420935588753759	-8.044046911084719e-18	
3.95 	0.4454680231323196	2.1157773286755524e-18	-0.08675667120084773	0.2463369614013832	-0.08675667120084779	-0.2463369614013832	0.5545319768676807	-2.1157773286755524e-18	
3.975 	0.4332831188807021	-2.711131290940542e-18	-0.08705869164962192	0.24095703935546534	-0.08705869164962197	-0.24095703935546534	0.5667168811192984	2.711131290940542e-18	
4.0 	0.42138237160187586	3.1006095462097657e-18	-0.08735059924592659	0.23497402571480502	-0.08735059924592654	-0.23497402571480502	0.5786176283981244	-3.1006095462097657e-18	
4.025 	0.409795421002492	2.091073957733261e-18	-0.08763697109121484	0.22840878518318006	-0.08763697109121484	-0.22840878518318006	0.5902045789975083	-2.091073957733261e-18	
4.05 	0.398550822900736	-6.844046263400185e-18	-0.08792250309791416	0.22128380810665219	-0.08792250309791416	-0.22128380810665219	0.6014491770992644	6.844046263400185e-18	
4.075 	0.38767596904605606	2.9976657218389876e-18	-0.08821025085121649	0.21362314655090212	-0.08821025085121653	-0.21362314655090212	0.6123240309539445	-2.9976657218389876e-18	
4.1 	0.37719701281259177	2.116526345744203e-18	-0.08850095289730278	0.2054522506579888	-0.0885009528973028	-0.2054522506579888	0.6228029871874089	-2.116526345744203e-18	
4.125 	0.3671388043804158	-1.3355750856526532e-17	-0.08879348438207497	0.1967977642861185	-0.08879348438207503	-0.19679776428611848	0.632861195619585	-5.22036951287925e-19	
4.15 	0.3575248357518125	5.050546147343562e-18	-0.08908593829530274	0.18768734554860053	-0.08908593829530273	-0.18768734554860053	0.6424751642481881	-5.050546147343562e-18	
4.175 	0.3483771932164679	-1.4065000136275315e-18	-0.08937663429493145	0.17814955138328387	-0.08937663429493145	-0.17814955138328387	0.6516228067835323	1.4065000136275315e-18	
4.2 	0.3397165139858825	2.275091109176267e-18	-0.08966456313749918	0.16821378191689657	-0.08966456313749914	-0.16821378191689657	0.6602834860141177	-2.275091109176267e-18	
4.225 	0.33156194490691754	-3.9311375877441e-18	-0.0899492155777628	0.15791024451270366	-0.08994921557776281	-0.15791024451270366	0.6684380550930827	3.9311375877441e-18	
4.25 	0.3239311035218864	-2.2545964516530845e-19	-0.09023013670587046	0.14726988881438693	-0.09023013670587048	-0.14726988881438693	0.6760688964781139	2.2545964516530845e-19	
4.275 	0.31684004371268065	1.556439342485213e-18	-0.09050666620603055	0.13632428734141686	-0.09050666620603054	-0.13632428734141686	0.6831599562873196	-1.556439342485213e-18	
4.3 	0.3103032284320721	6.7886023967183126e-18	-0.09077812812727017	0.12510547755282736	-0.09077812812727018	-0.12510547755282736	0.6896967715679285	-6.7886023967183126e-18	
4.325 	0.30433351028360234	-6.532501639383392e-19	-0.0910443690027367	0.11364581580178364	-0.09104436900273667	-0.11364581580178364	0.6956664897163981	6.532501639383392e-19	
4.35 	0.2989421179111093	2.2577329483211898e-18	-0.09130625279590868	0.10197789865568141	-0.09130625279590861	-0.10197789865568141	0.7010578820888911	-2.2577329483211898e-18	
4.375 	0.29413864403085777	-9.525478829782315e-19	-0.0915656929087686	0.09013457571989383	-0.09156569290876863	-0.09013457571989383	0.705861355969143	9.525478829782315e-19	
4.4 	0.2899310310331829	-1.1707865575072617e-18	-0.09182505770848767	0.0781490245232272	-0.09182505770848762	-0.0781490245232272	0.7100689689668178	1.1707865575072617e-18	
4.425 	0.28632555281708777	3.3121599872084427e-18	-0.09208617321715301	0.06605481126203078	-0.09208617321715304	-0.06605481126203078	0.7136744471829127	-3.3121599872084427e-18	
4.45 	0.28332679580213543	-1.3942473510801593e-18	-0.09234942883897092	0.053885850020147695	-0.09234942883897093	-0.053885850020147695	0.7166732041978653	1.3942473510801593e-18	
4.475 	0.28093764571054247	1.860811191922368e-19	-0.09261349160922294	0.04167620953234078	-0.09261349160922296	-0.04167620953234078	0.7190623542894584	-1.860811191922368e-19	
4.5 	0.2791592875709929	4.569073583146261e-20	-0.09287583749293753	0.02945978743583021	-0.09287583749293753	-0.02945978743583021	0.7208407124290077	-4.569073583146261e-20	
4.525 	0.2779912235293847	-1.3372789014259913e-19	-0.09313387448937537	0.017269943468949858	-0.09313387448937534	-0.017269943468949858	0.7220087764706156	1.3372789014259913e-19	
4.55 	0.27743130740381333	-9.255999101822278e-20	-0.09338610483520758	0.005139217251406374	-0.0933861048352076	-0.005139217251406374	0.7225686925961872	9.255999101822278e-20	
4.575 	0.27747578901160114	-8.939703490776297e-20	-0.09363274006249048	-0.006900768869112149	-0.0936327400624905	0.00690076886911215	0.722524210988399	-7.779647030806406e-19	
4.6 	0.27811935804213644	-1.398967192945915e-19	-0.09387546695621501	-0.01881919868022268	-0.09387546695621497	0.01881919868022268	0.7218806419578636	1.398967192945915e-19	
4.625 	0.2793551784761275	1.3741142422519875e-19	-0.09411650974475795	-0.030585814029888424	-0.09411650974475792	0.030585814029888424	0.7206448215238724	-1.3741142422519875e-19	
4.65 	0.28117490997816963	7.907021202106959e-19	-0.09435749808584058	-0.0421706672482659	-0.0943574980858406	0.0421706672482659	0.7188250900218303	-7.907021202106959e-19	
4.675 	0.28356871995398036	-1.703426251764005e-18	-0.09459873359407392	-0.05354401547523618	-0.09459873359407388	0.05354401547523618	0.7164312800460197	1.703426251764005e-18	
4.7 	0.28652529572120533	-3.610425978884785e-18	-0.0948392103373659	-0.06467643629272342	-0.09483921033736588	0.06467643629272343	0.7134747042787948	-3.3284679250224432e-18	
4.725 	0.29003186778913137	-1.6450587447246178e-18	-0.09507732527579403	-0.07553914455732222	-0.09507732527579402	0.07553914455732222	0.709968132210869	1.6450587447246178e-18	
4.75 	0.2940742518490836	-6.140386914742977e-19	-0.09531184857697336	-0.08610440046303154	-0.09531184857697339	0.08610440046303154	0.7059257481509167	6.140386914742977e-19	
4.775 	0.2986369103586916	3.261693880507114e-18	-0.09554261037500372	-0.09634586117647796	-0.09554261037500374	0.09634586117647796	0.7013630896413089	-3.261693880507114e-18	
4.8 	0.30370302772561336	2.6028520944590266e-18	-0.09577055184933461	-0.10623875966447359	-0.09577055184933461	0.10623875966447359	0.696296972274387	-2.6028520944590266e-18	
4.825 	0.30925458921272714	-1.2682868699895258e-18	-0.09599716323121976	-0.11575987733694244	-0.09599716323121969	0.11575987733694244	0.6907454107872734	1.2682868699895258e-18	
4.85 	0.3152724543946183	1.2532417072017703e-18	-0.09622366863167431	-0.12488736974464659	-0.09622366863167436	0.12488736974464659	0.684727545605382	-1.2532417072017703e-18	
4.875 	0.3217364206084741	-6.211095605716388e-18	-0.09645042713522987	-0.13360056173246204	-0.09645042713522994	0.13360056173246204	0.6782635793915262	6.211095605716388e-18	
4.9 	0.32862527784166323	2.9582090757824255e-18	-0.09667685156042571	-0.14187982508588862	-0.09667685156042574	0.14187982508588862	0.6713747221583375	-2.9582090757824255e-18	
4.925 	0.33591686089042644	-2.171048329482548e-19	-0.09690181621341487	-0.14970659454511895	-0.0969018162134148	0.14970659454511895	0.6640831391095741	2.171048329482548e-19	
4.95 	0.3435881054745172	9.831970448474445e-19	-0.09712424054878399	-0.15706350048759268	-0.09712424054878395	0.15706350048759268	0.6564118945254834	-9.831970448474445e-19	
4.975 	0.35161511233134085	1.291897243770153e-18	-0.0973434697284426	-0.16393454005343513	-0.09734346972844267	0.16393454005343513	0.64838488766866	-1.291897243770153e-18	
5.0 	0.359973218979904	1.968605926639545e-18	-0.09755925837588594	-0.17030520065972415	-0.09755925837588594	0.17030520065972415	0.6400267810200968	-1.968605926639545e-18	
5.025 	0.36863707540139534	5.9100981613888295e-18	-0.09777147253037786	-0.17616249080295968	-0.09777147253037785	0.17616249080295968	0.6313629245986052	-5.9100981613888295e-18	
5.05 	0.37758071919839625	-4.37266854908017e-18	-0.09797984677028532	-0.18149489650920084	-0.09797984677028532	0.18149489650920084	0.6224192808016046	4.37266854908017e-18	
5.075 	0.3867776480597507	-4.78824439808744e-19	-0.09818410839510319	-0.18629233024582886	-0.09818410839510319	0.18629233024582886	0.61322235194025	4.78824439808744e-19	
5.1 	0.3962008910417997	-4.4826685260072734e-18	-0.09838450466334986	-0.19054614447800117	-0.09838450466334984	0.19054614447800117	0.6037991089582011	4.4826685260072734e-18	
5.125 	0.4058230829186256	-2.7740760961625826e-18	-0.09858240911049292	-0.19424924079608416	-0.0985824091104929	0.19424924079608416	0.594176917081375	2.7740760961625826e-18	
5.15 	0.4156165457978796	1.2961998499136762e-18	-0.09878048340704444	-0.19739624037690856	-0.09878048340704441	0.19739624037690856	0.584383454202121	-1.2961998499136762e-18	
5.175 	0.425553379048344	-6.905461493447432e-19	-0.0989820045863765	-0.19998362921383714	-0.09898200458637649	0.19998362921383714	0.5744466209516564	6.905461493447432e-19	
5.2 	0.4356055538261365	-4.387262027854455e-18	-0.09918941471685461	-0.20200978324001814	-0.09918941471685465	0.20200978324001814	0.5643944461738641	4.387262027854455e-18	
5.225 	0.4457450046560444	-2.3390870666461605e-18	-0.0994026866562846	-0.2034748230507876	-0.09940268665628463	0.2034748230507876	0.5542549953439564	2.3390870666461605e-18	
5.25 	0.4559437099056367	-4.088585161462772e-18	-0.09961840568861013	-0.2043803266517127	-0.09961840568861013	0.2043803266517127	0.5440562900943642	4.088585161462772e-18	
5.275 	0.46617375639358277	-2.1174828928615267e-18	-0.09983030810485745	-0.20472900389601317	-0.09983030810485743	0.20472900389601317	0.5338262436064183	2.1174828928615267e-18	
5.3 	0.4764073896307861	-2.220258036084793e-18	-0.10003139530120995	-0.20452446982749106	-0.10003139530120989	0.20452446982749106	0.523592610369215	2.220258036084793e-18	
5.325 	0.4866170576107837	-9.40865630348786e-19	-0.10021692335630555	-0.2037712258988604	-0.10021692335630555	0.2037712258988604	0.5133829423892173	9.40865630348786e-19	
5.35 	0.4967754596356315	4.283898504824674e-20	-0.10038697091544325	-0.2024748761226515	-0.10038697091544325	0.2024748761226515	0.5032245403643696	-4.283898504824674e-20	
5.375 	0.506855610457544	-1.829434331241134e-18	-0.10054726782898264	-0.20064250317407933	-0.1005472678289827	0.20064250317407933	0.493144389542457	1.829434331241134e-18	
5.4 	0.5168309241363994	-7.242899080602525e-19	-0.10070761560963923	-0.1982830518418645	-0.10070761560963926	0.1982830518418645	0.48316907586360147	7.242899080602525e-19	
5.425 	0.5266753136526269	-4.708476597546092e-18	-0.10087829909306757	-0.1954075499027438	-0.10087829909306754	0.1954075499027438	0.473324686347374	4.708476597546092e-18	
5.45 	0.5363632948890461	-5.080766911054627e-19	-0.10106588396018745	-0.19202905045554972	-0.10106588396018742	0.19202905045554972	0.46363670511095484	5.080766911054627e-19	
5.475 	0.5458700803010726	4.04547682840386e-18	-0.10127021691728674	-0.18816228548796882	-0.10127021691728676	0.18816228548796882	0.45412991969892824	-4.04547682840386e-18	
5.5 	0.5551716500273673	-5.5640817728171364e-18	-0.10148404295018384	-0.1838231356737291	-0.10148404295018386	0.1838231356737291	0.44482834997263365	5.5640817728171364e-18	
5.525 	0.5642447956172466	6.9060782891180754e-18	-0.10169556590962064	-0.1790280985591058	-0.1016955659096206	0.1790280985591058	0.4357552043827544	-6.9060782891180754e-18	
5.55 	0.573067141141198	2.2815267901403708e-18	-0.10189298365259979	-0.17379394335681847	-0.10189298365259979	0.17379394335681847	0.42693285885880283	-2.2815267901403708e-18	
5.575 	0.5816171544027409	1.0787558312861217e-18	-0.10206912537223135	-0.16813767091804654	-0.10206912537223138	0.16813767091804654	0.4183828455972603	-1.0787558312861217e-18	
5.6 	0.5898741640409282	2.460470507525881e-18	-0.1022242378612388	-0.16207677849636318	-0.10222423786123871	0.16207677849636318	0.41012583595907304	-2.460470507525881e-18	
5.625 	0.5978183951695264	-4.199493916525836e-18	-0.10236576054430199	-0.1556297080143733	-0.10236576054430191	0.1556297080143733	0.4021816048304746	4.199493916525836e-18	
5.65 	0.6054310280122484	4.154827063479766e-18	-0.10250523612143586	-0.1488162829260522	-0.10250523612143582	0.1488162829260522	0.39456897198775265	-4.154827063479766e-18	
5.675 	0.6126942740048108	-4.526373966690257e-18	-0.10265372427091779	-0.1416579429558073	-0.10265372427091778	0.1416579429558073	0.38730572599519036	4.526373966690257e-18	
5.7 	0.6195914560436457	1.2751231956543416e-18	-0.102817669162226	-0.13417766661021024	-0.102817669162226	0.13417766661021024	0.38040854395635537	-1.2751231956543416e-18	
5.725 	0.6261070770747164	-1.6238583661463949e-18	-0.10299687711585558	-0.12639959532545958	-0.10299687711585555	0.12639959532545958	0.37389292292528464	1.6238583661463949e-18	
5.75 	0.6322268649577578	-1.5683481999592597e-18	-0.10318526160576316	-0.11834848935062338	-0.10318526160576325	0.11834848935062338	0.36777313504224324	1.5683481999592597e-18	
5.775 	0.6379377898721742	1.2208469801790646e-18	-0.10337379640518624	-0.11004920629875463	-0.10337379640518629	0.11004920629875463	0.3620622101278267	-1.2208469801790646e-18	
5.8 	0.6432280599489048	-2.81575538024395e-19	-0.10355424273673909	-0.1015263746743971	-0.10355424273673906	0.1015263746743971	0.3567719400510962	2.81575538024395e-19	
5.825 	0.648087107450242	1.3997767445466872e-18	-0.10372204763784312	-0.09280434660549948	-0.10372204763784314	0.09280434660549948	0.3519128925497588	-1.3997767445466872e-18	
5.85 	0.6525055791021039	-1.4498107273402913e-18	-0.10387735976815761	-0.08390739619151578	-0.10387735976815764	0.08390739619151578	0.34749442089789695	1.4498107273402913e-18	
5.875 	0.656475339913385	7.678205567170559e-19	-0.10402405287833164	-0.07486003394134193	-0.10402405287833162	0.07486003394134193	0.34352466008661603	-7.678205567170559e-19	
5.9 	0.6599894921834887	1.2424448173599188e-18	-0.10416751077329561	-0.06568727374583745	-0.10416751077329565	0.06568727374583745	0.3400105078165125	-8.181338721267147e-18	
5.925 	0.6630424039039391	2.076649311658334e-19	-0.10431232605609575	-0.05641472723460744	-0.10431232605609576	0.05641472723460744	0.33695759609606224	-2.076649311658334e-19	
5.95 	0.6656297365820618	-7.691718041673714e-19	-0.10446088086986804	-0.04706848854179947	-0.10446088086986802	0.04706848854179947	0.3343702634179395	7.691718041673714e-19	
5.975 	0.6677484630942379	-1.2327073932190743e-18	-0.10461318747668061	-0.037674866646507356	-0.10461318747668068	0.037674866646507356	0.33225153690576364	1.2327073932190743e-18	
6.0 	0.669396870676863	1.965852621101081e-19	-0.10476771686088295	-0.028260079151850505	-0.10476771686088292	0.028260079151850505	0.33060312932313846	-1.965852621101081e-19	
6.025 	0.6705745500314956	-2.8060753590172084e-19	-0.10492255852063856	-0.018850018104238846	-0.10492255852063859	0.018850018104238846	0.32942544996850576	2.8060753590172084e-19	
6.05 	0.6712823758324948	2.6086070694031425e-19	-0.1050762752516355	-0.009470143275962862	-0.10507627525163556	0.009470143275962862	0.3287176241675068	-2.6086070694031425e-19	
6.075 	0.6715224848356087	-1.0793702681973564e-19	-0.10522815380695028	-0.00014548417905962708	-0.10522815380695026	0.00014548417905962756	0.3284775151643929	-1.1026550527825808e-19	
6.1 	0.6712982553590718	2.066790799765941e-19	-0.10537796500827729	0.009099321188671069	-0.10537796500827726	-0.009099321188671069	0.3287017446409297	-2.066790799765941e-19	
6.125 	0.6706142879319833	-2.613942307235699e-19	-0.10552559345094663	0.01824002931239969	-0.10552559345094663	-0.01824002931239969	0.3293857120680182	2.613942307235699e-19	
6.15 	0.6694763838186346	-4.847175671537507e-19	-0.10567086836094285	0.02725287471857564	-0.10567086836094279	-0.02725287471857564	0.3305236161813671	4.847175671537507e-19	
6.175 	0.6678915176700619	1.4064524257659904e-18	-0.10581369112382084	0.03611471313847668	-0.10581369112382087	-0.03611471313847668	0.3321084823299395	-1.4064524257659904e-18	
6.2 	0.6658678028476658	1.06077037209714e-18	-0.10595429431291738	0.04480315881314815	-0.10595429431291738	-0.04480315881314815	0.3341321971523358	-1.06077037209714e-18	
6.225 	0.6634144515167437	1.0454657376390077e-18	-0.10609335743613406	0.05329664713162577	-0.10609335743613403	-0.05329664713162577	0.33658554848325767	-4.514912689592622e-18	
6.25 	0.660541734203955	-1.6315932131998303e-18	-0.10623180802569998	0.06157439347320018	-0.10623180802569998	-0.06157439347320018	0.3394582657960462	1.6315932131998303e-18	
6.275 	0.6572609434824004	2.526083610656695e-18	-0.10637037155832066	0.06961627921313894	-0.10637037155832069	-0.06961627921313894	0.34273905651760095	-2.526083610656695e-18	
6.3 	0.6535843636176746	-9.176424125654126e-19	-0.10650913519325651	0.07740274209088467	-0.1065091351932566	-0.07740274209088467	0.3464156363823266	9.176424125654126e-19	
6.325 	0.6495252438092238	7.617652436630685e-19	-0.10664741916087243	0.08491475374238834	-0.10664741916087242	-0.08491475374238834	0.3504747561907772	-7.617652436630685e-19	
6.35 	0.6450977693476019	2.0167842769021324e-18	-0.10678408070725688	0.09213392763898602	-0.10678408070725696	-0.09213392763898602	0.35490223065239934	-2.0167842769021324e-18	
6.375 	0.6403170244217927	2.5766061784774802e-18	-0.10691811260187259	0.09904273616179049	-0.10691811260187264	-0.09904273616179049	0.3596829755782087	-2.5766061784774802e-18	
6.4 	0.635198942871457	5.431673557043196e-19	-0.10704920775966835	0.1056247600332542	-0.10704920775966834	-0.1056247600332542	0.36480105712854477	-5.431673557043196e-19	
6.425 	0.6297602476445215	-1.64063483036781e-19	-0.10717796726028478	0.1118648761862545	-0.10717796726028483	-0.1118648761862545	0.37023975235548023	1.64063483036781e-19	
6.45 	0.6240183838436532	-1.7040922695988852e-18	-0.10730563293470784	0.11774932030775893	-0.10730563293470782	-0.11774932030775893	0.3759816161563486	1.7040922695988852e-18	
6.475 	0.6179914519713892	-1.4850129751560669e-18	-0.10743350436472564	0.12326562148575736	-0.10743350436472564	-0.12326562148575736	0.38200854802861267	1.4850129751560669e-18	
6.5 	0.6116981465407164	-6.575434639501564e-18	-0.1075623803542374	0.1284024660642969	-0.10756238035423737	-0.12840246606429687	0.38830185345928536	-7.302353168312893e-18	
6.525 	0.6051577015053522	6.415250123972474e-18	-0.10769233234312071	0.1331495748392388	-0.10769233234312076	-0.1331495748392388	0.3948422984946495	-6.415250123972474e-18	
6.55 	0.598389840038308	3.759865119718213e-18	-0.1078228908431109	0.13749765913832662	-0.1078228908431109	-0.13749765913832662	0.4016101599616936	-3.759865119718213e-18	
6.575 	0.5914147241317139	3.8795334727690946e-19	-0.10795345041773549	0.14143846899784823	-0.1079534504177355	-0.14143846899784823	0.40858527586828763	-3.8795334727690946e-19	
6.6 	0.5842529002900749	-3.4550173434456558e-18	-0.10808355655167066	0.14496489048532493	-0.1080835565516707	-0.14496489048532493	0.41574709970992657	3.4550173434456558e-18	
6.625 	0.5769252406138909	5.131389234415002e-18	-0.1082128332161636	0.14807102076758533	-0.10821283321616361	-0.14807102076758533	0.4230747593861107	-5.131389234415002e-18	
6.65 	0.5694528819424598	9.476683718491368e-19	-0.10834059550979645	0.15075216481142048	-0.10834059550979645	-0.15075216481142048	0.43054711805754187	-9.476683718491368e-19	
6.675 	0.5618571673614091	-1.8808233706654843e-18	-0.10846548616900821	0.15300474833532374	-0.10846548616900824	-0.15300474833532374	0.4381428326385926	1.8808233706654843e-18	
6.7 	0.5541595931613404	-2.4801291350376836e-18	-0.10858556817780651	0.15482619941640563	-0.10858556817780653	-0.15482619941640563	0.4458404068386611	2.4801291350376836e-18	
6.725 	0.546381760760067	4.571922125855314e-18	-0.10869909350730306	0.15621488255983637	-0.10869909350730302	-0.15621488255983637	0.4536182392399346	-4.571922125855314e-18	
6.75 	0.5385453290903578	4.6664261883977594e-18	-0.1088057322403518	0.15717015353254873	-0.1088057322403518	-0.15717015353254873	0.4614546709096439	-4.6664261883977594e-18	
6.775 	0.5306719608665444	2.5517006411405825e-18	-0.10890762993349085	0.1576925447297982	-0.10890762993349092	-0.1576925447297982	0.46932803913345733	-2.5517006411405825e-18	
6.8 	0.5227832575220137	2.672686820761775e-18	-0.10900953960049484	0.15778401666756614	-0.10900953960049485	-0.15778401666756614	0.47721674247798784	-2.672686820761775e-18	
6.825 	0.5149006822957284	2.967406145085765e-18	-0.10911759171763331	0.15744815928292463	-0.10911759171763323	-0.15744815928292463	0.48509931770427306	-2.967406145085765e-18	
6.85 	0.5070454770126261	-4.5630344753397694e-18	-0.10923692564221518	0.1566902267144096	-0.10923692564221518	-0.1566902267144096	0.49295452298737513	4.5630344753397694e-18	
6.875 	0.49923858268803506	-2.8899271852019157e-18	-0.10936909472747199	0.15551694708197059	-0.1093690947274719	-0.15551694708197059	0.5007614173119662	2.8899271852019157e-18	
6.9 	0.4915005747405211	-1.0859636364424641e-18	-0.10951049288488626	0.1539361424763712	-0.10951049288488635	-0.1539361424763712	0.5084994252594803	1.0859636364424641e-18	
6.925 	0.4838516195048095	5.062846674461409e-18	-0.10965278848130311	0.15195628309225773	-0.10965278848130318	-0.15195628309225773	0.516148380495192	-5.062846674461409e-18	
6.95 	0.4763114512167566	4.6397750329703156e-18	-0.1097855379118336	0.14958614195528758	-0.10978553791183354	-0.14958614195528758	0.5236885487832448	-4.6397750329703156e-18	
6.975 	0.46889936068350013	5.224449149683356e-19	-0.10990012904480127	0.14683469025352736	-0.10990012904480122	-0.14683469025352736	0.5311006393165014	-5.224449149683356e-19	
7.0 	0.4616341818637471	5.7334037693995564e-18	-0.10999346453804723	0.1437112845760208	-0.10999346453804716	-0.1437112845760208	0.5383658181362544	-5.7334037693995564e-18	
7.025 	0.4545342629144977	6.350477551151838e-18	-0.11006973456431347	0.1402260807341013	-0.1100697345643134	-0.1402260807341013	0.5454657370855039	-6.350477551151838e-18	
7.05 	0.4476174141207859	6.6882808002343865e-18	-0.11013934072420746	0.1363905124361171	-0.11013934072420745	-0.1363905124361171	0.5523825858792158	-6.6882808002343865e-18	
7.075 	0.44090083439289174	8.1473151627336695e-19	-0.11021523501217458	0.1322176384983118	-0.11021523501217455	-0.1322176384983118	0.5590991656071097	-8.1473151627336695e-19	
7.1 	0.4344010270495858	2.7917875629840382e-18	-0.11030808891506332	0.1277222063198531	-0.11030808891506329	-0.1277222063198531	0.5655989729504156	-2.7917875629840382e-18	
7.125 	0.42813372073839223	-5.020975489151696e-19	-0.11042226617366421	0.1229203860983012	-0.11042226617366421	-0.1229203860983012	0.571866279261609	5.020975489151696e-19	
7.15 	0.4221138104228676	1.382987103838967e-18	-0.11055426236314264	0.11782925715018805	-0.11055426236314271	-0.11782925715018805	0.5778861895771334	-8.321881007746195e-18	
7.175 	0.41635532668237113	7.92017388686762e-19	-0.11069422480849174	0.112466223172599	-0.11069422480849173	-0.112466223172599	0.5836446733176299	-7.92017388686762e-19	
7.2 	0.4108714317614217	-5.491375948258192e-19	-0.11082985410548275	0.10684855832693718	-0.11082985410548275	-0.10684855832693718	0.5891285682385795	5.491375948258192e-19	
7.225 	0.4056744317868912	-2.7939409350751376e-18	-0.11095101050204915	0.10099323059176933	-0.11095101050204913	-0.10099323059176933	0.5943255682131099	2.7939409350751376e-18	
7.25 	0.4007757899112331	1.869730941673129e-18	-0.1110531375887437	0.094917036288475	-0.1110531375887437	-0.094917036288475	0.5992242100887684	-1.869730941673129e-18	
7.275 	0.39618612657726393	-3.174815619653002e-18	-0.11113823794660606	0.08863695721396496	-0.11113823794660604	-0.08863695721396496	0.6038138734227374	3.174815619653002e-18	
7.3 	0.39191519982588136	-2.2911355362926357e-18	-0.11121326642621158	0.08217057030130055	-0.11121326642621158	-0.08217057030130055	0.6080848001741199	2.2911355362926357e-18	
7.325 	0.38797186760714003	-2.1999380656564556e-18	-0.111286901311063	0.07553633165151936	-0.11128690131106295	-0.07553633165151936	0.6120281323928614	2.1999380656564556e-18	
7.35 	0.38436404158866266	-1.3098231640935192e-18	-0.11136621809031805	0.0687536221639783	-0.11136621809031802	-0.0687536221639783	0.6156359584113386	1.3098231640935192e-18	
7.375 	0.38109864499515167	-1.7240081096913556e-18	-0.11145461751637029	0.06184254901797434	-0.11145461751637033	-0.06184254901797434	0.6189013550048496	1.7240081096913556e-18	
7.4 	0.37818158466881163	9.843867132074679e-20	-0.11155160730863602	0.05482359720919879	-0.11155160730863606	-0.05482359720919879	0.6218184153311895	-9.843867132074679e-20	
7.425 	0.3756177413185131	4.595388095797542e-19	-0.11165412319433998	0.04771727490933005	-0.11165412319434001	-0.04771727490933005	0.624382258681488	-4.595388095797542e-19	
7.45 	0.37341097493688175	3.0594117418987645e-19	-0.11175845164486092	0.04054387716469307	-0.11175845164486092	-0.04054387716469307	0.6265890250631195	-3.0594117418987645e-19	
7.475 	0.3715641378258402	7.562658166530262e-19	-0.11186174378232797	0.03332341862750762	-0.11186174378232792	-0.03332341862750762	0.628435862174161	-7.562658166530262e-19	
7.5 	0.37007908739784207	-3.793673514007746e-19	-0.11196254382793845	0.026075696939530647	-0.11196254382793842	-0.026075696939530647	0.629920912602159	3.793673514007746e-19	
7.525 	0.3689566945295113	-2.4657246621998095e-19	-0.11206039999942662	0.018820388829627294	-0.1120603999994266	-0.018820388829627294	0.6310433054704898	2.4657246621998095e-19	
7.55 	0.36819684845164674	-1.4992326846533074e-18	-0.11215511085510882	0.011577078976667892	-0.11215511085510876	-0.01157707897666789	0.6318031515483545	-2.3549079132349967e-19	
7.575 	0.36779846301026436	9.066548043367084e-20	-0.11224624507708607	0.004365174878137182	-0.11224624507708604	-0.004365174878137182	0.6322015369897369	-9.066548043367084e-20	
7.6 	0.36775948954678606	-3.2604317655867705e-19	-0.112333263860809	-0.0027962615730704196	-0.11233326386080894	0.00279626157307042	0.6322405104532154	-1.0763769243552472e-19	
7.625 	0.3680769384831819	-1.0812468517000072e-19	-0.11241609968717542	-0.009888676557146186	-0.11241609968717538	0.009888676557146186	0.6319230615168192	1.0812468517000072e-19	
7.65 	0.36874690681565714	-3.497846042243807e-19	-0.11249570612637279	-0.016894084876561848	-0.1124957061263728	0.016894084876561848	0.6312530931843441	3.497846042243807e-19	
7.675 	0.3697646049762637	-3.377551524202716e-19	-0.11257409120385682	-0.023794983009795635	-0.11257409120385684	0.023794983009795635	0.6302353950237375	3.377551524202716e-19	
7.7 	0.3711243762457709	2.062055569532966e-18	-0.11265367063138666	-0.030574151086455365	-0.11265367063138665	0.030574151086455365	0.6288756237542305	-2.062055569532966e-18	
7.725 	0.3728197056200684	3.7677738706405824e-18	-0.11273622036579732	-0.03721445042814335	-0.11273622036579738	0.03721445042814335	0.627180294379933	-3.7677738706405824e-18	
7.75 	0.37484322112063473	3.382605012952922e-18	-0.11282199670657243	-0.04369874297828864	-0.11282199670657247	0.04369874297828864	0.6251567788793664	-3.382605012952922e-18	
7.775 	0.3771866959909309	3.811672344398528e-18	-0.11290954757813702	-0.0500100142183191	-0.11290954757813704	0.0500100142183191	0.6228133040090702	-3.811672344398528e-18	
7.8 	0.37984106215477154	6.299277386336378e-18	-0.11299637925209349	-0.05613169083733338	-0.11299637925209347	0.05613169083733338	0.6201589378452292	-6.299277386336378e-18	
7.825 	0.38279644245508343	7.636020420440554e-19	-0.11308017131107444	-0.062048051191371884	-0.11308017131107442	0.062048051191371884	0.6172035575449173	-7.636020420440554e-19	
7.85 	0.38604220257818095	4.380734186638129e-19	-0.11315991833656011	-0.06774457618693393	-0.11315991833656014	0.06774457618693393	0.6139577974218199	-4.380734186638129e-19	
7.875 	0.3895670161118188	1.1492457810256718e-19	-0.11323640094891069	-0.07320810663100627	-0.11323640094891069	0.07320810663100627	0.610432983888182	-1.1492457810256718e-19	
7.9 	0.39335893129236293	1.4433225109911232e-18	-0.1133117414090899	-0.0784267531914598	-0.11331174140908992	0.0784267531914598	0.6066410687076378	-1.4433225109911232e-18	
7.925 	0.3974054279207165	-1.0710364371857408e-18	-0.1133882846774777	-0.08338960981946439	-0.11338828467747769	0.08338960981946439	0.6025945720792844	1.0710364371857408e-18	
7.95 	0.4016934576778687	-1.5452913618129712e-18	-0.11346739604046753	-0.08808640205828709	-0.11346739604046745	0.08808640205828709	0.5983065423221321	1.5452913618129712e-18	
7.975 	0.4062094684366477	-2.786536850158073e-18	-0.11354879200446548	-0.09250722176082438	-0.11354879200446547	0.09250722176082438	0.593790531563353	2.786536850158073e-18	
8.0 	0.4109394198147868	-1.0089838811597353e-17	-0.11363071701203016	-0.09664245267709463	-0.11363071701203009	0.09664245267709463	0.589060580185214	3.150944907690124e-18	
8.025 	0.41586880029777606	-1.801466248610866e-18	-0.1137108216970584	-0.10048290209867776	-0.11371082169705841	0.10048290209867776	0.5841311997022247	1.801466248610866e-18	
8.05 	0.4209826547130445	-1.2523151116589696e-19	-0.11378724413757647	-0.10402006541952546	-0.11378724413757646	0.10402006541952546	0.579017345286956	1.2523151116589696e-19	
8.075 	0.42626562576517657	-8.725700075952717e-19	-0.11385933274020599	-0.10724640308341919	-0.11385933274020593	0.10724640308341919	0.5737343742348237	8.725700075952717e-19	
8.1 	0.43170200736182746	1.2232758679041148e-19	-0.11392769662094278	-0.11015552102883396	-0.11392769662094279	0.11015552102883396	0.5682979926381727	-1.2232758679041148e-19	
8.125 	0.43727580336268096	-8.95167785890718e-19	-0.11399366949124871	-0.11274220529806869	-0.11399366949124878	0.11274220529806869	0.5627241966373191	8.95167785890718e-19	
8.15 	0.44297078479707275	3.28174014199417e-18	-0.11405858816502279	-0.11500233584027196	-0.11405858816502282	0.11500233584027196	0.5570292152029275	-3.28174014199417e-18	
8.175 	0.44877054129946875	-2.0943845035811597e-19	-0.11412333819569946	-0.11693275625243271	-0.1141233381956995	0.11693275625243271	0.5512294587005316	2.0943845035811597e-19	
8.2 	0.45465852670727486	-1.5935847510198383e-18	-0.11418839063607739	-0.11853118226825705	-0.11418839063607734	0.11853118226825705	0.5453414732927255	1.5935847510198383e-18	
8.225 	0.46061810210784365	-5.699186284635946e-22	-0.11425419784143734	-0.11979619405329173	-0.11425419784143737	0.11979619405329173	0.539381897892157	5.699186284635946e-22	
8.25 	0.4666325804478102	1.1629490119813374e-19	-0.1143215599108244	-0.12072729967600561	-0.11432155991082446	0.12072729967600561	0.5333674195521904	-1.1629490119813374e-19	
8.275 	0.4726852749393062	2.65940435361708e-18	-0.11439158155382603	-0.12132501176866559	-0.11439158155382605	0.12132501176866559	0.5273147250606943	-2.65940435361708e-18	
8.3 	0.4787595501897637	-2.261701175394479e-19	-0.11446511363878434	-0.12159087004683751	-0.11446511363878431	0.12159087004683751	0.5212404498102369	2.261701175394479e-19	
8.325 	0.48483887222695765	1.1495281354043692e-18	-0.11454194910971661	-0.12152737247894117	-0.11454194910971666	0.12152737247894117	0.5151611277730427	-1.1495281354043692e-18	
8.35 	0.4909068529973816	-2.1208177599268443e-18	-0.1146202831666729	-0.12113782996439171	-0.11462028316667293	0.12113782996439171	0.5090931470026188	2.1208177599268443e-18	
8.375 	0.4969472868828371	1.631248098911185e-18	-0.11469688694136129	-0.1204262048372323	-0.11469688694136132	0.1204262048372323	0.5030527131171633	-1.631248098911185e-18	
8.4 	0.5029441803174053	-1.5939934450907468e-18	-0.11476809093868988	-0.11939700790221448	-0.11476809093868985	0.11939700790221448	0.4970558196825952	1.5939934450907468e-18	
8.425 	0.5088817788583725	4.72861654034761e-19	-0.11483121560302328	-0.1180553040962799	-0.11483121560302328	0.1180553040962799	0.4911182211416279	-4.72861654034761e-19	
8.45 	0.5147445973483623	1.3456038868606456e-18	-0.11488578415605809	-0.11640682548340539	-0.11488578415605812	0.11640682548340539	0.4852554026516379	-1.3456038868606456e-18	
8.475 	0.5205174573772589	-3.0643435249144486e-18	-0.11493389572901795	-0.11445813797273614	-0.11493389572901797	0.11445813797273614	0.4794825426227412	3.0643435249144486e-18	
8.5 	0.5261855327498342	1.2375755974018137e-20	-0.11497952493293256	-0.1122167811592449	-0.11497952493293251	0.1122167811592449	0.47381446725016596	-1.2375755974018137e-20	
8.525 	0.5317343997663673	-2.355893442427388e-18	-0.11502704955698582	-0.1096913125319579	-0.11502704955698582	0.1096913125319579	0.46826560023363295	2.355893442427388e-18	
8.55 	0.5371500867047225	1.2970588774390405e-19	-0.11507969995037047	-0.1068912320416607	-0.11507969995037044	0.1068912320416607	0.46284991329527775	-1.2970588774390405e-19	
8.575 	0.5424191170893606	-3.8416201769811743e-19	-0.11513865063231164	-0.10382681832176822	-0.11513865063231164	0.10382681832176822	0.4575808829106397	3.8416201769811743e-19	
8.6 	0.5475285439766592	2.9043571630604356e-18	-0.11520311474544631	-0.10050894615390092	-0.1152031147454463	0.10050894615390092	0.45247145602334127	-2.9043571630604356e-18	
8.625 	0.5524659761905392	-1.8174145868702788e-18	-0.11527125155592079	-0.0969489570726772	-0.11527125155592081	0.0969489570726772	0.4475340238094612	1.8174145868702788e-18	
8.65 	0.5572196003020718	-2.4242997085637698e-18	-0.1153412659473553	-0.0931586204653968	-0.1153412659473553	0.0931586204653968	0.4427803996979286	2.4242997085637698e-18	
8.675 	0.5617782027022046	-3.066739607969276e-18	-0.1154120158739861	-0.08915016912001907	-0.11541201587398614	0.08915016912001907	0.4382217972977958	3.066739607969276e-18	
8.7 	0.5661311941135656	8.379616912848081e-19	-0.11548279209095975	-0.08493634905581446	-0.11548279209095974	0.08493634905581446	0.4338688058864348	-8.379616912848081e-19	
8.725 	0.5702686354435208	1.2772217308760004e-18	-0.11555249790470021	-0.08053041294462202	-0.11555249790470024	0.08053041294462202	0.42973136455647964	-1.2772217308760004e-18	
8.75 	0.5741812609576851	-2.5368943950139884e-18	-0.11561890251643638	-0.07594601728764504	-0.11561890251643636	0.07594601728764504	0.4258187390423156	2.5368943950139884e-18	
8.775 	0.5778604941624851	-8.407543929905445e-19	-0.11567868724242829	-0.07119704199540866	-0.11567868724242827	0.07119704199540866	0.42213950583751547	8.407543929905445e-19	
8.8 	0.5812984542063685	-6.638403616069333e-19	-0.11572858471835268	-0.0662974073640617	-0.11572858471835268	0.0662974073640617	0.41870154579363184	6.638403616069333e-19	
8.825 	0.584487955114945	6.974844759685329e-19	-0.11576723251925666	-0.06126098592812253	-0.11576723251925668	0.06126098592812253	0.415512044885055	-6.974844759685329e-19	
8.85 	0.5874225045476392	1.6344116894366273e-19	-0.11579680151720867	-0.05610167782954458	-0.11579680151720864	0.05610167782954458	0.41257749545236094	-1.6344116894366273e-19	
8.875 	0.5900963105071764	4.367522336812486e-19	-0.1158233621537453	-0.05083364547128476	-0.11582336215374527	0.05083364547128476	0.409903689492824	-4.367522336812486e-19	
8.9 	0.5925043020444032	6.350156409746217e-19	-0.11585543551729083	-0.04547161742630743	-0.11585543551729083	0.04547161742630743	0.40749569795559715	-6.350156409746217e-19	
8.925 	0.5946421638746107	-5.38015185457495e-19	-0.11590104424870173	-0.04003111473294058	-0.1159010442487017	0.04003111473294058	0.40535783612538956	5.38015185457495e-19	
8.95 	0.5965063773081852	-6.969511531670971e-19	-0.11596440529376627	-0.034528457784876905	-0.11596440529376624	0.034528457784876905	0.40349362269181505	6.969511531670971e-19	
8.975 	0.5980942543980108	-3.934331272942725e-19	-0.11604375146766235	-0.028980485890626406	-0.11604375146766237	0.028980485890626406	0.4019057456019896	3.934331272942725e-19	
9.0 	0.5994039516521685	-5.362359418060188e-19	-0.11613140800286353	-0.023404038901421054	-0.11613140800286356	0.023404038901421054	0.40059604834783175	5.362359418060188e-19	
9.025 	0.6004344550653532	2.93545161735877e-19	-0.1162163064733189	-0.017815362179333303	-0.11621630647331892	0.017815362179333303	0.399565544934647	-2.028268637712684e-18	
9.05 	0.6011855379758261	-3.3508302268264345e-19	-0.11628801718252225	-0.012229650647655726	-0.11628801718252228	0.012229650647655726	0.3988144620241743	3.3508302268264345e-19	
9.075 	0.6016577035813501	-5.823469490460876e-19	-0.11634064990531584	-0.006660913809852551	-0.11634064990531585	0.006660913809852551	0.3983422964186499	1.4866608005188583e-19	
9.1 	0.6018521304271135	-1.820638759294846e-19	-0.11637497935206569	-0.0011222281597316288	-0.11637497935206574	0.0011222281597316295	0.3981478695728864	-9.828765139637978e-20	
9.125 	0.6017706387113535	-4.0857072934318523e-19	-0.11639791193266075	0.0043737091571240064	-0.11639791193266076	-0.004373709157124006	0.39822936128864656	-2.511013965101654e-20	
9.15 	0.6014156875636741	-8.716557177652408e-20	-0.11641957274961862	0.009813937091086989	-0.11641957274961857	-0.009813937091086989	0.3985843124363262	8.716557177652408e-20	
9.175 	0.6007904013648043	-1.012277088292928e-18	-0.11644931058456968	0.015184752892903743	-0.11644931058456967	-0.015184752892903743	0.39920959863519606	1.4491535030452438e-19	
9.2 	0.5998986114992029	-3.2592363650018545e-20	-0.11649232610545773	0.020471595287440903	-0.11649232610545773	-0.020471595287440903	0.4001013885007974	3.2592363650018545e-20	
9.225 	0.5987448934074759	1.48156789155217e-19	-0.11654826000931999	0.02565934482040157	-0.11654826000931996	-0.02565934482040157	0.4012551065925246	-1.48156789155217e-19	
9.25 	0.5973345800921076	8.108264410794572e-20	-0.11661213881946357	0.030732935661544607	-0.11661213881946354	-0.030732935661544607	0.4026654199078932	-1.815806120084753e-18	
9.275 	0.5956737417682297	1.271205639159579e-18	-0.11667702775624811	0.0356780553816539	-0.11667702775624808	-0.0356780553816539	0.40432625823177104	-1.271205639159579e-18	
9.3 	0.5937691336032388	-1.2883423748390541e-18	-0.11673706919967902	0.04048168354243005	-0.11673706919967902	-0.04048168354243005	0.4062308663967619	1.2883423748390541e-18	
9.325 	0.5916281244529774	1.050292350174418e-18	-0.11678957144861504	0.04513229473992767	-0.116789571448615	-0.04513229473992767	0.40837187554702337	-1.050292350174418e-18	
9.35 	0.5892586248641766	1.3730089264407303e-18	-0.11683540446457327	0.049619692183576085	-0.11683540446457329	-0.049619692183576085	0.4107413751358242	-1.3730089264407303e-18	
9.375 	0.5866690305839631	8.94484777041528e-19	-0.11687781919615638	0.05393458191515173	-0.11687781919615642	-0.05393458191515173	0.4133309694160376	-8.94484777041528e-19	
9.4 	0.5838681898014041	1.718555455258671e-18	-0.11692049785129761	0.05806808487988369	-0.11692049785129764	-0.05806808487988369	0.41613181019859646	-1.718555455258671e-18	
9.425 	0.5808653921405312	1.2983420089304414e-18	-0.11696585489482257	0.06201138263588704	-0.11696585489482256	-0.06201138263588704	0.4191346078594696	-1.2983420089304414e-18	
9.45 	0.5776703693878813	1.1252097437387866e-19	-0.11701430459178144	0.06575561203399363	-0.1170143045917814	-0.06575561203399363	0.4223296306121195	-1.1252097437387866e-19	
9.475 	0.5742932950500349	-1.195365712721945e-19	-0.11706461391282591	0.06929200757246327	-0.11706461391282597	-0.06929200757246327	0.425706704949966	1.195365712721945e-19	
9.5 	0.570744772548746	3.8664144720528486e-19	-0.11711491094011235	0.07261219130187004	-0.11711491094011234	-0.07261219130187004	0.4292552274512547	-3.8664144720528486e-19	
9.525 	0.567035808179473	5.965620706261056e-20	-0.11716368929243844	0.07570846917849372	-0.11716368929243848	-0.07570846917849372	0.4329641918205279	-5.965620706261056e-20	
9.55 	0.5631777716064745	-1.5422712169533198e-18	-0.1172103062461543	0.07857401934685697	-0.11721030624615422	-0.07857401934685697	0.4368222283935262	1.5422712169533198e-18	
9.575 	0.5591823507006807	-1.7410760786465912e-18	-0.11725486844013375	0.08120293006780724	-0.11725486844013377	-0.08120293006780724	0.44081764929931977	1.7410760786465912e-18	
9.6 	0.5550615076312438	1.3782911780591116e-18	-0.11729777565312152	0.08359012278334708	-0.11729777565312151	-0.08359012278334708	0.4449384923687567	-1.3782911780591116e-18	
9.625 	0.5508274400122415	-9.06308978614597e-19	-0.11733933657459186	0.0857312416495884	-0.11733933657459188	-0.0857312416495884	0.4491725599877591	9.06308978614597e-19	
9.65 	0.5464925467158271	7.625455060437104e-19	-0.11737972919221022	0.08762258763597962	-0.11737972919221018	-0.08762258763597962	0.45350745328417363	-7.625455060437104e-19	
9.675 	0.5420693950185616	6.94869615517142e-19	-0.11741927680193451	0.08926113221266888	-0.11741927680193452	-0.08926113221266888	0.4579306049814389	-6.94869615517142e-19	
9.7 	0.5375706853889818	1.0926434130708464e-18	-0.11745875940219813	0.09064459071944159	-0.11745875940219815	-0.09064459071944159	0.4624293146110186	-1.0926434130708464e-18	
9.725 	0.5330092122535507	9.273204403447572e-19	-0.11749944211546053	0.09177149931876671	-0.11749944211546055	-0.09177149931876671	0.4669907877464499	-9.273204403447572e-19	
9.75 	0.528397822044974	-1.1794384950769214e-18	-0.1175426947744217	0.09264123932867205	-0.11754269477442174	-0.09264123932867205	0.4716021779550264	1.1794384950769214e-18	
9.775 	0.5237493719377042	4.9024156727899575e-20	-0.11758936759463667	0.09325398518186699	-0.1175893675946367	-0.09325398518186699	0.47625062806229607	-4.9024156727899575e-20	
9.8 	0.5190766927488515	-3.4355533539373937e-19	-0.11763928238825035	0.09361059660846363	-0.11763928238825036	-0.09361059660846363	0.4809233072511487	3.4355533539373937e-19	
9.825 	0.5143925575811396	-3.256372285318613e-18	-0.11769116452626455	0.09371250642636542	-0.11769116452626453	-0.09371250642636542	0.4856074424188605	3.256372285318613e-18	
9.85 	0.5097096550567393	2.6484819252029042e-18	-0.11774309160465007	0.09356165618602215	-0.11774309160465007	-0.09356165618602215	0.4902903449432608	-2.6484819252029042e-18	
9.875 	0.5050405639870071	3.5509502705471494e-19	-0.11779322350768895	0.09316050375794238	-0.11779322350768896	-0.09316050375794238	0.4949594360129932	-3.5509502705471494e-19	
9.9 	0.5003977261267191	-4.0516791512913783e-19	-0.1178404034147685	0.09251208649304822	-0.11784040341476852	-0.09251208649304822	0.49960227387328116	4.0516791512913783e-19	
9.925 	0.4957934153153425	1.0699849706140632e-18	-0.1178842993530619	0.09162009366714217	-0.11788429935306184	-0.09162009366714217	0.5042065846846577	-1.0699849706140632e-18	
9.95 	0.4912397038238537	7.207794669464076e-19	-0.11792505249689884	0.09048889900042369	-0.11792505249689883	-0.09048889900042369	0.5087602961761464	-7.207794669464076e-19	
9.975 	0.48674842864872286	1.1387730017446658e-18	-0.11796273158535724	0.08912352947469115	-0.11796273158535726	-0.08912352947469115	0.5132515713512772	-1.1387730017446658e-18	
10.0 	0.482331160710456	-2.9743972335953327e-18	-0.11799704664991098	0.08752958615192595	-0.11799704664991098	-0.08752958615192595	0.517668839289544	2.9743972335953327e-18	
10.025 	0.47799917826655985	-1.0140816225961804e-18	-0.11802763162028176	0.08571316400298652	-0.11802763162028174	-0.08571316400298652	0.5220008217334402	1.0140816225961804e-18	
10.05 	0.47376344324433506	1.3056720412133097e-18	-0.11805482579438566	0.08368082261777092	-0.11805482579438559	-0.08368082261777092	0.5262365567556648	-1.3056720412133097e-18	
10.075 	0.46963457714097845	-2.01254898159516e-18	-0.11808048670523218	0.081439633635803	-0.11808048670523216	-0.081439633635803	0.5303654228590216	2.01254898159516e-18	
10.1 	0.46562283293134776	-2.512506638412974e-18	-0.11810820613207083	0.0789972859609073	-0.11810820613207085	-0.0789972859609073	0.5343771670686522	2.512506638412974e-18	
10.125 	0.46173806145255264	-8.587599318272922e-19	-0.11814251608011088	0.0763621893468784	-0.11814251608011093	-0.0763621893468784	0.5382619385474472	8.587599318272922e-19	
10.15 	0.45798967419375236	-1.928406025367218e-18	-0.1181871907131503	0.07354350323136896	-0.11818719071315026	-0.07354350323136896	0.5420103258062474	1.928406025367218e-18	
10.175 	0.4543866076442228	1.980269608160861e-18	-0.11824331156352888	0.07055104104588072	-0.11824331156352884	-0.07055104104588072	0.545613392355777	-1.980269608160861e-18	
10.2 	0.45093729560929185	7.33264620341309e-19	-0.11830804835176822	0.06739505279623592	-0.11830804835176824	-0.06739505279623592	0.549062704390708	-7.33264620341309e-19	
10.225 	0.44764965426415865	1.3657986264257214e-18	-0.11837491803948323	0.06408594731696954	-0.11837491803948326	-0.06408594731696954	0.5523503457358412	-1.3657986264257214e-18	
10.25 	0.4445310805861793	-2.5048042691567157e-19	-0.11843566406575003	0.060634052229100864	-0.11843566406575001	-0.060634052229100864	0.5554689194138205	2.5048042691567157e-19	
10.275 	0.4415884598358689	5.191784135889484e-19	-0.11848312777458068	0.05704950471348716	-0.11848312777458066	-0.05704950471348716	0.5584115401641309	-5.191784135889484e-19	
10.3 	0.4388281741399895	1.366569178122612e-18	-0.11851394963867218	0.05334231856257357	-0.1185139496386722	-0.05334231856257357	0.5611718258600104	-1.366569178122612e-18	
10.325 	0.43625610370599	-8.79711626959351e-19	-0.1185299281445501	0.04952260144193351	-0.11852992814455011	-0.04952260144193351	0.5637438962940099	8.79711626959351e-19	
10.35 	0.4338776152064711	1.6550975485282795e-18	-0.11853741422861735	0.045600831995872795	-0.11853741422861738	-0.045600831995872795	0.5661223847935286	-1.6550975485282795e-18	
10.375 	0.43169753728061305	-1.0222757571245898e-18	-0.11854497993641493	0.041588078717145385	-0.11854497993641493	-0.041588078717145385	0.5683024627193867	1.0222757571245898e-18	
10.4 	0.42972012864791803	-2.6192203977402805e-19	-0.1185603583900174	0.037496065064898956	-0.11856035839001737	-0.037496065064898956	0.5702798713520819	2.6192203977402805e-19	
10.425 	0.4279490476330099	7.81071174310995e-19	-0.11858794084350878	0.03333704918837597	-0.11858794084350882	-0.03333704918837597	0.57205095236699	-7.81071174310995e-19	
10.45 	0.42638733153750147	-1.4862751225211975e-19	-0.11862780264651789	0.029123563671496912	-0.11862780264651789	-0.029123563671496912	0.5736126684624983	1.4862751225211975e-19	
10.475 	0.4250373904790539	-6.687024600846856e-19	-0.11867648180459416	0.02486811633330656	-0.11867648180459413	-0.02486811633330656	0.5749626095209458	6.687024600846856e-19	
10.5 	0.4239010148177212	1.3042217474026533e-20	-0.11872893216609941	0.020582962245453185	-0.11872893216609941	-0.020582962245453185	0.5760989851822785	-1.3042217474026533e-20	
10.525 	0.42297939062051026	6.071164821936538e-19	-0.11878061300216677	0.016280016276826886	-0.11878061300216672	-0.016280016276826886	0.5770206093794894	-6.071164821936538e-19	
10.55 	0.4222731158581929	3.814387294399946e-20	-0.11882876415223524	0.011970904838926984	-0.11882876415223521	-0.011970904838926984	0.5777268841418066	-3.814387294399946e-20	
10.575 	0.42178221183662823	-5.4048137344558e-19	-0.1188724669282363	0.007667089669567331	-0.1188724669282363	-0.007667089669567331	0.5782177881633713	1.0680050445137822e-19	
10.6 	0.42150612864359366	5.709964271050535e-20	-0.11891178449411251	0.0033799677639839753	-0.11891178449411245	-0.0033799677639839753	0.578493871356406	-2.7394007720760624e-19	
10.625 	0.4214437478363388	-6.884520786819999e-20	-0.11894673205131062	-0.0008791261098597198	-0.11894673205131061	0.0008791261098597202	0.5785562521636607	-1.0308610220911395e-19	
10.65 	0.4215933878403606	1.385513383246174e-19	-0.11897681506140945	-0.00509902626198734	-0.11897681506140939	0.00509902626198734	0.5784066121596387	-1.385513383246174e-19	
10.675 	0.42195281635790705	-2.043851135439023e-19	-0.11900142933802661	-0.009268895497544529	-0.11900142933802661	0.009268895497544529	0.5780471836420925	2.043851135439023e-19	
10.7 	0.4225192700789007	7.689508862348994e-20	-0.11902081632396673	-0.013378341185543709	-0.11902081632396672	0.013378341185543709	0.577480729921099	-7.689508862348994e-20	
10.725 	0.4232894772898262	3.887423427252252e-19	-0.11903686708368283	-0.017417405326802502	-0.11903686708368284	0.017417405326802502	0.5767105227101735	-3.887423427252252e-19	
10.75 	0.4242596762362517	-1.137985056170287e-19	-0.11905310586627417	-0.021376408008090455	-0.1190531058662741	0.021376408008090455	0.5757403237637481	1.137985056170287e-19	
10.775 	0.4254256231036877	-2.1981062144886925e-19	-0.11907364218634862	-0.025245705067339034	-0.11907364218634865	0.025245705067339034	0.5745743768963121	2.1981062144886925e-19	
10.8 	0.42678258818369513	3.2673206764916573e-19	-0.11910150002699452	-0.029015480255529708	-0.11910150002699448	0.029015480255529708	0.5732174118163045	-3.2673206764916573e-19	
10.825 	0.42832534518883897	-1.3671067291239228e-18	-0.1191371579775847	-0.03267569676064713	-0.11913715797758473	0.03267569676064713	0.5716746548111606	1.3671067291239228e-18	
10.85 	0.43004816371262444	-1.4429691054957899e-18	-0.1191781117210051	-0.036216275174304174	-0.11917811172100509	0.036216275174304174	0.5699518362873754	1.4429691054957899e-18	
10.875 	0.43194481583569877	6.204701395525678e-19	-0.1192197920705007	-0.039627467709560674	-0.11921979207050067	0.039627467709560674	0.568055184164301	-6.204701395525678e-19	
10.9 	0.4340086039234494	-2.66587934365498e-19	-0.11925748216655896	-0.04290030532614809	-0.11925748216655893	0.04290030532614809	0.5659913960765505	2.66587934365498e-19	
10.925 	0.43623240910201594	-1.334617217597628e-18	-0.11928834376156902	-0.0460269497520527	-0.11928834376156902	0.0460269497520527	0.5637675908979838	1.334617217597628e-18	
10.95 	0.4386087518813318	-1.2889003793664566e-20	-0.11931257663366673	-0.049000810031543746	-0.11931257663366672	0.049000810031543746	0.5613912481186679	1.2889003793664566e-20	
10.975 	0.4411298514451036	2.9645423028059543e-19	-0.11933315286011374	-0.05181637400431125	-0.11933315286011377	0.05181637400431125	0.5588701485548961	-2.9645423028059543e-19	
11.0 	0.4437876705257301	-6.152703312659803e-19	-0.11935427466221993	-0.05446882001012009	-0.11935427466221987	0.05446882001012009	0.5562123294742697	6.152703312659803e-19	
11.025 	0.4465739384609576	-8.663206056914144e-20	-0.11937933129588117	-0.05695356228538585	-0.1193793312958812	0.05695356228538585	0.5534260615390423	8.663206056914144e-20	
11.05 	0.449480153590683	8.682603086994974e-20	-0.11940935296207383	-0.05926590638209815	-0.11940935296207378	0.05926590638209815	0.5505198464093167	-8.682603086994974e-20	
11.075 	0.45249757397333773	5.626874762018661e-19	-0.11944267269760926	-0.06140093994521659	-0.11944267269760923	0.06140093994521659	0.5475024260266621	-5.626874762018661e-19	
11.1 	0.45561720927863103	-5.007876672761265e-19	-0.11947587498311221	-0.06335368380193418	-0.11947587498311218	0.06335368380193418	0.5443827907213686	5.007876672761265e-19	
11.125 	0.4588298252614246	-3.28561327640234e-18	-0.11950547159295687	-0.06511942371984271	-0.11950547159295688	0.06511942371984271	0.5411701747385752	3.28561327640234e-18	
11.15 	0.46212596639949144	1.1578748097687631e-18	-0.11952943101703041	-0.06669407929737324	-0.11952943101703045	0.06669407929737324	0.5378740336005083	-1.1578748097687631e-18	
11.175 	0.4654959948548624	-1.8694312947540582e-18	-0.11954784403431179	-0.06807446799819444	-0.1195478440343118	0.06807446799819444	0.5345040051451373	1.8694312947540582e-18	
11.2 	0.46893013815460816	-3.519432152728204e-19	-0.11956252450691654	-0.06925838366946355	-0.11956252450691655	0.06925838366946355	0.5310698618453914	3.519432152728204e-19	
11.225 	0.47241853615132695	-6.615978718904656e-19	-0.11957592129855006	-0.07024449784416349	-0.11957592129855003	0.07024449784416349	0.5275814638486725	6.615978718904656e-19	
11.25 	0.47595128023588434	9.690558596546365e-19	-0.11959003518423335	-0.0710321662522087	-0.11959003518423338	0.0710321662522087	0.524048719764115	-9.690558596546365e-19	
11.275 	0.4795184428044307	-8.617597429065738e-19	-0.1196059333124225	-0.07162124992528653	-0.1196059333124225	0.07162124992528653	0.5204815571955687	8.617597429065738e-19	
11.3 	0.48311009996187515	-1.21456578612973e-19	-0.11962401664190768	-0.07201203244714731	-0.11962401664190768	0.07201203244714731	0.5168899000381242	1.21456578612973e-19	
11.325 	0.4867163530112744	-6.810920766341294e-19	-0.1196446955403589	-0.07220525114958948	-0.11964469554035889	0.07220525114958948	0.5132836469887251	6.810920766341294e-19	
11.35 	0.4903273534677819	-2.1569137978602576e-18	-0.11966886732209793	-0.0722021948139939	-0.11966886732209793	0.0722021948139939	0.5096726465322174	2.1569137978602576e-18	
11.375 	0.4939333329289774	-2.516377484894923e-19	-0.11969772417723161	-0.07200478616151303	-0.1196977241772316	0.07200478616151303	0.506066667071022	2.516377484894923e-19	
11.4 	0.4975246351497482	-2.1124568305252488e-18	-0.1197318729707052	-0.0716155791754999	-0.11973187297070521	0.0716155791754999	0.5024753648502511	2.1124568305252488e-18	
11.425 	0.5010917452941572	-2.591782860279501e-18	-0.11977025060010875	-0.07103765059456571	-0.11977025060010883	0.07103765059456571	0.4989082547058422	2.591782860279501e-18	
11.45 	0.5046253118301908	1.601596503147569e-18	-0.11980956288797584	-0.07027442509454264	-0.11980956288797584	0.07027442509454264	0.4953746881698087	-1.601596503147569e-18	
11.475 	0.5081161596511882	-2.814908780016552e-18	-0.11984479355743967	-0.06932951382035463	-0.11984479355743966	0.06932951382035463	0.4918838403488112	2.814908780016552e-18	
11.5 	0.5115552971767994	-8.397574020773576e-19	-0.11987079483300625	-0.06820664603495556	-0.11987079483300626	0.06820664603495556	0.4884447028232	8.397574020773576e-19	
11.525 	0.5149339233167385	-1.6681137301421264e-18	-0.11988436144341393	-0.06690973380368506	-0.11988436144341395	0.06690973380368506	0.48506607668326085	1.6681137301421264e-18	
11.55 	0.5182434406927595	2.968390126726291e-19	-0.11988584142910085	-0.06544304915922762	-0.11988584142910087	0.06544304915922762	0.4817565593072398	-2.968390126726291e-19	
11.575 	0.5214754790848626	-1.3237498581946275e-18	-0.11987945938442149	-0.06381144085593994	-0.11987945938442147	0.06381144085593994	0.47852452091513686	1.3237498581946275e-18	
11.6 	0.5246219287593397	-1.2795339136671877e-18	-0.1198720839581139	-0.0620204980096397	-0.11987208395811393	0.0620204980096397	0.4753780712406596	1.2795339136671877e-18	
11.625 	0.5276749790732634	-3.7805910772075265e-19	-0.11987089174672734	-0.0600765893640375	-0.11987089174672733	0.0600765893640375	0.4723250209267356	3.7805910772075265e-19	
11.65 	0.5306271554074419	-1.0723158314563346e-18	-0.11988090099819065	-0.05798675910421467	-0.1198809009981907	0.05798675910421467	0.46937284459255735	1.0723158314563346e-18	
11.675 	0.5334713480237998	1.3396770996251724e-18	-0.11990340659940066	-0.05575851880872301	-0.11990340659940066	0.05575851880872301	0.4665286519761994	-1.3396770996251724e-18	
11.7 	0.5362008295237267	2.202653283875003e-19	-0.11993591674077969	-0.05339961408656798	-0.11993591674077968	0.05339961408656798	0.46379917047627256	-3.6897122803411145e-18	
11.725 	0.5388092617520336	-4.935846068141032e-19	-0.11997349464454014	-0.05091784764442083	-0.11997349464454013	0.05091784764442083	0.46119073824796564	4.935846068141032e-19	
11.75 	0.541290696408091	6.579657496244868e-19	-0.12001079701029312	-0.048321008908679165	-0.12001079701029312	0.048321008908679165	0.4587093035919078	-6.579657496244868e-19	
11.775 	0.5436395749124402	5.247087811550877e-19	-0.12004386842430387	-0.045616910427842015	-0.12004386842430383	0.045616910427842015	0.4563604250875586	-5.247087811550877e-19	
11.8 	0.5458507319057032	5.31258210414142e-19	-0.12007098540336794	-0.042813486794537156	-0.12007098540336794	0.042813486794537156	0.4541492680942957	-5.31258210414142e-19	
11.825 	0.5479194039253074	-8.644624664156191e-19	-0.12009239008230323	-0.03991889227584412	-0.1200923900823032	0.03991889227584412	0.4520805960746913	8.644624664156191e-19	
11.85 	0.5498412417888915	-4.458126855510493e-19	-0.12010930783363497	-0.03694154523814066	-0.12010930783363499	0.03694154523814066	0.4501587582111071	4.458126855510493e-19	
11.875 	0.5516123234219908	-8.555944264379956e-19	-0.12012292097666417	-0.033890101998339583	-0.12012292097666417	0.033890101998339583	0.44838767657800765	8.555944264379956e-19	
11.9 	0.5532291639832675	8.338703874886822e-19	-0.12013385755658848	-0.030773380941452995	-0.12013385755658845	0.030773380941452995	0.44677083601673095	-8.338703874886822e-19	
11.925 	0.5546887218423837	-2.239016676163207e-18	-0.12014235528387625	-0.027600280293478538	-0.1201423552838762	0.027600280293478538	0.4453112781576147	5.042932001864001e-19	
11.95 	0.5559884011659513	-7.224434569169206e-19	-0.12014882846287267	-0.02437972977748303	-0.12014882846287274	0.02437972977748303	0.4440115988340471	7.224434569169206e-19	
11.975 	0.5571260533181702	7.234285885311195e-19	-0.12015434926196335	-0.021120691345451855	-0.12015434926196336	0.021120691345451855	0.44287394668182817	-7.234285885311195e-19	
