    0.000000e+00    1.0000000000e+00    0.0000000000e+00    0.0000000000e+00    0.0000000000e+00    0.0000000000e+00    0.0000000000e+00    0.0000000000e+00    0.0000000000e+00
    2.500000e-02    9.9937566643e-01    0.0000000000e+00    6.1138305766e-04    2.4948689234e-02    6.1138305766e-04   -2.4948689234e-02    6.2433356774e-04    0.0000000000e+00
    5.000000e-02    9.9750950280e-01    0.0000000000e+00    2.3893844484e-03    4.9637220197e-02    2.3893844484e-03   -4.9637220197e-02    2.4904971988e-03    0.0000000000e+00
    7.500000e-02    9.9441948681e-01    0.0000000000e+00    5.2493502854e-03    7.3874279673e-02    5.2493502854e-03   -7.3874279673e-02    5.5805131910e-03    0.0000000000e+00
    1.000000e-01    9.9013222754e-01    0.0000000000e+00    9.1083143135e-03    9.7502930573e-02    9.1083143135e-03   -9.7502930573e-02    9.8677724646e-03    0.0000000000e+00
    1.250000e-01    9.8468157387e-01    0.0000000000e+00    1.3885969902e-02    1.2038936438e-01    1.3885969902e-02   -1.2038936438e-01    1.5318426129e-02    0.0000000000e+00
    1.500000e-01    9.7810760104e-01    0.0000000000e+00    1.9504777654e-02    1.4241769135e-01    1.9504777654e-02   -1.4241769135e-01    2.1892398962e-02    0.0000000000e+00
    1.750000e-01    9.7045579833e-01    0.0000000000e+00    2.5889740785e-02    1.6348682500e-01    2.5889740785e-02   -1.6348682500e-01    2.9544201669e-02    0.0000000000e+00
    2.000000e-01    9.6177638379e-01    0.0000000000e+00    3.2968056613e-02    1.8350841857e-01    3.2968056613e-02   -1.8350841857e-01    3.8223616207e-02    0.0000000000e+00
    2.250000e-01    9.5212370526e-01    0.0000000000e+00    4.0668745243e-02    2.0240542594e-01    4.0668745243e-02   -2.0240542594e-01    4.7876294736e-02    0.0000000000e+00
    2.500000e-01    9.4155570256e-01    0.0000000000e+00    4.8922307968e-02    2.2011106775e-01    4.8922307968e-02   -2.2011106775e-01    5.8444297438e-02    0.0000000000e+00
    2.750000e-01    9.3013341405e-01    0.0000000000e+00    5.7660442223e-02    2.3656807344e-01    5.7660442223e-02   -2.3656807344e-01    6.9866585949e-02    0.0000000000e+00
    3.000000e-01    9.1792051600e-01    0.0000000000e+00    6.6815825223e-02    2.5172811536e-01    6.6815825223e-02   -2.5172811536e-01    8.2079483996e-02    0.0000000000e+00
    3.250000e-01    9.0498288673e-01    0.0000000000e+00    7.6321969529e-02    2.6555137678e-01    7.6321969529e-02   -2.6555137678e-01    9.5017113274e-02    0.0000000000e+00
    3.500000e-01    8.9138818981e-01    0.0000000000e+00    8.6113148402e-02    2.7800621202e-01    8.6113148402e-02   -2.7800621202e-01    1.0861181019e-01    0.0000000000e+00
    3.750000e-01    8.7720547277e-01    0.0000000000e+00    9.6124385585e-02    2.8906886763e-01    9.6124385585e-02   -2.8906886763e-01    1.2279452723e-01    0.0000000000e+00
    4.000000e-01    8.6250477854e-01    0.0000000000e+00    1.0629150231e-01    2.9872324137e-01    1.0629150231e-01   -2.9872324137e-01    1.3749522146e-01    0.0000000000e+00
    4.250000e-01    8.4735676853e-01    0.0000000000e+00    1.1655121347e-01    3.0696066151e-01    1.1655121347e-01   -3.0696066151e-01    1.5264323147e-01    0.0000000000e+00
    4.500000e-01    8.3183235642e-01    0.0000000000e+00    1.2684126453e-01    3.1377967328e-01    1.2684126453e-01   -3.1377967328e-01    1.6816764358e-01    0.0000000000e+00
    4.750000e-01    8.1600235268e-01    0.0000000000e+00    1.3710060108e-01    3.1918582264e-01    1.3710060108e-01   -3.1918582264e-01    1.8399764732e-01    0.0000000000e+00
    5.000000e-01    7.9993712015e-01    0.0000000000e+00    1.4726956289e-01    3.2319143042e-01    1.4726956289e-01   -3.2319143042e-01    2.0006287985e-01    0.0000000000e+00
    5.250000e-01    7.8370624123e-01    0.0000000000e+00    1.5729009552e-01    3.2581535174e-01    1.5729009552e-01   -3.2581535174e-01    2.1629375877e-01    0.0000000000e+00
    5.500000e-01    7.6737819757e-01    0.0000000000e+00    1.6710597245e-01    3.2708271760e-01    1.6710597245e-01   -3.2708271760e-01    2.3262180243e-01    0.0000000000e+00
    5.750000e-01    7.5102006309e-01    0.0000000000e+00    1.7666302192e-01    3.2702465659e-01    1.7666302192e-01   -3.2702465659e-01    2.4897993691e-01    0.0000000000e+00
    6.000000e-01    7.3469721156e-01    0.0000000000e+00    1.8590935302e-01    3.2567799598e-01    1.8590935302e-01   -3.2567799598e-01    2.6530278844e-01    0.0000000000e+00
    6.250000e-01    7.1847303951e-01    0.0000000000e+00    1.9479557648e-01    3.2308494234e-01    1.9479557648e-01   -3.2308494234e-01    2.8152696049e-01    0.0000000000e+00
    6.500000e-01    7.0240870570e-01    0.0000000000e+00    2.0327501604e-01    3.1929274228e-01    2.0327501604e-01   -3.1929274228e-01    2.9759129430e-01    0.0000000000e+00
    6.750000e-01    6.8656288797e-01    0.0000000000e+00    2.1130390690e-01    3.1435332471e-01    2.1130390690e-01   -3.1435332471e-01    3.1343711203e-01    0.0000000000e+00
    7.000000e-01    6.7099155842e-01    0.0000000000e+00    2.1884157864e-01    3.0832292629e-01    2.1884157864e-01   -3.0832292629e-01    3.2900844158e-01    0.0000000000e+00
    7.250000e-01    6.5574777772e-01    0.0000000000e+00    2.2585062000e-01    3.0126170215e-01    2.2585062000e-01   -3.0126170215e-01    3.4425222228e-01    0.0000000000e+00
    7.500000e-01    6.4088150916e-01    0.0000000000e+00    2.3229702381e-01    2.9323332401e-01    2.3229702381e-01   -2.9323332401e-01    3.5911849084e-01    0.0000000000e+00
    7.750000e-01    6.2643945311e-01    0.0000000000e+00    2.3815031063e-01    2.8430456831e-01    2.3815031063e-01   -2.8430456831e-01    3.7356054689e-01    0.0000000000e+00
    8.000000e-01    6.1246490219e-01    0.0000000000e+00    2.4338363002e-01    2.7454489672e-01    2.4338363002e-01   -2.7454489672e-01    3.8753509781e-01    0.0000000000e+00
    8.250000e-01    5.9899761768e-01    0.0000000000e+00    2.4797383890e-01    2.6402603163e-01    2.4797383890e-01   -2.6402603163e-01    4.0100238232e-01    0.0000000000e+00
    8.500000e-01    5.8607372709e-01    0.0000000000e+00    2.5190155649e-01    2.5282152931e-01    2.5190155649e-01   -2.5282152931e-01    4.1392627291e-01    0.0000000000e+00
    8.750000e-01    5.7372564319e-01    0.0000000000e+00    2.5515119587e-01    2.4100635320e-01    2.5515119587e-01   -2.4100635320e-01    4.2627435681e-01    0.0000000000e+00
    9.000000e-01    5.6198200421e-01    0.0000000000e+00    2.5771097242e-01    2.2865644980e-01    2.5771097242e-01   -2.2865644980e-01    4.3801799579e-01    0.0000000000e+00
    9.250000e-01    5.5086763524e-01    0.0000000000e+00    2.5957288938e-01    2.1584832979e-01    2.5957288938e-01   -2.1584832979e-01    4.4913236476e-01    0.0000000000e+00
    9.500000e-01    5.4040353031e-01    0.0000000000e+00    2.6073270131e-01    2.0265865650e-01    2.6073270131e-01   -2.0265865650e-01    4.5959646969e-01    0.0000000000e+00
    9.750000e-01    5.3060685488e-01    0.0000000000e+00    2.6118985622e-01    1.8916384403e-01    2.6118985622e-01   -1.8916384403e-01    4.6939314512e-01    0.0000000000e+00
    1.000000e+00    5.2149096808e-01    0.0000000000e+00    2.6094741724e-01    1.7543966711e-01    2.6094741724e-01   -1.7543966711e-01    4.7850903192e-01    0.0000000000e+00
    1.025000e+00    5.1306546416e-01    0.0000000000e+00    2.6001196496e-01    1.6156088472e-01    2.6001196496e-01   -1.6156088472e-01    4.8693453584e-01    0.0000000000e+00
    1.050000e+00    5.0533623238e-01    0.0000000000e+00    2.5839348155e-01    1.4760087910e-01    2.5839348155e-01   -1.4760087910e-01    4.9466376762e-01    0.0000000000e+00
    1.075000e+00    4.9830553448e-01    0.0000000000e+00    2.5610521808e-01    1.3363131194e-01    2.5610521808e-01   -1.3363131194e-01    5.0169446552e-01    0.0000000000e+00
    1.100000e+00    4.9197209897e-01    0.0000000000e+00    2.5316354617e-01    1.1972179917e-01    2.5316354617e-01   -1.1972179917e-01    5.0802790103e-01    0.0000000000e+00
    1.125000e+00    4.8633123110e-01    0.0000000000e+00    2.4958779550e-01    1.0593960572e-01    2.4958779550e-01   -1.0593960572e-01    5.1366876890e-01    0.0000000000e+00
    1.150000e+00    4.8137493763e-01    0.0000000000e+00    2.4540007860e-01    9.2349361333e-02    2.4540007860e-01   -9.2349361333e-02    5.1862506237e-01    0.0000000000e+00
    1.175000e+00    4.7709206520e-01    0.0000000000e+00    2.4062510427e-01    7.9012798495e-02    2.4062510427e-01   -7.9012798495e-02    5.2290793480e-01    0.0000000000e+00
    1.200000e+00    4.7346845129e-01    0.0000000000e+00    2.3528998135e-01    6.5988513260e-02    2.3528998135e-01   -6.5988513260e-02    5.2653154871e-01    0.0000000000e+00
    1.225000e+00    4.7048708654e-01    0.0000000000e+00    2.2942401402e-01    5.3331749668e-02    2.2942401402e-01   -5.3331749668e-02    5.2951291346e-01    0.0000000000e+00
    1.250000e+00    4.6812828723e-01    0.0000000000e+00    2.2305849034e-01    4.1094208236e-02    2.2305849034e-01   -4.1094208236e-02    5.3187171277e-01    0.0000000000e+00
    1.275000e+00    4.6636987671e-01    0.0000000000e+00    2.1622646545e-01    2.9323878889e-02    2.1622646545e-01   -2.9323878889e-02    5.3363012329e-01    0.0000000000e+00
    1.300000e+00    4.6518737465e-01    0.0000000000e+00    2.0896254076e-01    1.8064898519e-02    2.0896254076e-01   -1.8064898519e-02    5.3481262535e-01    0.0000000000e+00
    1.325000e+00    4.6455419268e-01    0.0000000000e+00    2.0130264067e-01    7.3574332128e-03    2.0130264067e-01   -7.3574332128e-03    5.3544580732e-01    0.0000000000e+00
    1.350000e+00    4.6444183541e-01    0.0000000000e+00    1.9328378817e-01   -2.7624149231e-03    1.9328378817e-01    2.7624149231e-03    5.3555816459e-01    0.0000000000e+00
    1.375000e+00    4.6482010541e-01    0.0000000000e+00    1.8494388055e-01   -1.2262676590e-02    1.8494388055e-01    1.2262676590e-02    5.3517989459e-01    0.0000000000e+00
    1.400000e+00    4.6565731110e-01    0.0000000000e+00    1.7632146668e-01   -2.1115560122e-02    1.7632146668e-01    2.1115560122e-02    5.3434268890e-01    0.0000000000e+00
    1.425000e+00    4.6692047624e-01    0.0000000000e+00    1.6745552690e-01   -2.9297472796e-02    1.6745552690e-01    2.9297472796e-02    5.3307952376e-01    0.0000000000e+00
    1.450000e+00    4.6857554995e-01    0.0000000000e+00    1.5838525678e-01   -3.6789019214e-02    1.5838525678e-01    3.6789019214e-02    5.3142445005e-01    0.0000000000e+00
    1.475000e+00    4.7058761606e-01    0.0000000000e+00    1.4914985587e-01   -4.3574977474e-02    1.4914985587e-01    4.3574977474e-02    5.2941238394e-01    0.0000000000e+00
    1.500000e+00    4.7292110074e-01    0.0000000000e+00    1.3978832240e-01   -4.9644253910e-02    1.3978832240e-01    4.9644253910e-02    5.2707889926e-01    0.0000000000e+00
    1.525000e+00    4.7553997736e-01    0.0000000000e+00    1.3033925496e-01   -5.4989817325e-02    1.3033925496e-01    5.4989817325e-02    5.2446002264e-01    0.0000000000e+00
    1.550000e+00    4.7840796754e-01    0.0000000000e+00    1.2084066198e-01   -5.9608613668e-02    1.2084066198e-01    5.9608613668e-02    5.2159203246e-01    0.0000000000e+00
    1.575000e+00    4.8148873751e-01    0.0000000000e+00    1.1132977992e-01   -6.3501462222e-02    1.1132977992e-01    6.3501462222e-02    5.1851126249e-01    0.0000000000e+00
    1.600000e+00    4.8474608881e-01    0.0000000000e+00    1.0184290081e-01   -6.6672934425e-02    1.0184290081e-01    6.6672934425e-02    5.1525391119e-01    0.0000000000e+00
    1.625000e+00    4.8814414253e-01    0.0000000000e+00    9.2415209848e-02   -6.9131216492e-02    9.2415209848e-02    6.9131216492e-02    5.1185585747e-01    0.0000000000e+00
    1.650000e+00    4.9164751627e-01    0.0000000000e+00    8.3080633634e-02   -7.0887957076e-02    8.3080633634e-02    7.0887957076e-02    5.0835248373e-01    0.0000000000e+00
    1.675000e+00    4.9522149323e-01    0.0000000000e+00    7.3871699572e-02   -7.1958101238e-02    7.3871699572e-02    7.1958101238e-02    5.0477850677e-01    0.0000000000e+00
    1.700000e+00    4.9883218254e-01    0.0000000000e+00    6.4819406795e-02   -7.2359712026e-02    6.4819406795e-02    7.2359712026e-02    5.0116781746e-01    0.0000000000e+00
    1.725000e+00    5.0244667055e-01    0.0000000000e+00    5.5953109024e-02   -7.2113780992e-02    5.5953109024e-02    7.2113780992e-02    4.9755332945e-01    0.0000000000e+00
    1.750000e+00    5.0603316222e-01    0.0000000000e+00    4.7300409604e-02   -7.1244029004e-02    4.7300409604e-02    7.1244029004e-02    4.9396683778e-01    0.0000000000e+00
    1.775000e+00    5.0956111253e-01    0.0000000000e+00    3.8887068922e-02   -6.9776698693e-02    3.8887068922e-02    6.9776698693e-02    4.9043888747e-01    0.0000000000e+00
    1.800000e+00    5.1300134713e-01    0.0000000000e+00    3.0736924321e-02   -6.7740339910e-02    3.0736924321e-02    6.7740339910e-02    4.8699865287e-01    0.0000000000e+00
    1.825000e+00    5.1632617229e-01    0.0000000000e+00    2.2871822572e-02   -6.5165589540e-02    2.2871822572e-02    6.5165589540e-02    4.8367382771e-01    0.0000000000e+00
    1.850000e+00    5.1950947364e-01    0.0000000000e+00    1.5311564868e-02   -6.2084947006e-02    1.5311564868e-02    6.2084947006e-02    4.8049052636e-01    0.0000000000e+00
    1.875000e+00    5.2252680358e-01    0.0000000000e+00    8.0738642673e-03   -5.8532546803e-02    8.0738642673e-03    5.8532546803e-02    4.7747319642e-01    0.0000000000e+00
    1.900000e+00    5.2535545737e-01    0.0000000000e+00    1.1743154271e-03   -5.4543929344e-02    1.1743154271e-03    5.4543929344e-02    4.7464454263e-01    0.0000000000e+00
    1.925000e+00    5.2797453765e-01    0.0000000000e+00   -5.3736235817e-03   -5.0155811384e-02   -5.3736235817e-03    5.0155811384e-02    4.7202546235e-01    0.0000000000e+00
    1.950000e+00    5.3036500751e-01    0.0000000000e+00   -1.1558637652e-02   -4.5405857263e-02   -1.1558637652e-02    4.5405857263e-02    4.6963499249e-01    0.0000000000e+00
    1.975000e+00    5.3250973225e-01    0.0000000000e+00   -1.7371549536e-02   -4.0332452138e-02   -1.7371549536e-02    4.0332452138e-02    4.6749026775e-01    0.0000000000e+00
    2.000000e+00    5.3439350976e-01    0.0000000000e+00   -2.2805303633e-02   -3.4974478348e-02   -2.2805303633e-02    3.4974478348e-02    4.6560649024e-01    0.0000000000e+00
    2.025000e+00    5.3600308991e-01    0.0000000000e+00   -2.7854939098e-02   -2.9371096005e-02   -2.7854939098e-02    2.9371096005e-02    4.6399691009e-01    0.0000000000e+00
    2.050000e+00    5.3732718303e-01    0.0000000000e+00   -3.2517552733e-02   -2.3561528826e-02   -3.2517552733e-02    2.3561528826e-02    4.6267281697e-01    0.0000000000e+00
    2.075000e+00    5.3835645789e-01    0.0000000000e+00   -3.6792252184e-02   -1.7584856190e-02   -3.6792252184e-02    1.7584856190e-02    4.6164354211e-01    0.0000000000e+00
    2.100000e+00    5.3908352942e-01    0.0000000000e+00   -4.0680099968e-02   -1.1479812321e-02   -4.0680099968e-02    1.1479812321e-02    4.6091647058e-01    0.0000000000e+00
    2.125000e+00    5.3950293661e-01    0.0000000000e+00   -4.4184048918e-02   -5.2845934366e-03   -4.4184048918e-02    5.2845934366e-03    4.6049706339e-01    0.0000000000e+00
    2.150000e+00    5.3961111092e-01    0.0000000000e+00   -4.7308869651e-02    9.6332636122e-04   -4.7308869651e-02   -9.6332636122e-04    4.6038888908e-01    0.0000000000e+00
    2.175000e+00    5.3940633583e-01    0.0000000000e+00   -5.0061070682e-02    7.2273697499e-03   -5.0061070682e-02   -7.2273697499e-03    4.6059366417e-01    0.0000000000e+00
    2.200000e+00    5.3888869783e-01    0.0000000000e+00   -5.2448811829e-02    1.3472020777e-02   -5.2448811829e-02   -1.3472020777e-02    4.6111130217e-01    0.0000000000e+00
    2.225000e+00    5.3806002939e-01    0.0000000000e+00   -5.4481811576e-02    1.9662978817e-02   -5.4481811576e-02   -1.9662978817e-02    4.6193997061e-01    0.0000000000e+00
    2.250000e+00    5.3692384470e-01    0.0000000000e+00   -5.6171249071e-02    2.5767301407e-02   -5.6171249071e-02   -2.5767301407e-02    4.6307615530e-01    0.0000000000e+00
    2.275000e+00    5.3548526829e-01    0.0000000000e+00   -5.7529661425e-02    3.1753535557e-02   -5.7529661425e-02   -3.1753535557e-02    4.6451473171e-01    0.0000000000e+00
    2.300000e+00    5.3375095764e-01    0.0000000000e+00   -5.8570837019e-02    3.7591837183e-02   -5.8570837019e-02   -3.7591837183e-02    4.6624904236e-01    0.0000000000e+00
    2.325000e+00    5.3172901992e-01    0.0000000000e+00   -5.9309705491e-02    4.3254078422e-02   -5.9309705491e-02   -4.3254078422e-02    4.6827098008e-01    0.0000000000e+00
    2.350000e+00    5.2942892380e-01    0.0000000000e+00   -5.9762225083e-02    4.8713942606e-02   -5.9762225083e-02   -4.8713942606e-02    4.7057107620e-01    0.0000000000e+00
    2.375000e+00    5.2686140675e-01    0.0000000000e+00   -5.9945268029e-02    5.3947006798e-02   -5.9945268029e-02   -5.3947006798e-02    4.7313859325e-01    0.0000000000e+00
    2.400000e+00    5.2403837856e-01    0.0000000000e+00   -5.9876504650e-02    5.8930811827e-02   -5.9876504650e-02   -5.8930811827e-02    4.7596162144e-01    0.0000000000e+00
    2.425000e+00    5.2097282167e-01    0.0000000000e+00   -5.9574286796e-02    6.3644919840e-02   -5.9574286796e-02   -6.3644919840e-02    4.7902717833e-01    0.0000000000e+00
    2.450000e+00    5.1767868889e-01    0.0000000000e+00   -5.9057531283e-02    6.8070959447e-02   -5.9057531283e-02   -6.8070959447e-02    4.8232131111e-01    0.0000000000e+00
    2.475000e+00    5.1417079924e-01    0.0000000000e+00   -5.8345603922e-02    7.2192658611e-02   -5.8345603922e-02   -7.2192658611e-02    4.8582920076e-01    0.0000000000e+00
    2.500000e+00    5.1046473241e-01    0.0000000000e+00   -5.7458204750e-02    7.5995865481e-02   -5.7458204750e-02   -7.5995865481e-02    4.8953526759e-01    0.0000000000e+00
    2.525000e+00    5.0657672246e-01    0.0000000000e+00   -5.6415255020e-02    7.9468557424e-02   -5.6415255020e-02   -7.9468557424e-02    4.9342327754e-01    0.0000000000e+00
    2.550000e+00    5.0252355136e-01    0.0000000000e+00   -5.5236786496e-02    8.2600838588e-02   -5.5236786496e-02   -8.2600838588e-02    4.9747644864e-01    0.0000000000e+00
    2.575000e+00    4.9832244298e-01    0.0000000000e+00   -5.3942833555e-02    8.5384926341e-02   -5.3942833555e-02   -8.5384926341e-02    5.0167755702e-01    0.0000000000e+00
    2.600000e+00    4.9399095798e-01    0.0000000000e+00   -5.2553328596e-02    8.7815127016e-02   -5.2553328596e-02   -8.7815127016e-02    5.0600904202e-01    0.0000000000e+00
    2.625000e+00    4.8954689017e-01    0.0000000000e+00   -5.1088001188e-02    8.9887801406e-02   -5.1088001188e-02   -8.9887801406e-02    5.1045310983e-01    0.0000000000e+00
    2.650000e+00    4.8500816485e-01    0.0000000000e+00   -4.9566281382e-02    9.1601320518e-02   -4.9566281382e-02   -9.1601320518e-02    5.1499183515e-01    0.0000000000e+00
    2.675000e+00    4.8039273963e-01    0.0000000000e+00   -4.8007207563e-02    9.2956012107e-02   -4.8007207563e-02   -9.2956012107e-02    5.1960726037e-01    0.0000000000e+00
    2.700000e+00    4.7571850808e-01    0.0000000000e+00   -4.6429339192e-02    9.3954098565e-02   -4.6429339192e-02   -9.3954098565e-02    5.2428149192e-01    0.0000000000e+00
    2.725000e+00    4.7100320672e-01    0.0000000000e+00   -4.4850674746e-02    9.4599626749e-02   -4.4850674746e-02   -9.4599626749e-02    5.2899679328e-01    0.0000000000e+00
    2.750000e+00    4.6626432573e-01    0.0000000000e+00   -4.3288575124e-02    9.4898390368e-02   -4.3288575124e-02   -9.4898390368e-02    5.3373567427e-01    0.0000000000e+00
    2.775000e+00    4.6151902369e-01    0.0000000000e+00   -4.1759692760e-02    9.4857845577e-02   -4.1759692760e-02   -9.4857845577e-02    5.3848097631e-01    0.0000000000e+00
    2.800000e+00    4.5678404667e-01    0.0000000000e+00   -4.0279906633e-02    9.4487020414e-02   -4.0279906633e-02   -9.4487020414e-02    5.4321595333e-01    0.0000000000e+00
    2.825000e+00    4.5207565203e-01    0.0000000000e+00   -3.8864263345e-02    9.3796418752e-02   -3.8864263345e-02   -9.3796418752e-02    5.4792434797e-01    0.0000000000e+00
    2.850000e+00    4.4740953713e-01    0.0000000000e+00   -3.7526924381e-02    9.2797919452e-02   -3.7526924381e-02   -9.2797919452e-02    5.5259046287e-01    0.0000000000e+00
    2.875000e+00    4.4280077321e-01    0.0000000000e+00   -3.6281119644e-02    9.1504671379e-02   -3.6281119644e-02   -9.1504671379e-02    5.5719922679e-01    0.0000000000e+00
    2.900000e+00    4.3826374455e-01    0.0000000000e+00   -3.5139107310e-02    8.9930984967e-02   -3.5139107310e-02   -8.9930984967e-02    5.6173625545e-01    0.0000000000e+00
    2.925000e+00    4.3381209319e-01    0.0000000000e+00   -3.4112140033e-02    8.8092221014e-02   -3.4112140033e-02   -8.8092221014e-02    5.6618790681e-01    0.0000000000e+00
    2.950000e+00    4.2945866923e-01    0.0000000000e+00   -3.3210437465e-02    8.6004677370e-02   -3.3210437465e-02   -8.6004677370e-02    5.7054133077e-01    0.0000000000e+00
    2.975000e+00    4.2521548684e-01    0.0000000000e+00   -3.2443165058e-02    8.3685474191e-02   -3.2443165058e-02   -8.3685474191e-02    5.7478451316e-01    0.0000000000e+00
    3.000000e+00    4.2109368602e-01    0.0000000000e+00   -3.1818419049e-02    8.1152438384e-02   -3.1818419049e-02   -8.1152438384e-02    5.7890631398e-01    0.0000000000e+00
    3.025000e+00    4.1710350017e-01    0.0000000000e+00   -3.1343217539e-02    7.8423987911e-02   -3.1343217539e-02   -7.8423987911e-02    5.8289649983e-01    0.0000000000e+00
    3.050000e+00    4.1325422944e-01    0.0000000000e+00   -3.1023497503e-02    7.5519016524e-02   -3.1023497503e-02   -7.5519016524e-02    5.8674577056e-01    0.0000000000e+00
    3.075000e+00    4.0955421975e-01    0.0000000000e+00   -3.0864117573e-02    7.2456779562e-02   -3.0864117573e-02   -7.2456779562e-02    5.9044578025e-01    0.0000000000e+00
    3.100000e+00    4.0601084758e-01    0.0000000000e+00   -3.0868866416e-02    6.9256781356e-02   -3.0868866416e-02   -6.9256781356e-02    5.9398915242e-01    0.0000000000e+00
    3.125000e+00    4.0263051027e-01    0.0000000000e+00   -3.1040476460e-02    6.5938664785e-02   -3.1040476460e-02   -6.5938664785e-02    5.9736948973e-01    0.0000000000e+00
    3.150000e+00    3.9941862181e-01    0.0000000000e+00   -3.1380642761e-02    6.2522103514e-02   -3.1380642761e-02   -6.2522103514e-02    6.0058137819e-01    0.0000000000e+00
    3.175000e+00    3.9637961390e-01    0.0000000000e+00   -3.1890046737e-02    5.9026697381e-02   -3.1890046737e-02   -5.9026697381e-02    6.0362038610e-01    0.0000000000e+00
    3.200000e+00    3.9351694225e-01    0.0000000000e+00   -3.2568384501e-02    5.5471871398e-02   -3.2568384501e-02   -5.5471871398e-02    6.0648305775e-01    0.0000000000e+00
    3.225000e+00    3.9083309767e-01    0.0000000000e+00   -3.3414399493e-02    5.1876778778e-02   -3.3414399493e-02   -5.1876778778e-02    6.0916690233e-01    0.0000000000e+00
    3.250000e+00    3.8832962208e-01    0.0000000000e+00   -3.4425919128e-02    4.8260208380e-02   -3.4425919128e-02   -4.8260208380e-02    6.1167037792e-01    0.0000000000e+00
    3.275000e+00    3.8600712889e-01    0.0000000000e+00   -3.5599895113e-02    4.4640496928e-02   -3.5599895113e-02   -4.4640496928e-02    6.1399287111e-01    0.0000000000e+00
    3.300000e+00    3.8386532770e-01    0.0000000000e+00   -3.6932447136e-02    4.1035446300e-02   -3.6932447136e-02   -4.1035446300e-02    6.1613467230e-01    0.0000000000e+00
    3.325000e+00    3.8190305304e-01    0.0000000000e+00   -3.8418909582e-02    3.7462246188e-02   -3.8418909582e-02   -3.7462246188e-02    6.1809694696e-01    0.0000000000e+00
    3.350000e+00    3.8011829673e-01    0.0000000000e+00   -4.0053880926e-02    3.3937402360e-02   -4.0053880926e-02   -3.3937402360e-02    6.1988170327e-01    0.0000000000e+00
    3.375000e+00    3.7850824381e-01    0.0000000000e+00   -4.1831275490e-02    3.0476670728e-02   -4.1831275490e-02   -3.0476670728e-02    6.2149175619e-01    0.0000000000e+00
    3.400000e+00    3.7706931154e-01    0.0000000000e+00   -4.3744377181e-02    2.7094997396e-02   -4.3744377181e-02   -2.7094997396e-02    6.2293068846e-01    0.0000000000e+00
    3.425000e+00    3.7579719122e-01    0.0000000000e+00   -4.5785894900e-02    2.3806464811e-02   -4.5785894900e-02   -2.3806464811e-02    6.2420280878e-01    0.0000000000e+00
    3.450000e+00    3.7468689266e-01    0.0000000000e+00   -4.7948019262e-02    2.0624244122e-02   -4.7948019262e-02   -2.0624244122e-02    6.2531310734e-01    0.0000000000e+00
    3.475000e+00    3.7373279075e-01    0.0000000000e+00   -5.0222480285e-02    1.7560553802e-02   -5.0222480285e-02   -1.7560553802e-02    6.2626720925e-01    0.0000000000e+00
    3.500000e+00    3.7292867403e-01    0.0000000000e+00   -5.2600605730e-02    1.4626624556e-02   -5.2600605730e-02   -1.4626624556e-02    6.2707132597e-01    0.0000000000e+00
    3.525000e+00    3.7226779480e-01    0.0000000000e+00   -5.5073379749e-02    1.1832670509e-02   -5.5073379749e-02   -1.1832670509e-02    6.2773220520e-01    0.0000000000e+00
    3.550000e+00    3.7174292056e-01    0.0000000000e+00   -5.7631501534e-02    9.1878666311e-03   -5.7631501534e-02   -9.1878666311e-03    6.2825707944e-01    0.0000000000e+00
    3.575000e+00    3.7134638638e-01    0.0000000000e+00   -6.0265443650e-02    6.7003323319e-03   -6.0265443650e-02   -6.7003323319e-03    6.2865361362e-01    0.0000000000e+00
    3.600000e+00    3.7107014801e-01    0.0000000000e+00   -6.2965509766e-02    4.3771211068e-03   -6.2965509766e-02   -4.3771211068e-03    6.2892985199e-01    0.0000000000e+00
    3.625000e+00    3.7090583524e-01    0.0000000000e+00   -6.5721891484e-02    2.2242161201e-03   -6.5721891484e-02   -2.2242161201e-03    6.2909416476e-01    0.0000000000e+00
    3.650000e+00    3.7084480547e-01    0.0000000000e+00   -6.8524724009e-02    2.4653155373e-04   -6.8524724009e-02   -2.4653155373e-04    6.2915519453e-01    0.0000000000e+00
    3.675000e+00    3.7087819696e-01    0.0000000000e+00   -7.1364140391e-02   -1.5520804577e-03   -7.1364140391e-02    1.5520804577e-03    6.2912180304e-01    0.0000000000e+00
    3.700000e+00    3.7099698169e-01    0.0000000000e+00   -7.4230324109e-02   -3.1688175158e-03   -7.4230324109e-02    3.1688175158e-03    6.2900301831e-01    0.0000000000e+00
    3.725000e+00    3.7119201740e-01    0.0000000000e+00   -7.7113559757e-02   -4.6019095010e-03   -7.7113559757e-02    4.6019095010e-03    6.2880798260e-01    0.0000000000e+00
    3.750000e+00    3.7145409867e-01    0.0000000000e+00   -8.0004281642e-02   -5.8505962195e-03   -8.0004281642e-02    5.8505962195e-03    6.2854590133e-01    0.0000000000e+00
    3.775000e+00    3.7177400678e-01    0.0000000000e+00   -8.2893120086e-02   -6.9151004218e-03   -8.2893120086e-02    6.9151004218e-03    6.2822599322e-01    0.0000000000e+00
    3.800000e+00    3.7214255807e-01    0.0000000000e+00   -8.5770945268e-02   -7.7965964795e-03   -8.5770945268e-02    7.7965964795e-03    6.2785744193e-01    0.0000000000e+00
    3.825000e+00    3.7255065065e-01    0.0000000000e+00   -8.8628908444e-02   -8.4971750160e-03   -8.8628908444e-02    8.4971750160e-03    6.2744934935e-01    0.0000000000e+00
    3.850000e+00    3.7298930928e-01    0.0000000000e+00   -9.1458480425e-02   -9.0198038043e-03   -9.1458480425e-02    9.0198038043e-03    6.2701069072e-01    0.0000000000e+00
    3.875000e+00    3.7344972814e-01    0.0000000000e+00   -9.4251487171e-02   -9.3682852514e-03   -9.4251487171e-02    9.3682852514e-03    6.2655027186e-01    0.0000000000e+00
    3.900000e+00    3.7392331146e-01    0.0000000000e+00   -9.7000142425e-02   -9.5472107973e-03   -9.7000142425e-02    9.5472107973e-03    6.2607668854e-01    0.0000000000e+00
    3.925000e+00    3.7440171177e-01    0.0000000000e+00   -9.9697077286e-02   -9.5619125660e-03   -9.9697077286e-02    9.5619125660e-03    6.2559828823e-01    0.0000000000e+00
    3.950000e+00    3.7487686567e-01    0.0000000000e+00   -1.0233536668e-01   -9.4184126051e-03   -1.0233536668e-01    9.4184126051e-03    6.2512313433e-01    0.0000000000e+00
    3.975000e+00    3.7534102700e-01    0.0000000000e+00   -1.0490855269e-01   -9.1233700560e-03   -1.0490855269e-01    9.1233700560e-03    6.2465897300e-01    0.0000000000e+00
    4.000000e+00    3.7578679737e-01    0.0000000000e+00   -1.0741066463e-01   -8.6840265979e-03   -1.0741066463e-01    8.6840265979e-03    6.2421320263e-01    0.0000000000e+00
    4.025000e+00    3.7620715385e-01    0.0000000000e+00   -1.0983623606e-01   -8.1081505034e-03   -1.0983623606e-01    8.1081505034e-03    6.2379284615e-01    0.0000000000e+00
    4.050000e+00    3.7659547394e-01    0.0000000000e+00   -1.1218031850e-01   -7.4039796448e-03   -1.1218031850e-01    7.4039796448e-03    6.2340452606e-01    0.0000000000e+00
    4.075000e+00    3.7694555754e-01    0.0000000000e+00   -1.1443849207e-01   -6.5801637825e-03   -1.1443849207e-01    6.5801637825e-03    6.2305444246e-01    0.0000000000e+00
    4.100000e+00    3.7725164613e-01    0.0000000000e+00   -1.1660687293e-01   -5.6457064612e-03   -1.1660687293e-01    5.6457064612e-03    6.2274835387e-01    0.0000000000e+00
    4.125000e+00    3.7750843901e-01    0.0000000000e+00   -1.1868211778e-01   -4.6099068322e-03   -1.1868211778e-01    4.6099068322e-03    6.2249156099e-01    0.0000000000e+00
    4.150000e+00    3.7771110662e-01    0.0000000000e+00   -1.2066142529e-01   -3.4823017101e-03   -1.2066142529e-01    3.4823017101e-03    6.2228889338e-01    0.0000000000e+00
    4.175000e+00    3.7785530098e-01    0.0000000000e+00   -1.2254253464e-01   -2.2726081613e-03   -1.2254253464e-01    2.2726081613e-03    6.2214469902e-01    0.0000000000e+00
    4.200000e+00    3.7793716327e-01    0.0000000000e+00   -1.2432372127e-01   -9.9066691019e-04   -1.2432372127e-01    9.9066691019e-04    6.2206283673e-01    0.0000000000e+00
    4.225000e+00    3.7795332868e-01    0.0000000000e+00   -1.2600378993e-01    3.5361316374e-04   -1.2600378993e-01   -3.5361316374e-04    6.2204667132e-01    0.0000000000e+00
    4.250000e+00    3.7790092838e-01    0.0000000000e+00   -1.2758206518e-01    1.7503091804e-03   -1.2758206518e-01   -1.7503091804e-03    6.2209907162e-01    0.0000000000e+00
    4.275000e+00    3.7777758895e-01    0.0000000000e+00   -1.2905837938e-01    3.1895368208e-03   -1.2905837938e-01   -3.1895368208e-03    6.2222241105e-01    0.0000000000e+00
    4.300000e+00    3.7758142916e-01    0.0000000000e+00   -1.3043305843e-01    4.6615010688e-03   -1.3043305843e-01   -4.6615010688e-03    6.2241857084e-01    0.0000000000e+00
    4.325000e+00    3.7731105429e-01    0.0000000000e+00   -1.3170690531e-01    6.1565449222e-03   -1.3170690531e-01   -6.1565449222e-03    6.2268894571e-01    0.0000000000e+00
    4.350000e+00    3.7696554801e-01    0.0000000000e+00   -1.3288118167e-01    7.6651958782e-03   -1.3288118167e-01   -7.6651958782e-03    6.2303445199e-01    0.0000000000e+00
    4.375000e+00    3.7654446213e-01    0.0000000000e+00   -1.3395758746e-01    9.1782100188e-03   -1.3395758746e-01   -9.1782100188e-03    6.2345553787e-01    0.0000000000e+00
    4.400000e+00    3.7604780403e-01    0.0000000000e+00   -1.3493823901e-01    1.0686613536e-02   -1.3493823901e-01   -1.0686613536e-02    6.2395219597e-01    0.0000000000e+00
    4.425000e+00    3.7547602222e-01    0.0000000000e+00   -1.3582564550e-01    1.2181741561e-02   -1.3582564550e-01   -1.2181741561e-02    6.2452397778e-01    0.0000000000e+00
    4.450000e+00    3.7482999000e-01    0.0000000000e+00   -1.3662268406e-01    1.3655274166e-02   -1.3662268406e-01   -1.3655274166e-02    6.2517001000e-01    0.0000000000e+00
    4.475000e+00    3.7411098732e-01    0.0000000000e+00   -1.3733257383e-01    1.5099269456e-02   -1.3733257383e-01   -1.5099269456e-02    6.2588901268e-01    0.0000000000e+00
    4.500000e+00    3.7332068115e-01    0.0000000000e+00   -1.3795884884e-01    1.6506193638e-02   -1.3795884884e-01   -1.6506193638e-02    6.2667931885e-01    0.0000000000e+00
    4.525000e+00    3.7246110438e-01    0.0000000000e+00   -1.3850533020e-01    1.7868948030e-02   -1.3850533020e-01   -1.7868948030e-02    6.2753889562e-01    0.0000000000e+00
    4.550000e+00    3.7153463344e-01    0.0000000000e+00   -1.3897609756e-01    1.9180892947e-02   -1.3897609756e-01   -1.9180892947e-02    6.2846536656e-01    0.0000000000e+00
    4.575000e+00    3.7054396485e-01    0.0000000000e+00   -1.3937546013e-01    2.0435868430e-02   -1.3937546013e-01   -2.0435868430e-02    6.2945603515e-01    0.0000000000e+00
    4.600000e+00    3.6949209075e-01    0.0000000000e+00   -1.3970792730e-01    2.1628211824e-02   -1.3970792730e-01   -2.1628211824e-02    6.3050790925e-01    0.0000000000e+00
    4.625000e+00    3.6838227368e-01    0.0000000000e+00   -1.3997817923e-01    2.2752772189e-02   -1.3997817923e-01   -2.2752772189e-02    6.3161772632e-01    0.0000000000e+00
    4.650000e+00    3.6721802068e-01    0.0000000000e+00   -1.4019103731e-01    2.3804921582e-02   -1.4019103731e-01   -2.3804921582e-02    6.3278197932e-01    0.0000000000e+00
    4.675000e+00    3.6600305694e-01    0.0000000000e+00   -1.4035143489e-01    2.4780563237e-02   -1.4035143489e-01   -2.4780563237e-02    6.3399694306e-01    0.0000000000e+00
    4.700000e+00    3.6474129912e-01    0.0000000000e+00   -1.4046438826e-01    2.5676136701e-02   -1.4046438826e-01   -2.5676136701e-02    6.3525870088e-01    0.0000000000e+00
    4.725000e+00    3.6343682841e-01    0.0000000000e+00   -1.4053496809e-01    2.6488619986e-02   -1.4053496809e-01   -2.6488619986e-02    6.3656317159e-01    0.0000000000e+00
    4.750000e+00    3.6209386366e-01    0.0000000000e+00   -1.4056827147e-01    2.7215528828e-02   -1.4056827147e-01   -2.7215528828e-02    6.3790613634e-01    0.0000000000e+00
    4.775000e+00    3.6071673456e-01    0.0000000000e+00   -1.4056939468e-01    2.7854913132e-02   -1.4056939468e-01   -2.7854913132e-02    6.3928326544e-01    0.0000000000e+00
    4.800000e+00    3.5930985508e-01    0.0000000000e+00   -1.4054340675e-01    2.8405350725e-02   -1.4054340675e-01   -2.8405350725e-02    6.4069014492e-01    0.0000000000e+00
    4.825000e+00    3.5787769727e-01    0.0000000000e+00   -1.4049532403e-01    2.8865938519e-02   -1.4049532403e-01   -2.8865938519e-02    6.4212230273e-01    0.0000000000e+00
    4.850000e+00    3.5642476559e-01    0.0000000000e+00   -1.4043008579e-01    2.9236281212e-02   -1.4043008579e-01   -2.9236281212e-02    6.4357523441e-01    0.0000000000e+00
    4.875000e+00    3.5495557185e-01    0.0000000000e+00   -1.4035253096e-01    2.9516477672e-02   -1.4035253096e-01   -2.9516477672e-02    6.4504442815e-01    0.0000000000e+00
    4.900000e+00    3.5347461089e-01    0.0000000000e+00   -1.4026737615e-01    2.9707105137e-02   -1.4026737615e-01   -2.9707105137e-02    6.4652538911e-01    0.0000000000e+00
    4.925000e+00    3.5198633710e-01    0.0000000000e+00   -1.4017919494e-01    2.9809201382e-02   -1.4017919494e-01   -2.9809201382e-02    6.4801366290e-01    0.0000000000e+00
    4.950000e+00    3.5049514187e-01    0.0000000000e+00   -1.4009239858e-01    2.9824245019e-02   -1.4009239858e-01   -2.9824245019e-02    6.4950485813e-01    0.0000000000e+00
    4.975000e+00    3.4900533206e-01    0.0000000000e+00   -1.4001121818e-01    2.9754134077e-02   -1.4001121818e-01   -2.9754134077e-02    6.5099466794e-01    0.0000000000e+00
    5.000000e+00    3.4752110967e-01    0.0000000000e+00   -1.3993968825e-01    2.9601163039e-02   -1.3993968825e-01   -2.9601163039e-02    6.5247889033e-01    0.0000000000e+00
    5.025000e+00    3.4604655251e-01    0.0000000000e+00   -1.3988163199e-01    2.9367998498e-02   -1.3988163199e-01   -2.9367998498e-02    6.5395344749e-01    0.0000000000e+00
    5.050000e+00    3.4458559633e-01    0.0000000000e+00   -1.3984064793e-01    2.9057653607e-02   -1.3984064793e-01   -2.9057653607e-02    6.5541440367e-01    0.0000000000e+00
    5.075000e+00    3.4314201810e-01    0.0000000000e+00   -1.3982009830e-01    2.8673461491e-02   -1.3982009830e-01   -2.8673461491e-02    6.5685798190e-01    0.0000000000e+00
    5.100000e+00    3.4171942069e-01    0.0000000000e+00   -1.3982309898e-01    2.8219047794e-02   -1.3982309898e-01   -2.8219047794e-02    6.5828057931e-01    0.0000000000e+00
    5.125000e+00    3.4032121898e-01    0.0000000000e+00   -1.3985251095e-01    2.7698302533e-02   -1.3985251095e-01   -2.7698302533e-02    6.5967878102e-01    0.0000000000e+00
    5.150000e+00    3.3895062732e-01    0.0000000000e+00   -1.3991093349e-01    2.7115351427e-02   -1.3991093349e-01   -2.7115351427e-02    6.6104937268e-01    0.0000000000e+00
    5.175000e+00    3.3761064849e-01    0.0000000000e+00   -1.4000069885e-01    2.6474526869e-02   -1.4000069885e-01   -2.6474526869e-02    6.6238935151e-01    0.0000000000e+00
    5.200000e+00    3.3630406411e-01    0.0000000000e+00   -1.4012386856e-01    2.5780338708e-02   -1.4012386856e-01   -2.5780338708e-02    6.6369593589e-01    0.0000000000e+00
    5.225000e+00    3.3503342645e-01    0.0000000000e+00   -1.4028223121e-01    2.5037444988e-02   -1.4028223121e-01   -2.5037444988e-02    6.6496657355e-01    0.0000000000e+00
    5.250000e+00    3.3380105180e-01    0.0000000000e+00   -1.4047730177e-01    2.4250622820e-02   -1.4047730177e-01   -2.4250622820e-02    6.6619894820e-01    0.0000000000e+00
    5.275000e+00    3.3260901522e-01    0.0000000000e+00   -1.4071032237e-01    2.3424739514e-02   -1.4071032237e-01   -2.3424739514e-02    6.6739098478e-01    0.0000000000e+00
    5.300000e+00    3.3145914673e-01    0.0000000000e+00   -1.4098226449e-01    2.2564724134e-02   -1.4098226449e-01   -2.2564724134e-02    6.6854085327e-01    0.0000000000e+00
    5.325000e+00    3.3035302896e-01    0.0000000000e+00   -1.4129383248e-01    2.1675539602e-02   -1.4129383248e-01   -2.1675539602e-02    6.6964697104e-01    0.0000000000e+00
    5.350000e+00    3.2929199609e-01    0.0000000000e+00   -1.4164546837e-01    2.0762155474e-02   -1.4164546837e-01   -2.0762155474e-02    6.7070800391e-01    0.0000000000e+00
    5.375000e+00    3.2827713422e-01    0.0000000000e+00   -1.4203735796e-01    1.9829521536e-02   -1.4203735796e-01   -1.9829521536e-02    6.7172286578e-01    0.0000000000e+00
    5.400000e+00    3.2730928298e-01    0.0000000000e+00   -1.4246943803e-01    1.8882542305e-02   -1.4246943803e-01   -1.8882542305e-02    6.7269071702e-01    0.0000000000e+00
    5.425000e+00    3.2638903844e-01    0.0000000000e+00   -1.4294140462e-01    1.7926052554e-02   -1.4294140462e-01   -1.7926052554e-02    6.7361096156e-01    0.0000000000e+00
    5.450000e+00    3.2551675715e-01    0.0000000000e+00   -1.4345272236e-01    1.6964793968e-02   -1.4345272236e-01   -1.6964793968e-02    6.7448324285e-01    0.0000000000e+00
    5.475000e+00    3.2469256135e-01    0.0000000000e+00   -1.4400263469e-01    1.6003392998e-02   -1.4400263469e-01   -1.6003392998e-02    6.7530743865e-01    0.0000000000e+00
    5.500000e+00    3.2391634529e-01    0.0000000000e+00   -1.4459017498e-01    1.5046340005e-02   -1.4459017498e-01   -1.5046340005e-02    6.7608365471e-01    0.0000000000e+00
    5.525000e+00    3.2318778254e-01    0.0000000000e+00   -1.4521417832e-01    1.4097969773e-02   -1.4521417832e-01   -1.4097969773e-02    6.7681221746e-01    0.0000000000e+00
    5.550000e+00    3.2250633415e-01    0.0000000000e+00   -1.4587329409e-01    1.3162443428e-02   -1.4587329409e-01   -1.3162443428e-02    6.7749366585e-01    0.0000000000e+00
    5.575000e+00    3.2187125783e-01    0.0000000000e+00   -1.4656599904e-01    1.2243731833e-02   -1.4656599904e-01   -1.2243731833e-02    6.7812874217e-01    0.0000000000e+00
    5.600000e+00    3.2128161784e-01    0.0000000000e+00   -1.4729061094e-01    1.1345600500e-02   -1.4729061094e-01   -1.1345600500e-02    6.7871838216e-01    0.0000000000e+00
    5.625000e+00    3.2073629554e-01    0.0000000000e+00   -1.4804530255e-01    1.0471596042e-02   -1.4804530255e-01   -1.0471596042e-02    6.7926370446e-01    0.0000000000e+00
    5.650000e+00    3.2023400072e-01    0.0000000000e+00   -1.4882811603e-01    9.6250341944e-03   -1.4882811603e-01   -9.6250341944e-03    6.7976599928e-01    0.0000000000e+00
    5.675000e+00    3.1977328336e-01    0.0000000000e+00   -1.4963697750e-01    8.8089894256e-03   -1.4963697750e-01   -8.8089894256e-03    6.8022671664e-01    0.0000000000e+00
    5.700000e+00    3.1935254594e-01    0.0000000000e+00   -1.5046971183e-01    8.0262861326e-03   -1.5046971183e-01   -8.0262861326e-03    6.8064745406e-01    0.0000000000e+00
    5.725000e+00    3.1897005613e-01    0.0000000000e+00   -1.5132405745e-01    7.2794914264e-03   -1.5132405745e-01   -7.2794914264e-03    6.8102994387e-01    0.0000000000e+00
    5.750000e+00    3.1862395977e-01    0.0000000000e+00   -1.5219768118e-01    6.5709094933e-03   -1.5219768118e-01   -6.5709094933e-03    6.8137604023e-01    0.0000000000e+00
    5.775000e+00    3.1831229420e-01    0.0000000000e+00   -1.5308819300e-01    5.9025775140e-03   -1.5308819300e-01   -5.9025775140e-03    6.8168770580e-01    0.0000000000e+00
    5.800000e+00    3.1803300158e-01    0.0000000000e+00   -1.5399316061e-01    5.2762631134e-03   -1.5399316061e-01   -5.2762631134e-03    6.8196699842e-01    0.0000000000e+00
    5.825000e+00    3.1778394249e-01    0.0000000000e+00   -1.5491012380e-01    4.6934633085e-03   -1.5491012380e-01   -4.6934633085e-03    6.8221605751e-01    0.0000000000e+00
    5.850000e+00    3.1756290941e-01    0.0000000000e+00   -1.5583660853e-01    4.1554049133e-03   -1.5583660853e-01   -4.1554049133e-03    6.8243709059e-01    0.0000000000e+00
    5.875000e+00    3.1736764019e-01    0.0000000000e+00   -1.5677014060e-01    3.6630463525e-03   -1.5677014060e-01   -3.6630463525e-03    6.8263235981e-01    0.0000000000e+00
    5.900000e+00    3.1719583141e-01    0.0000000000e+00   -1.5770825895e-01    3.2170808332e-03   -1.5770825895e-01   -3.2170808332e-03    6.8280416859e-01    0.0000000000e+00
    5.925000e+00    3.1704515154e-01    0.0000000000e+00   -1.5864852846e-01    2.8179408153e-03   -1.5864852846e-01   -2.8179408153e-03    6.8295484846e-01    0.0000000000e+00
    5.950000e+00    3.1691325381e-01    0.0000000000e+00   -1.5958855218e-01    2.4658037155e-03   -1.5958855218e-01   -2.4658037155e-03    6.8308674619e-01    0.0000000000e+00
    5.975000e+00    3.1679778883e-01    0.0000000000e+00   -1.6052598305e-01    2.1605987799e-03   -1.6052598305e-01   -2.1605987799e-03    6.8320221117e-01    0.0000000000e+00
    6.000000e+00    3.1669641678e-01    0.0000000000e+00   -1.6145853494e-01    1.9020150504e-03   -1.6145853494e-01   -1.9020150504e-03    6.8330358322e-01    0.0000000000e+00
    6.025000e+00    3.1660681922e-01    0.0000000000e+00   -1.6238399306e-01    1.6895103509e-03   -1.6238399306e-01   -1.6895103509e-03    6.8339318078e-01    0.0000000000e+00
    6.050000e+00    3.1652671037e-01    0.0000000000e+00   -1.6330022363e-01    1.5223212135e-03   -1.6330022363e-01   -1.5223212135e-03    6.8347328963e-01    0.0000000000e+00
    6.075000e+00    3.1645384796e-01    0.0000000000e+00   -1.6420518288e-01    1.3994736650e-03   -1.6420518288e-01   -1.3994736650e-03    6.8354615204e-01    0.0000000000e+00
    6.100000e+00    3.1638604342e-01    0.0000000000e+00   -1.6509692525e-01    1.3197947886e-03   -1.6509692525e-01   -1.3197947886e-03    6.8361395658e-01    0.0000000000e+00
    6.125000e+00    3.1632117157e-01    0.0000000000e+00   -1.6597361084e-01    1.2819249775e-03   -1.6597361084e-01   -1.2819249775e-03    6.8367882843e-01    0.0000000000e+00
    6.150000e+00    3.1625717958e-01    0.0000000000e+00   -1.6683351207e-01    1.2843307943e-03   -1.6683351207e-01   -1.2843307943e-03    6.8374282042e-01    0.0000000000e+00
    6.175000e+00    3.1619209538e-01    0.0000000000e+00   -1.6767501955e-01    1.3253183495e-03   -1.6767501955e-01   -1.3253183495e-03    6.8380790462e-01    0.0000000000e+00
    6.200000e+00    3.1612403531e-01    0.0000000000e+00   -1.6849664711e-01    1.4030471128e-03   -1.6849664711e-01   -1.4030471128e-03    6.8387596469e-01    0.0000000000e+00
    6.225000e+00    3.1605121113e-01    0.0000000000e+00   -1.6929703608e-01    1.5155440720e-03   -1.6929703608e-01   -1.5155440720e-03    6.8394878887e-01    0.0000000000e+00
    6.250000e+00    3.1597193623e-01    0.0000000000e+00   -1.7007495872e-01    1.6607181526e-03   -1.7007495872e-01   -1.6607181526e-03    6.8402806377e-01    0.0000000000e+00
    6.275000e+00    3.1588463122e-01    0.0000000000e+00   -1.7082932086e-01    1.8363748163e-03   -1.7082932086e-01   -1.8363748163e-03    6.8411536878e-01    0.0000000000e+00
    6.300000e+00    3.1578782872e-01    0.0000000000e+00   -1.7155916380e-01    2.0402307542e-03   -1.7155916380e-01   -2.0402307542e-03    6.8421217128e-01    0.0000000000e+00
    6.325000e+00    3.1568017742e-01    0.0000000000e+00   -1.7226366535e-01    2.2699285957e-03   -1.7226366535e-01   -2.2699285957e-03    6.8431982258e-01    0.0000000000e+00
    6.350000e+00    3.1556044542e-01    0.0000000000e+00   -1.7294214018e-01    2.5230515544e-03   -1.7294214018e-01   -2.5230515544e-03    6.8443955458e-01    0.0000000000e+00
    6.375000e+00    3.1542752285e-01    0.0000000000e+00   -1.7359403946e-01    2.7971379368e-03   -1.7359403946e-01   -2.7971379368e-03    6.8457247715e-01    0.0000000000e+00
    6.400000e+00    3.1528042376e-01    0.0000000000e+00   -1.7421894971e-01    3.0896954402e-03   -1.7421894971e-01   -3.0896954402e-03    6.8471957624e-01    0.0000000000e+00
    6.425000e+00    3.1511828727e-01    0.0000000000e+00   -1.7481659104e-01    3.3982151730e-03   -1.7481659104e-01   -3.3982151730e-03    6.8488171273e-01    0.0000000000e+00
    6.450000e+00    3.1494037808e-01    0.0000000000e+00   -1.7538681470e-01    3.7201853299e-03   -1.7538681470e-01   -3.7201853299e-03    6.8505962192e-01    0.0000000000e+00
    6.475000e+00    3.1474608627e-01    0.0000000000e+00   -1.7592960003e-01    4.0531044633e-03   -1.7592960003e-01   -4.0531044633e-03    6.8525391373e-01    0.0000000000e+00
    6.500000e+00    3.1453492647e-01    0.0000000000e+00   -1.7644505085e-01    4.3944942903e-03   -1.7644505085e-01   -4.3944942903e-03    6.8546507353e-01    0.0000000000e+00
    6.525000e+00    3.1430653640e-01    0.0000000000e+00   -1.7693339124e-01    4.7419119858e-03   -1.7693339124e-01   -4.7419119858e-03    6.8569346360e-01    0.0000000000e+00
    6.550000e+00    3.1406067477e-01    0.0000000000e+00   -1.7739496089e-01    5.0929619094e-03   -1.7739496089e-01   -5.0929619094e-03    6.8593932523e-01    0.0000000000e+00
    6.575000e+00    3.1379721867e-01    0.0000000000e+00   -1.7783020993e-01    5.4453067241e-03   -1.7783020993e-01   -5.4453067241e-03    6.8620278133e-01    0.0000000000e+00
    6.600000e+00    3.1351616037e-01    0.0000000000e+00   -1.7823969335e-01    5.7966778665e-03   -1.7823969335e-01   -5.7966778665e-03    6.8648383963e-01    0.0000000000e+00
    6.625000e+00    3.1321760366e-01    0.0000000000e+00   -1.7862406506e-01    6.1448853323e-03   -1.7862406506e-01   -6.1448853323e-03    6.8678239634e-01    0.0000000000e+00
    6.650000e+00    3.1290175965e-01    0.0000000000e+00   -1.7898407158e-01    6.4878267487e-03   -1.7898407158e-01   -6.4878267487e-03    6.8709824035e-01    0.0000000000e+00
    6.675000e+00    3.1256894225e-01    0.0000000000e+00   -1.7932054545e-01    6.8234957053e-03   -1.7932054545e-01   -6.8234957053e-03    6.8743105775e-01    0.0000000000e+00
    6.700000e+00    3.1221956307e-01    0.0000000000e+00   -1.7963439839e-01    7.1499893255e-03   -1.7963439839e-01   -7.1499893255e-03    6.8778043693e-01    0.0000000000e+00
    6.725000e+00    3.1185412618e-01    0.0000000000e+00   -1.7992661423e-01    7.4655150586e-03   -1.7992661423e-01   -7.4655150586e-03    6.8814587382e-01    0.0000000000e+00
    6.750000e+00    3.1147322236e-01    0.0000000000e+00   -1.8019824173e-01    7.7683966844e-03   -1.8019824173e-01   -7.7683966844e-03    6.8852677764e-01    0.0000000000e+00
    6.775000e+00    3.1107752322e-01    0.0000000000e+00   -1.8045038721e-01    8.0570795195e-03   -1.8045038721e-01   -8.0570795195e-03    6.8892247678e-01    0.0000000000e+00
    6.800000e+00    3.1066777494e-01    0.0000000000e+00   -1.8068420714e-01    8.3301348250e-03   -1.8068420714e-01   -8.3301348250e-03    6.8933222506e-01    0.0000000000e+00
    6.825000e+00    3.1024479193e-01    0.0000000000e+00   -1.8090090071e-01    8.5862634161e-03   -1.8090090071e-01   -8.5862634161e-03    6.8975520807e-01    0.0000000000e+00
    6.850000e+00    3.0980945024e-01    0.0000000000e+00   -1.8110170235e-01    8.8242984785e-03   -1.8110170235e-01   -8.8242984785e-03    6.9019054976e-01    0.0000000000e+00
    6.875000e+00    3.0936268092e-01    0.0000000000e+00   -1.8128787433e-01    9.0432076026e-03   -1.8128787433e-01   -9.0432076026e-03    6.9063731908e-01    0.0000000000e+00
    6.900000e+00    3.0890546326e-01    0.0000000000e+00   -1.8146069945e-01    9.2420940475e-03   -1.8146069945e-01   -9.2420940475e-03    6.9109453674e-01    0.0000000000e+00
    6.925000e+00    3.0843881798e-01    0.0000000000e+00   -1.8162147379e-01    9.4201972527e-03   -1.8162147379e-01   -9.4201972527e-03    6.9156118202e-01    0.0000000000e+00
    6.950000e+00    3.0796380041e-01    0.0000000000e+00   -1.8177149969e-01    9.5768926179e-03   -1.8177149969e-01   -9.5768926179e-03    6.9203619959e-01    0.0000000000e+00
    6.975000e+00    3.0748149375e-01    0.0000000000e+00   -1.8191207885e-01    9.7116905742e-03   -1.8191207885e-01   -9.7116905742e-03    6.9251850625e-01    0.0000000000e+00
    7.000000e+00    3.0699300232e-01    0.0000000000e+00   -1.8204450567e-01    9.8242349731e-03   -1.8204450567e-01   -9.8242349731e-03    6.9300699768e-01    0.0000000000e+00
    7.025000e+00    3.0649944496e-01    0.0000000000e+00   -1.8217006080e-01    9.9143008247e-03   -1.8217006080e-01   -9.9143008247e-03    6.9350055504e-01    0.0000000000e+00
    7.050000e+00    3.0600194856e-01    0.0000000000e+00   -1.8229000503e-01    9.9817914138e-03   -1.8229000503e-01   -9.9817914138e-03    6.9399805144e-01    0.0000000000e+00
    7.075000e+00    3.0550164168e-01    0.0000000000e+00   -1.8240557339e-01    1.0026734832e-02   -1.8240557339e-01   -1.0026734832e-02    6.9449835832e-01    0.0000000000e+00
    7.100000e+00    3.0499964845e-01    0.0000000000e+00   -1.8251796964e-01    1.0049279956e-02   -1.8251796964e-01   -1.0049279956e-02    6.9500035155e-01    0.0000000000e+00
    7.125000e+00    3.0449708263e-01    0.0000000000e+00   -1.8262836100e-01    1.0049691924e-02   -1.8262836100e-01   -1.0049691924e-02    6.9550291737e-01    0.0000000000e+00
    7.150000e+00    3.0399504192e-01    0.0000000000e+00   -1.8273787334e-01    1.0028347124e-02   -1.8273787334e-01   -1.0028347124e-02    6.9600495808e-01    0.0000000000e+00
    7.175000e+00    3.0349460255e-01    0.0000000000e+00   -1.8284758666e-01    9.9857277681e-03   -1.8284758666e-01   -9.9857277681e-03    6.9650539745e-01    0.0000000000e+00
    7.200000e+00    3.0299681407e-01    0.0000000000e+00   -1.8295853097e-01    9.9224160653e-03   -1.8295853097e-01   -9.9224160653e-03    6.9700318593e-01    0.0000000000e+00
    7.225000e+00    3.0250269459e-01    0.0000000000e+00   -1.8307168256e-01    9.8390880533e-03   -1.8307168256e-01   -9.8390880533e-03    6.9749730541e-01    0.0000000000e+00
    7.250000e+00    3.0201322619e-01    0.0000000000e+00   -1.8318796067e-01    9.7365071247e-03   -1.8318796067e-01   -9.7365071247e-03    6.9798677381e-01    0.0000000000e+00
    7.275000e+00    3.0152935074e-01    0.0000000000e+00   -1.8330822455e-01    9.6155172939e-03   -1.8330822455e-01   -9.6155172939e-03    6.9847064926e-01    0.0000000000e+00
    7.300000e+00    3.0105196602e-01    0.0000000000e+00   -1.8343327094e-01    9.4770362470e-03   -1.8343327094e-01   -9.4770362470e-03    6.9894803398e-01    0.0000000000e+00
    7.325000e+00    3.0058192226e-01    0.0000000000e+00   -1.8356383194e-01    9.3220482176e-03   -1.8356383194e-01   -9.3220482176e-03    6.9941807774e-01    0.0000000000e+00
    7.350000e+00    3.0012001895e-01    0.0000000000e+00   -1.8370057331e-01    9.1515967331e-03   -1.8370057331e-01   -9.1515967331e-03    6.9987998105e-01    0.0000000000e+00
    7.375000e+00    2.9966700208e-01    0.0000000000e+00   -1.8384409310e-01    8.9667772717e-03   -1.8384409310e-01   -8.9667772717e-03    7.0033299792e-01    0.0000000000e+00
    7.400000e+00    2.9922356171e-01    0.0000000000e+00   -1.8399492081e-01    8.7687298722e-03   -1.8399492081e-01   -8.7687298722e-03    7.0077643829e-01    0.0000000000e+00
    7.425000e+00    2.9879032996e-01    0.0000000000e+00   -1.8415351675e-01    8.5586317377e-03   -1.8415351675e-01   -8.5586317377e-03    7.0120967004e-01    0.0000000000e+00
    7.450000e+00    2.9836787928e-01    0.0000000000e+00   -1.8432027200e-01    8.3376898712e-03   -1.8432027200e-01   -8.3376898712e-03    7.0163212072e-01    0.0000000000e+00
    7.475000e+00    2.9795672121e-01    0.0000000000e+00   -1.8449550852e-01    8.1071337811e-03   -1.8449550852e-01   -8.1071337811e-03    7.0204327879e-01    0.0000000000e+00
    7.500000e+00    2.9755730540e-01    0.0000000000e+00   -1.8467947978e-01    7.8682082940e-03   -1.8467947978e-01   -7.8682082940e-03    7.0244269460e-01    0.0000000000e+00
    7.525000e+00    2.9717001899e-01    0.0000000000e+00   -1.8487237165e-01    7.6221665067e-03   -1.8487237165e-01   -7.6221665067e-03    7.0282998101e-01    0.0000000000e+00
    7.550000e+00    2.9679518644e-01    0.0000000000e+00   -1.8507430362e-01    7.3702629138e-03   -1.8507430362e-01   -7.3702629138e-03    7.0320481356e-01    0.0000000000e+00
    7.575000e+00    2.9643306957e-01    0.0000000000e+00   -1.8528533040e-01    7.1137467384e-03   -1.8528533040e-01   -7.1137467384e-03    7.0356693043e-01    0.0000000000e+00
    7.600000e+00    2.9608386801e-01    0.0000000000e+00   -1.8550544367e-01    6.8538554962e-03   -1.8550544367e-01   -6.8538554962e-03    7.0391613199e-01    0.0000000000e+00
    7.625000e+00    2.9574771993e-01    0.0000000000e+00   -1.8573457428e-01    6.5918088203e-03   -1.8573457428e-01   -6.5918088203e-03    7.0425228007e-01    0.0000000000e+00
    7.650000e+00    2.9542470310e-01    0.0000000000e+00   -1.8597259457e-01    6.3288025696e-03   -1.8597259457e-01   -6.3288025696e-03    7.0457529690e-01    0.0000000000e+00
    7.675000e+00    2.9511483620e-01    0.0000000000e+00   -1.8621932096e-01    6.0660032441e-03   -1.8621932096e-01   -6.0660032441e-03    7.0488516380e-01    0.0000000000e+00
    7.700000e+00    2.9481808044e-01    0.0000000000e+00   -1.8647451679e-01    5.8045427273e-03   -1.8647451679e-01   -5.8045427273e-03    7.0518191956e-01    0.0000000000e+00
    7.725000e+00    2.9453434139e-01    0.0000000000e+00   -1.8673789533e-01    5.5455133722e-03   -1.8673789533e-01   -5.5455133722e-03    7.0546565861e-01    0.0000000000e+00
    7.750000e+00    2.9426347109e-01    0.0000000000e+00   -1.8700912290e-01    5.2899634469e-03   -1.8700912290e-01   -5.2899634469e-03    7.0573652891e-01    0.0000000000e+00
    7.775000e+00    2.9400527036e-01    0.0000000000e+00   -1.8728782227e-01    5.0388929531e-03   -1.8728782227e-01   -5.0388929531e-03    7.0599472964e-01    0.0000000000e+00
    7.800000e+00    2.9375949130e-01    0.0000000000e+00   -1.8757357603e-01    4.7932498271e-03   -1.8757357603e-01   -4.7932498271e-03    7.0624050870e-01    0.0000000000e+00
    7.825000e+00    2.9352584001e-01    0.0000000000e+00   -1.8786593022e-01    4.5539265319e-03   -1.8786593022e-01   -4.5539265319e-03    7.0647415999e-01    0.0000000000e+00
    7.850000e+00    2.9330397939e-01    0.0000000000e+00   -1.8816439788e-01    4.3217570463e-03   -1.8816439788e-01   -4.3217570463e-03    7.0669602061e-01    0.0000000000e+00
    7.875000e+00    2.9309353216e-01    0.0000000000e+00   -1.8846846282e-01    4.0975142553e-03   -1.8846846282e-01   -4.0975142553e-03    7.0690646784e-01    0.0000000000e+00
    7.900000e+00    2.9289408399e-01    0.0000000000e+00   -1.8877758330e-01    3.8819077416e-03   -1.8877758330e-01   -3.8819077416e-03    7.0710591601e-01    0.0000000000e+00
    7.925000e+00    2.9270518667e-01    0.0000000000e+00   -1.8909119582e-01    3.6755819790e-03   -1.8909119582e-01   -3.6755819790e-03    7.0729481333e-01    0.0000000000e+00
    7.950000e+00    2.9252636144e-01    0.0000000000e+00   -1.8940871883e-01    3.4791149242e-03   -1.8940871883e-01   -3.4791149242e-03    7.0747363856e-01    0.0000000000e+00
    7.975000e+00    2.9235710232e-01    0.0000000000e+00   -1.8972955651e-01    3.2930170018e-03   -1.8972955651e-01   -3.2930170018e-03    7.0764289768e-01    0.0000000000e+00
    8.000000e+00    2.9219687951e-01    0.0000000000e+00   -1.9005310241e-01    3.1177304769e-03   -1.9005310241e-01   -3.1177304769e-03    7.0780312049e-01    0.0000000000e+00
    8.025000e+00    2.9204514281e-01    0.0000000000e+00   -1.9037874308e-01    2.9536292046e-03   -1.9037874308e-01   -2.9536292046e-03    7.0795485719e-01    0.0000000000e+00
    8.050000e+00    2.9190132504e-01    0.0000000000e+00   -1.9070586169e-01    2.8010187491e-03   -1.9070586169e-01   -2.8010187491e-03    7.0809867496e-01    0.0000000000e+00
    8.075000e+00    2.9176484543e-01    0.0000000000e+00   -1.9103384138e-01    2.6601368572e-03   -1.9103384138e-01   -2.6601368572e-03    7.0823515457e-01    0.0000000000e+00
    8.100000e+00    2.9163511300e-01    0.0000000000e+00   -1.9136206872e-01    2.5311542750e-03   -1.9136206872e-01   -2.5311542750e-03    7.0836488700e-01    0.0000000000e+00
    8.125000e+00    2.9151152989e-01    0.0000000000e+00   -1.9168993687e-01    2.4141758922e-03   -1.9168993687e-01   -2.4141758922e-03    7.0848847011e-01    0.0000000000e+00
    8.150000e+00    2.9139349463e-01    0.0000000000e+00   -1.9201684871e-01    2.3092421980e-03   -1.9201684871e-01   -2.3092421980e-03    7.0860650537e-01    0.0000000000e+00
    8.175000e+00    2.9128040526e-01    0.0000000000e+00   -1.9234221976e-01    2.2163310308e-03   -1.9234221976e-01   -2.2163310308e-03    7.0871959474e-01    0.0000000000e+00
    8.200000e+00    2.9117166250e-01    0.0000000000e+00   -1.9266548101e-01    2.1353596046e-03   -1.9266548101e-01   -2.1353596046e-03    7.0882833750e-01    0.0000000000e+00
    8.225000e+00    2.9106667263e-01    0.0000000000e+00   -1.9298608150e-01    2.0661867916e-03   -1.9298608150e-01   -2.0661867916e-03    7.0893332737e-01    0.0000000000e+00
    8.250000e+00    2.9096485043e-01    0.0000000000e+00   -1.9330349079e-01    2.0086156421e-03   -1.9330349079e-01   -2.0086156421e-03    7.0903514957e-01    0.0000000000e+00
    8.275000e+00    2.9086562184e-01    0.0000000000e+00   -1.9361720121e-01    1.9623961208e-03   -1.9361720121e-01   -1.9623961208e-03    7.0913437816e-01    0.0000000000e+00
    8.300000e+00    2.9076842660e-01    0.0000000000e+00   -1.9392672995e-01    1.9272280383e-03   -1.9392672995e-01   -1.9272280383e-03    7.0923157340e-01    0.0000000000e+00
    8.325000e+00    2.9067272061e-01    0.0000000000e+00   -1.9423162088e-01    1.9027641562e-03   -1.9423162088e-01   -1.9027641562e-03    7.0932727939e-01    0.0000000000e+00
    8.350000e+00    2.9057797827e-01    0.0000000000e+00   -1.9453144631e-01    1.8886134449e-03   -1.9453144631e-01   -1.8886134449e-03    7.0942202173e-01    0.0000000000e+00
    8.375000e+00    2.9048369455e-01    0.0000000000e+00   -1.9482580839e-01    1.8843444715e-03   -1.9482580839e-01   -1.8843444715e-03    7.0951630545e-01    0.0000000000e+00
    8.400000e+00    2.9038938692e-01    0.0000000000e+00   -1.9511434040e-01    1.8894888961e-03   -1.9511434040e-01   -1.8894888961e-03    7.0961061308e-01    0.0000000000e+00
    8.425000e+00    2.9029459712e-01    0.0000000000e+00   -1.9539670785e-01    1.9035450549e-03   -1.9539670785e-01   -1.9035450549e-03    7.0970540288e-01    0.0000000000e+00
    8.450000e+00    2.9019889272e-01    0.0000000000e+00   -1.9567260931e-01    1.9259816090e-03   -1.9567260931e-01   -1.9259816090e-03    7.0980110728e-01    0.0000000000e+00
    8.475000e+00    2.9010186856e-01    0.0000000000e+00   -1.9594177705e-01    1.9562412360e-03   -1.9594177705e-01   -1.9562412360e-03    7.0989813144e-01    0.0000000000e+00
    8.500000e+00    2.9000314787e-01    0.0000000000e+00   -1.9620397757e-01    1.9937443466e-03   -1.9620397757e-01   -1.9937443466e-03    7.0999685213e-01    0.0000000000e+00
    8.525000e+00    2.8990238336e-01    0.0000000000e+00   -1.9645901180e-01    2.0378928027e-03   -1.9645901180e-01   -2.0378928027e-03    7.1009761664e-01    0.0000000000e+00
    8.550000e+00    2.8979925804e-01    0.0000000000e+00   -1.9670671522e-01    2.0880736193e-03   -1.9670671522e-01   -2.0880736193e-03    7.1020074196e-01    0.0000000000e+00
    8.575000e+00    2.8969348586e-01    0.0000000000e+00   -1.9694695774e-01    2.1436626310e-03   -1.9694695774e-01   -2.1436626310e-03    7.1030651414e-01    0.0000000000e+00
    8.600000e+00    2.8958481217e-01    0.0000000000e+00   -1.9717964340e-01    2.2040281045e-03   -1.9717964340e-01   -2.2040281045e-03    7.1041518783e-01    0.0000000000e+00
    8.625000e+00    2.8947301403e-01    0.0000000000e+00   -1.9740470993e-01    2.2685342795e-03   -1.9740470993e-01   -2.2685342795e-03    7.1052698597e-01    0.0000000000e+00
    8.650000e+00    2.8935790033e-01    0.0000000000e+00   -1.9762212814e-01    2.3365448224e-03   -1.9762212814e-01   -2.3365448224e-03    7.1064209967e-01    0.0000000000e+00
    8.675000e+00    2.8923931171e-01    0.0000000000e+00   -1.9783190108e-01    2.4074261767e-03   -1.9783190108e-01   -2.4074261767e-03    7.1076068829e-01    0.0000000000e+00
    8.700000e+00    2.8911712033e-01    0.0000000000e+00   -1.9803406320e-01    2.4805507959e-03   -1.9803406320e-01   -2.4805507959e-03    7.1088287967e-01    0.0000000000e+00
    8.725000e+00    2.8899122955e-01    0.0000000000e+00   -1.9822867923e-01    2.5553002452e-03   -1.9822867923e-01   -2.5553002452e-03    7.1100877045e-01    0.0000000000e+00
    8.750000e+00    2.8886157334e-01    0.0000000000e+00   -1.9841584301e-01    2.6310681601e-03   -1.9841584301e-01   -2.6310681601e-03    7.1113842666e-01    0.0000000000e+00
    8.775000e+00    2.8872811563e-01    0.0000000000e+00   -1.9859567618e-01    2.7072630508e-03   -1.9859567618e-01   -2.7072630508e-03    7.1127188437e-01    0.0000000000e+00
    8.800000e+00    2.8859084950e-01    0.0000000000e+00   -1.9876832677e-01    2.7833109414e-03   -1.9876832677e-01   -2.7833109414e-03    7.1140915050e-01    0.0000000000e+00
    8.825000e+00    2.8844979623e-01   -2.3129646346e-20   -1.9893396768e-01    2.8586578364e-03   -1.9893396768e-01   -2.8586578364e-03    7.1155020377e-01    0.0000000000e+00
    8.850000e+00    2.8830500427e-01   -2.3129646346e-20   -1.9909279509e-01    2.9327720067e-03   -1.9909279509e-01   -2.9327720067e-03    7.1169499573e-01    0.0000000000e+00
    8.875000e+00    2.8815654805e-01   -2.3129646346e-20   -1.9924502682e-01    3.0051460869e-03   -1.9924502682e-01   -3.0051460869e-03    7.1184345195e-01    0.0000000000e+00
    8.900000e+00    2.8800452670e-01   -2.3129646346e-20   -1.9939090053e-01    3.0752989815e-03   -1.9939090053e-01   -3.0752989815e-03    7.1199547330e-01    0.0000000000e+00
    8.925000e+00    2.8784906274e-01   -2.3129646346e-20   -1.9953067200e-01    3.1427775730e-03   -1.9953067200e-01   -3.1427775730e-03    7.1215093726e-01    0.0000000000e+00
    8.950000e+00    2.8769030059e-01   -2.3129646346e-20   -1.9966461328e-01    3.2071582313e-03   -1.9966461328e-01   -3.2071582313e-03    7.1230969941e-01    0.0000000000e+00
    8.975000e+00    2.8752840511e-01   -2.3129646346e-20   -1.9979301082e-01    3.2680481211e-03   -1.9979301082e-01   -3.2680481211e-03    7.1247159489e-01    0.0000000000e+00
    9.000000e+00    2.8736355999e-01   -2.3129646346e-20   -1.9991616363e-01    3.3250863072e-03   -1.9991616363e-01   -3.3250863072e-03    7.1263644001e-01    0.0000000000e+00
    9.025000e+00    2.8719596616e-01   -2.3129646346e-20   -2.0003438136e-01    3.3779446580e-03   -2.0003438136e-01   -3.3779446580e-03    7.1280403384e-01    0.0000000000e+00
    9.050000e+00    2.8702584012e-01   -2.3129646346e-20   -2.0014798243e-01    3.4263285491e-03   -2.0014798243e-01   -3.4263285491e-03    7.1297415988e-01    0.0000000000e+00
    9.075000e+00    2.8685341225e-01   -2.3129646346e-20   -2.0025729218e-01    3.4699773686e-03   -2.0025729218e-01   -3.4699773686e-03    7.1314658775e-01    0.0000000000e+00
    9.100000e+00    2.8667892509e-01   -2.3129646346e-20   -2.0036264098e-01    3.5086648278e-03   -2.0036264098e-01   -3.5086648278e-03    7.1332107491e-01    0.0000000000e+00
    9.125000e+00    2.8650263167e-01   -2.3129646346e-20   -2.0046436242e-01    3.5421990829e-03   -2.0046436242e-01   -3.5421990829e-03    7.1349736833e-01    0.0000000000e+00
    9.150000e+00    2.8632479372e-01   -2.3129646346e-20   -2.0056279157e-01    3.5704226704e-03   -2.0056279157e-01   -3.5704226704e-03    7.1367520628e-01    0.0000000000e+00
    9.175000e+00    2.8614567999e-01   -2.3129646346e-20   -2.0065826317e-01    3.5932122646e-03   -2.0065826317e-01   -3.5932122646e-03    7.1385432001e-01    0.0000000000e+00
    9.200000e+00    2.8596556457e-01   -2.3129646346e-20   -2.0075111001e-01    3.6104782631e-03   -2.0075111001e-01   -3.6104782631e-03    7.1403443543e-01    0.0000000000e+00
    9.225000e+00    2.8578472518e-01   -2.3129646346e-20   -2.0084166126e-01    3.6221642071e-03   -2.0084166126e-01   -3.6221642071e-03    7.1421527482e-01    0.0000000000e+00
    9.250000e+00    2.8560344157e-01   -2.3129646346e-20   -2.0093024097e-01    3.6282460458e-03   -2.0093024097e-01   -3.6282460458e-03    7.1439655843e-01    0.0000000000e+00
    9.275000e+00    2.8542199387e-01   -2.3129646346e-20   -2.0101716654e-01    3.6287312528e-03   -2.0101716654e-01   -3.6287312528e-03    7.1457800613e-01    0.0000000000e+00
    9.300000e+00    2.8524066110e-01   -2.3129646346e-20   -2.0110274737e-01    3.6236578039e-03   -2.0110274737e-01   -3.6236578039e-03    7.1475933890e-01    0.0000000000e+00
    9.325000e+00    2.8505971963e-01   -2.3129646346e-20   -2.0118728350e-01    3.6130930260e-03   -2.0118728350e-01   -3.6130930260e-03    7.1494028037e-01    0.0000000000e+00
    9.350000e+00    2.8487944175e-01   -2.3129646346e-20   -2.0127106440e-01    3.5971323273e-03   -2.0127106440e-01   -3.5971323273e-03    7.1512055825e-01    0.0000000000e+00
    9.375000e+00    2.8470009431e-01   -2.3129646346e-20   -2.0135436787e-01    3.5758978186e-03   -2.0135436787e-01   -3.5758978186e-03    7.1529990569e-01    0.0000000000e+00
    9.400000e+00    2.8452193742e-01   -2.3129646346e-20   -2.0143745895e-01    3.5495368367e-03   -2.0143745895e-01   -3.5495368367e-03    7.1547806258e-01    0.0000000000e+00
    9.425000e+00    2.8434522323e-01   -2.3129646346e-20   -2.0152058903e-01    3.5182203810e-03   -2.0152058903e-01   -3.5182203810e-03    7.1565477677e-01    0.0000000000e+00
    9.450000e+00    2.8417019477e-01   -2.3129646346e-20   -2.0160399497e-01    3.4821414731e-03   -2.0160399497e-01   -3.4821414731e-03    7.1582980523e-01    0.0000000000e+00
    9.475000e+00    2.8399708491e-01   -2.3129646346e-20   -2.0168789839e-01    3.4415134520e-03   -2.0168789839e-01   -3.4415134520e-03    7.1600291509e-01    0.0000000000e+00
    9.500000e+00    2.8382611538e-01   -2.3129646346e-20   -2.0177250505e-01    3.3965682141e-03   -2.0177250505e-01   -3.3965682141e-03    7.1617388462e-01    0.0000000000e+00
    9.525000e+00    2.8365749590e-01   -2.3129646346e-20   -2.0185800426e-01    3.3475544107e-03   -2.0185800426e-01   -3.3475544107e-03    7.1634250410e-01    0.0000000000e+00
    9.550000e+00    2.8349142337e-01   -2.3129646346e-20   -2.0194456851e-01    3.2947356118e-03   -2.0194456851e-01   -3.2947356118e-03    7.1650857663e-01    0.0000000000e+00
    9.575000e+00    2.8332808115e-01   -2.3129646346e-20   -2.0203235312e-01    3.2383884493e-03   -2.0203235312e-01   -3.2383884493e-03    7.1667191885e-01    0.0000000000e+00
    9.600000e+00    2.8316763854e-01   -2.3129646346e-20   -2.0212149600e-01    3.1788007480e-03   -2.0212149600e-01   -3.1788007480e-03    7.1683236146e-01    0.0000000000e+00
    9.625000e+00    2.8301025014e-01   -2.3129646346e-20   -2.0221211754e-01    3.1162696549e-03   -2.0221211754e-01   -3.1162696549e-03    7.1698974986e-01    0.0000000000e+00
    9.650000e+00    2.8285605555e-01   -2.3129646346e-20   -2.0230432056e-01    3.0510997786e-03   -2.0230432056e-01   -3.0510997786e-03    7.1714394445e-01    0.0000000000e+00
    9.675000e+00    2.8270517897e-01   -2.3129646346e-20   -2.0239819038e-01    2.9836013450e-03   -2.0239819038e-01   -2.9836013450e-03    7.1729482103e-01    0.0000000000e+00
    9.700000e+00    2.8255772899e-01   -2.3129646346e-20   -2.0249379494e-01    2.9140883819e-03   -2.0249379494e-01   -2.9140883819e-03    7.1744227101e-01    0.0000000000e+00
    9.725000e+00    2.8241379844e-01   -2.3129646346e-20   -2.0259118509e-01    2.8428769383e-03   -2.0259118509e-01   -2.8428769383e-03    7.1758620156e-01    0.0000000000e+00
    9.750000e+00    2.8227346434e-01   -2.3129646346e-20   -2.0269039483e-01    2.7702833489e-03   -2.0269039483e-01   -2.7702833489e-03    7.1772653566e-01    0.0000000000e+00
    9.775000e+00    2.8213678789e-01   -2.3129646346e-20   -2.0279144179e-01    2.6966225504e-03   -2.0279144179e-01   -2.6966225504e-03    7.1786321211e-01    0.0000000000e+00
    9.800000e+00    2.8200381467e-01   -2.3129646346e-20   -2.0289432762e-01    2.6222064565e-03   -2.0289432762e-01   -2.6222064565e-03    7.1799618533e-01    0.0000000000e+00
    9.825000e+00    2.8187457471e-01   -2.3129646346e-20   -2.0299903857e-01    2.5473423998e-03   -2.0299903857e-01   -2.5473423998e-03    7.1812542529e-01    0.0000000000e+00
    9.850000e+00    2.8174908287e-01   -5.0885221962e-19   -2.0310554611e-01    2.4723316452e-03   -2.0310554611e-01   -2.4723316452e-03    7.1825091713e-01    5.0885221962e-19
    9.875000e+00    2.8162733909e-01   -1.2027416100e-18   -2.0321380752e-01    2.3974679815e-03   -2.0321380752e-01   -2.3974679815e-03    7.1837266091e-01    1.4340380735e-18
    9.900000e+00    2.8150932886e-01   -1.8966310004e-18   -2.0332376668e-01    2.3230363956e-03   -2.0332376668e-01   -2.3230363956e-03    7.1849067114e-01    1.7578531223e-18
    9.925000e+00    2.8139502366e-01   -2.5905203908e-18   -2.0343535479e-01    2.2493118337e-03   -2.0343535479e-01   -2.2493118337e-03    7.1860497634e-01    2.2204460493e-18
    9.950000e+00    2.8128438149e-01   -3.2844097812e-18   -2.0354849118e-01    2.1765580543e-03   -2.0354849118e-01   -2.1765580543e-03    7.1871561851e-01    2.6830389762e-18
    9.975000e+00    2.8117734748e-01   -3.9551695252e-18   -2.0366308415e-01    2.1050265746e-03   -2.0366308415e-01   -2.1050265746e-03    7.1882265252e-01    3.5157062446e-18
    1.000000e+01    2.8107385448e-01   -4.6259292693e-18   -2.0377903187e-01    2.0349557144e-03   -2.0377903187e-01   -2.0349557144e-03    7.1892614552e-01    4.3483735131e-18
    1.002500e+01    2.8097382382e-01   -5.3198186597e-18   -2.0389622324e-01    1.9665697385e-03   -2.0389622324e-01   -1.9665697385e-03    7.1902617618e-01    4.9497443181e-18
    1.005000e+01    2.8087716593e-01   -6.0137080501e-18   -2.0401453884e-01    1.9000781005e-03   -2.0401453884e-01   -1.9000781005e-03    7.1912283407e-01    5.7824115866e-18
    1.007500e+01    2.8078378119e-01   -6.7075974404e-18   -2.0413385183e-01    1.8356747867e-03   -2.0413385183e-01   -1.8356747867e-03    7.1921621881e-01    6.5688195624e-18
    1.010000e+01    2.8069356067e-01   -7.4014868308e-18   -2.0425402896e-01    1.7735377622e-03   -2.0425402896e-01   -1.7735377622e-03    7.1930643933e-01    7.4477461235e-18
    1.012500e+01    2.8060638694e-01   -8.0953762212e-18   -2.0437493145e-01    1.7138285191e-03   -2.0437493145e-01   -1.7138285191e-03    7.1939361306e-01    8.3266726847e-18
    1.015000e+01    2.8052213493e-01   -8.7892656116e-18   -2.0449641596e-01    1.6566917241e-03   -2.0449641596e-01   -1.6566917241e-03    7.1947786507e-01    9.2518585385e-18
    1.017500e+01    2.8044067276e-01   -9.1362103068e-18   -2.0461833555e-01    1.6022549666e-03   -2.0461833555e-01   -1.6022549666e-03    7.1955932724e-01    9.3906364166e-18
    1.020000e+01    2.8036186259e-01   -9.1362103068e-18   -2.0474054062e-01    1.5506286040e-03   -2.0474054062e-01   -1.5506286040e-03    7.1963813741e-01    9.3906364166e-18
    1.022500e+01    2.8028556150e-01   -9.1130806605e-18   -2.0486287976e-01    1.5019057029e-03   -2.0486287976e-01   -1.5019057029e-03    7.1971443850e-01    9.2981178312e-18
    1.025000e+01    2.8021162235e-01   -9.1130806605e-18   -2.0498520074e-01    1.4561620727e-03   -2.0498520074e-01   -1.4561620727e-03    7.1978837765e-01    9.2981178312e-18
    1.027500e+01    2.8013989465e-01   -9.0436917214e-18   -2.0510735131e-01    1.4134563894e-03   -2.0510735131e-01   -1.4134563894e-03    7.1986010535e-01    9.2055992459e-18
    1.030000e+01    2.8007022538e-01   -8.3498023310e-18   -2.0522918011e-01    1.3738304060e-03   -2.0522918011e-01   -1.3738304060e-03    7.1992977462e-01    8.4654505628e-18
    1.032500e+01    2.8000245985e-01   -7.6559129406e-18   -2.0535053741e-01    1.3373092449e-03   -2.0535053741e-01   -1.3373092449e-03    7.1999754015e-01    7.8178204651e-18
    1.035000e+01    2.7993644255e-01   -6.9504587271e-18   -2.0547127597e-01    1.3039017696e-03   -2.0547127597e-01   -1.3039017696e-03    7.2006355745e-01    7.3552275381e-18
    1.037500e+01    2.7987201789e-01   -5.7708467634e-18   -2.0559125173e-01    1.2736010304e-03   -2.0559125173e-01   -1.2736010304e-03    7.2012798211e-01    6.1524859281e-18
    1.040000e+01    2.7980903103e-01   -4.3830679826e-18   -2.0571032453e-01    1.2463847794e-03   -2.0571032453e-01   -1.2463847794e-03    7.2019096897e-01    4.9034850254e-18
    1.042500e+01    2.7974732861e-01   -2.9952892019e-18   -2.0582835878e-01    1.2222160502e-03   -2.0582835878e-01   -1.2222160502e-03    7.2025267139e-01    3.3306690739e-18
    1.045000e+01    2.7968675948e-01   -1.6075104211e-18   -2.0594522407e-01    1.2010437981e-03   -2.0594522407e-01   -1.2010437981e-03    7.2031324052e-01    2.1279274639e-18
    1.047500e+01    2.7962717536e-01   -2.1973164029e-19   -2.0606079573e-01    1.1828035938e-03   -2.0606079573e-01   -1.1828035938e-03    7.2037282464e-01    8.3266726847e-19
    1.050000e+01    2.7956843153e-01    1.1680471405e-18   -2.0617495537e-01    1.1674183665e-03   -2.0617495537e-01   -1.1674183665e-03    7.2043156847e-01   -6.0137080501e-19
    1.052500e+01    2.7951038741e-01    2.5558259213e-18   -2.0628759134e-01    1.1547991912e-03   -2.0628759134e-01   -1.1547991912e-03    7.2048961259e-01   -2.2667053419e-18
    1.055000e+01    2.7945290717e-01    3.9436047021e-18   -2.0639859915e-01    1.1448461135e-03   -2.0639859915e-01   -1.1448461135e-03    7.2054709283e-01   -3.4231876593e-18
    1.057500e+01    2.7939586020e-01    5.3082538365e-18   -2.0650788186e-01    1.1374490079e-03   -2.0650788186e-01   -1.1374490079e-03    7.2060413980e-01   -4.7647071473e-18
    1.060000e+01    2.7933912165e-01    6.6729029709e-18   -2.0661535035e-01    1.1324884625e-03   -2.0661535035e-01   -1.1324884625e-03    7.2066087835e-01   -5.9674487574e-18
    1.062500e+01    2.7928257287e-01    8.0606817517e-18   -2.0672092367e-01    1.1298366860e-03   -2.0672092367e-01   -1.1298366860e-03    7.2071742713e-01   -7.5865240016e-18
    1.065000e+01    2.7922610175e-01    9.4484605325e-18   -2.0682452916e-01    1.1293584307e-03   -2.0682452916e-01   -1.1293584307e-03    7.2077389825e-01   -9.0205620751e-18
    1.067500e+01    2.7916960316e-01    1.0836239313e-17   -2.0692610270e-01    1.1309119263e-03   -2.0692610270e-01   -1.1309119263e-03    7.2083039684e-01   -1.0500859441e-17
    1.070000e+01    2.7911297915e-01    1.2224018094e-17   -2.0702558878e-01    1.1343498196e-03   -2.0702558878e-01   -1.1343498196e-03    7.2088702085e-01   -1.2119934685e-17
    1.072500e+01    2.7905613930e-01    1.3588667228e-17   -2.0712294055e-01    1.1395201147e-03   -2.0712294055e-01   -1.1395201147e-03    7.2094386070e-01   -1.3553972759e-17
    1.075000e+01    2.7899900086e-01    1.4976446009e-17   -2.0721811990e-01    1.1462671085e-03   -2.0721811990e-01   -1.1462671085e-03    7.2100099914e-01   -1.4941751540e-17
    1.077500e+01    2.7894148895e-01    1.6364224790e-17   -2.0731109737e-01    1.1544323172e-03   -2.0731109737e-01   -1.1544323172e-03    7.2105851105e-01   -1.6792123247e-17
    1.080000e+01    2.7888353666e-01    1.7752003571e-17   -2.0740185209e-01    1.1638553888e-03   -2.0740185209e-01   -1.1638553888e-03    7.2111646334e-01   -1.8087383443e-17
    1.082500e+01    2.7882508514e-01    1.9116652705e-17   -2.0749037171e-01    1.1743749979e-03   -2.0749037171e-01   -1.1743749979e-03    7.2117491486e-01   -1.9706458687e-17
    1.085000e+01    2.7876608358e-01    2.0504431486e-17   -2.0757665215e-01    1.1858297173e-03   -2.0757665215e-01   -1.1858297173e-03    7.2123391642e-01   -2.1233015346e-17
    1.087500e+01    2.7870648926e-01    2.1892210267e-17   -2.0766069750e-01    1.1980588642e-03   -2.0766069750e-01   -1.1980588642e-03    7.2129351074e-01   -2.2482016249e-17
    1.090000e+01    2.7864626744e-01    2.3279989048e-17   -2.0774251971e-01    1.2109033162e-03   -2.0774251971e-01   -1.2109033162e-03    7.2135373256e-01   -2.3592239273e-17
    1.092500e+01    2.7858539129e-01    2.4656203005e-17   -2.0782213838e-01    1.2242062936e-03   -2.0782213838e-01   -1.2242062936e-03    7.2141460871e-01   -2.4980018054e-17
    1.095000e+01    2.7852384173e-01    2.6043981786e-17   -2.0789958039e-01    1.2378141061e-03   -2.0789958039e-01   -1.2378141061e-03    7.2147615827e-01   -2.6691611884e-17
    1.097500e+01    2.7846160730e-01    2.6946037994e-17   -2.0797487964e-01    1.2515768599e-03   -2.0797487964e-01   -1.2515768599e-03    7.2153839270e-01   -2.7570538445e-17
    1.100000e+01    2.7839868389e-01    2.7570538445e-17   -2.0804807663e-01    1.2653491231e-03   -2.0804807663e-01   -1.2653491231e-03    7.2160131611e-01   -2.8356946421e-17
    1.102500e+01    2.7833507457e-01    2.7570538445e-17   -2.0811921814e-01    1.2789905475e-03   -2.0811921814e-01   -1.2789905475e-03    7.2166492543e-01   -2.8356946421e-17
    1.105000e+01    2.7827078926e-01    2.7547408799e-17   -2.0818835675e-01    1.2923664438e-03   -2.0818835675e-01   -1.2923664438e-03    7.2172921074e-01   -2.8356946421e-17
    1.107500e+01    2.7820584449e-01    2.7547408799e-17   -2.0825555050e-01    1.3053483107e-03   -2.0825555050e-01   -1.3053483107e-03    7.2179415551e-01   -2.8356946421e-17
    1.110000e+01    2.7814026304e-01    2.7547408799e-17   -2.0832086238e-01    1.3178143140e-03   -2.0832086238e-01   -1.3178143140e-03    7.2185973696e-01   -2.8356946421e-17
    1.112500e+01    2.7807407358e-01    2.7547408799e-17   -2.0838435993e-01    1.3296497163e-03   -2.0838435993e-01   -1.3296497163e-03    7.2192592642e-01   -2.8356946421e-17
    1.115000e+01    2.7800731037e-01    2.7535843975e-17   -2.0844611473e-01    1.3407472564e-03   -2.0844611473e-01   -1.3407472564e-03    7.2199268963e-01   -2.8356946421e-17
    1.117500e+01    2.7794001281e-01    2.7524279152e-17   -2.0850620200e-01    1.3510074777e-03   -2.0850620200e-01   -1.3510074777e-03    7.2205998719e-01   -2.8356946421e-17
    1.120000e+01    2.7787222510e-01    2.7524279152e-17   -2.0856470005e-01    1.3603390052e-03   -2.0856470005e-01   -1.3603390052e-03    7.2212777490e-01   -2.8356946421e-17
    1.122500e+01    2.7780399578e-01    2.6899778701e-17   -2.0862168985e-01    1.3686587718e-03   -2.0862168985e-01   -1.3686587718e-03    7.2219600422e-01   -2.7663057030e-17
    1.125000e+01    2.7773537733e-01    2.6205889310e-17   -2.0867725455e-01    1.3758921936e-03   -2.0867725455e-01   -1.3758921936e-03    7.2226462267e-01   -2.6691611884e-17
    1.127500e+01    2.7766642577e-01    2.5488870274e-17   -2.0873147897e-01    1.3819732959e-03   -2.0873147897e-01   -1.3819732959e-03    7.2233357423e-01   -2.6136500371e-17
    1.130000e+01    2.7759720017e-01    2.4771851237e-17   -2.0878444920e-01    1.3868447892e-03   -2.0878444920e-01   -1.3868447892e-03    7.2240279983e-01   -2.5072536639e-17
    1.132500e+01    2.7752776227e-01    2.3800406090e-17   -2.0883625208e-01    1.3904580978e-03   -2.0883625208e-01   -1.3904580978e-03    7.2247223773e-01   -2.4193610078e-17
    1.135000e+01    2.7745817600e-01    2.2412627310e-17   -2.0888697478e-01    1.3927733417e-03   -2.0888697478e-01   -1.3927733417e-03    7.2254182400e-01   -2.2713312712e-17
    1.137500e+01    2.7738850709e-01    2.1024848529e-17   -2.0893670434e-01    1.3937592732e-03   -2.0893670434e-01   -1.3937592732e-03    7.2261149291e-01   -2.1418052517e-17
    1.140000e+01    2.7731882261e-01    1.9637069748e-17   -2.0898552727e-01    1.3933931699e-03   -2.0898552727e-01   -1.3933931699e-03    7.2268117739e-01   -2.0354088785e-17
    1.142500e+01    2.7724919055e-01    1.8249290967e-17   -2.0903352914e-01    1.3916606864e-03   -2.0903352914e-01   -1.3916606864e-03    7.2275080945e-01   -1.9105087882e-17
    1.145000e+01    2.7717967942e-01    1.6861512186e-17   -2.0908079416e-01    1.3885556668e-03   -2.0908079416e-01   -1.3885556668e-03    7.2282032058e-01   -1.7624790516e-17
    1.147500e+01    2.7711035783e-01    1.5473733406e-17   -2.0912740483e-01    1.3840799194e-03   -2.0912740483e-01   -1.3840799194e-03    7.2288964217e-01   -1.6468308199e-17
    1.150000e+01    2.7704129412e-01    1.4085954625e-17   -2.0917344159e-01    1.3782429568e-03   -2.0917344159e-01   -1.3782429568e-03    7.2295870588e-01   -1.5404344467e-17
    1.152500e+01    2.7697255595e-01    1.2698175844e-17   -2.0921898247e-01    1.3710617035e-03   -2.0921898247e-01   -1.3710617035e-03    7.2302744405e-01   -1.3877787808e-17
    1.155000e+01    2.7690420996e-01    1.1310397063e-17   -2.0926410282e-01    1.3625601730e-03   -2.0926410282e-01   -1.3625601730e-03    7.2309579004e-01   -1.2767564783e-17
    1.157500e+01    2.7683632143e-01    9.9226182826e-18   -2.0930887496e-01    1.3527691189e-03   -2.0930887496e-01   -1.3527691189e-03    7.2316367857e-01   -1.1564823173e-17
    1.160000e+01    2.7676895392e-01    8.5348395018e-18   -2.0935336799e-01    1.3417256599e-03   -2.0935336799e-01   -1.3417256599e-03    7.2323104608e-01   -1.0269562978e-17
    1.162500e+01    2.7670216902e-01    7.1470607210e-18   -2.0939764751e-01    1.3294728834e-03   -2.0939764751e-01   -1.3294728834e-03    7.2329783098e-01   -8.6504877335e-18
    1.165000e+01    2.7663602598e-01    5.7592819402e-18   -2.0944177542e-01    1.3160594305e-03   -2.0944177542e-01   -1.3160594305e-03    7.2336397402e-01   -7.2164496601e-18
    1.167500e+01    2.7657058153e-01    4.3715031595e-18   -2.0948580974e-01    1.3015390637e-03   -2.0948580974e-01   -1.3015390637e-03    7.2342941847e-01   -5.6436337085e-18
    1.170000e+01    2.7650588955e-01    2.9837243787e-18   -2.0952980444e-01    1.2859702215e-03   -2.0952980444e-01   -1.2859702215e-03    7.2349411045e-01   -4.2095956350e-18
    1.172500e+01    2.7644200094e-01    1.5959455979e-18   -2.0957380931e-01    1.2694155621e-03   -2.0957380931e-01   -1.2694155621e-03    7.2355799906e-01   -3.0531133177e-18
    1.175000e+01    2.7637896332e-01    2.0816681712e-19   -2.0961786989e-01    1.2519414993e-03   -2.0961786989e-01   -1.2519414993e-03    7.2362103668e-01   -1.5265566589e-18
    1.177500e+01    2.7631682095e-01   -1.1796119637e-18   -2.0966202731e-01    1.2336177320e-03   -2.0966202731e-01   -1.2336177320e-03    7.2368317905e-01   -4.6259292693e-20
    1.180000e+01    2.7625561450e-01   -2.5673907444e-18   -2.0970631831e-01    1.2145167719e-03   -2.0970631831e-01   -1.2145167719e-03    7.2374438550e-01    1.3877787808e-18
    1.182500e+01    2.7619538098e-01   -3.9551695252e-18   -2.0975077517e-01    1.1947134707e-03   -2.0975077517e-01   -1.1947134707e-03    7.2380461902e-01    2.4517425127e-18
    1.185000e+01    2.7613615358e-01   -5.3429483060e-18   -2.0979542570e-01    1.1742845494e-03   -2.0979542570e-01   -1.1742845494e-03    7.2386384642e-01    4.0245584643e-18
    1.187500e+01    2.7607796165e-01   -6.7307270868e-18   -2.0984029326e-01    1.1533081326e-03   -2.0984029326e-01   -1.1533081326e-03    7.2392203835e-01    5.7824115866e-18
    1.190000e+01    2.7602083058e-01   -7.5633943553e-18   -2.0988539684e-01    1.1318632894e-03   -2.0988539684e-01   -1.1318632894e-03    7.2397916942e-01    6.2912638062e-18
    1.192500e+01    2.7596478180e-01   -8.2572837456e-18   -2.0993075104e-01    1.1100295838e-03   -2.0993075104e-01   -1.1100295838e-03    7.2403521820e-01    7.1701903674e-18
    1.195000e+01    2.7590983277e-01   -8.9511731360e-18   -2.0997636622e-01    1.0878866364e-03   -2.0997636622e-01   -1.0878866364e-03    7.2409016723e-01    7.7253018797e-18
    1.197500e+01    2.7585599697e-01   -9.0899510141e-18   -2.1002224858e-01    1.0655136993e-03   -2.1002224858e-01   -1.0655136993e-03    7.2414400303e-01    7.9565983431e-18
