    0.000000e+00    1.0000000000e+00    0.0000000000e+00    0.0000000000e+00    0.0000000000e+00    0.0000000000e+00    0.0000000000e+00    0.0000000000e+00    0.0000000000e+00
    2.500000e-02    9.9937554207e-01    0.0000000000e+00   -1.2230047058e-05    2.4958668653e-02   -1.2230047058e-05   -2.4958668653e-02    6.2445792804e-04    0.0000000000e+00
    5.000000e-02    9.9750753584e-01    0.0000000000e+00   -9.1893730216e-05    4.9715054357e-02   -9.1893730216e-05   -4.9715054357e-02    2.4924641624e-03    0.0000000000e+00
    7.500000e-02    9.9440976288e-01    0.0000000000e+00   -2.9131951502e-04    7.4128702608e-02   -2.9131951502e-04   -7.4128702608e-02    5.5902371161e-03    0.0000000000e+00
    1.000000e-01    9.9010227203e-01    0.0000000000e+00   -6.4874118205e-04    9.8086507275e-02   -6.4874118205e-04   -9.8086507275e-02    9.8977279717e-03    0.0000000000e+00
    1.250000e-01    9.8461032104e-01    0.0000000000e+00   -1.1906567427e-03    1.2149218089e-01   -1.1906567427e-03   -1.2149218089e-01    1.5389678957e-02    0.0000000000e+00
    1.500000e-01    9.7796366178e-01    0.0000000000e+00   -1.9338962739e-03    1.4426170420e-01   -1.9338962739e-03   -1.4426170420e-01    2.2036338219e-02    0.0000000000e+00
    1.750000e-01    9.7019599610e-01    0.0000000000e+00   -2.8874158220e-03    1.6632076648e-01   -2.8874158220e-03   -1.6632076648e-01    2.9804003896e-02    0.0000000000e+00
    2.000000e-01    9.6134453362e-01    0.0000000000e+00   -4.0538412017e-03    1.8760315214e-01   -4.0538412017e-03   -1.8760315214e-01    3.8655466383e-02    0.0000000000e+00
    2.250000e-01    9.5144961574e-01    0.0000000000e+00   -5.4307870897e-03    2.0804965446e-01   -5.4307870897e-03   -2.0804965446e-01    4.8550384264e-02    0.0000000000e+00
    2.500000e-01    9.4055438541e-01    0.0000000000e+00   -7.0119763861e-03    2.2760731151e-01   -7.0119763861e-03   -2.2760731151e-01    5.9445614589e-02    0.0000000000e+00
    2.750000e-01    9.2870448948e-01    0.0000000000e+00   -8.7881834927e-03    2.4622885032e-01   -8.7881834927e-03   -2.4622885032e-01    7.1295510521e-02    0.0000000000e+00
    3.000000e-01    9.1594780509e-01    0.0000000000e+00   -1.0748023406e-02    2.6387227104e-01   -1.0748023406e-02   -2.6387227104e-01    8.4052194905e-02    0.0000000000e+00
    3.250000e-01    9.0233418439e-01    0.0000000000e+00   -1.2878606618e-02    2.8050052721e-01   -1.2878606618e-02   -2.8050052721e-01    9.7665815606e-02    0.0000000000e+00
    3.500000e-01    8.8791521337e-01    0.0000000000e+00   -1.5166077870e-02    2.9608127314e-01   -1.5166077870e-02   -2.9608127314e-01    1.1208478663e-01    0.0000000000e+00
    3.750000e-01    8.7274398216e-01    0.0000000000e+00   -1.7596054926e-02    3.1058665821e-01   -1.7596054926e-02   -3.1058665821e-01    1.2725601784e-01    0.0000000000e+00
    4.000000e-01    8.5687486469e-01    0.0000000000e+00   -2.0153981737e-02    3.2399315406e-01   -2.0153981737e-02   -3.2399315406e-01    1.4312513531e-01    0.0000000000e+00
    4.250000e-01    8.4036330642e-01    0.0000000000e+00   -2.2825408698e-02    3.3628140468e-01   -2.2825408698e-02   -3.3628140468e-01    1.5963669358e-01    0.0000000000e+00
    4.500000e-01    8.2326561912e-01    0.0000000000e+00   -2.5596211176e-02    3.4743609202e-01   -2.5596211176e-02   -3.4743609202e-01    1.7673438088e-01    0.0000000000e+00
    4.750000e-01    8.0563878212e-01    0.0000000000e+00   -2.8452756067e-02    3.5744581190e-01   -2.8452756067e-02   -3.5744581190e-01    1.9436121788e-01    0.0000000000e+00
    5.000000e-01    7.8754024956e-01    0.0000000000e+00   -3.1382024916e-02    3.6630295633e-01   -3.1382024916e-02   -3.6630295633e-01    2.1245975044e-01    0.0000000000e+00
    5.250000e-01    7.6902776349e-01    0.0000000000e+00   -3.4371700948e-02    3.7400359941e-01   -3.4371700948e-02   -3.7400359941e-01    2.3097223651e-01    0.0000000000e+00
    5.500000e-01    7.5015917251e-01    0.0000000000e+00   -3.7410226400e-02    3.8054738475e-01   -3.7410226400e-02   -3.8054738475e-01    2.4984082749e-01    0.0000000000e+00
    5.750000e-01    7.3099225616e-01    0.0000000000e+00   -4.0486835616e-02    3.8593741289e-01   -4.0486835616e-02   -3.8593741289e-01    2.6900774384e-01    0.0000000000e+00
    6.000000e-01    7.1158455490e-01    0.0000000000e+00   -4.3591568583e-02    3.9018012770e-01   -4.3591568583e-02   -3.9018012770e-01    2.8841544510e-01    0.0000000000e+00
    6.250000e-01    6.9199320581e-01    0.0000000000e+00   -4.6715268880e-02    3.9328520095e-01   -4.6715268880e-02   -3.9328520095e-01    3.0800679419e-01    0.0000000000e+00
    6.500000e-01    6.7227478413e-01    0.0000000000e+00   -4.9849569425e-02    3.9526541459e-01   -4.9849569425e-02   -3.9526541459e-01    3.2772521587e-01    0.0000000000e+00
    6.750000e-01    6.5248515074e-01    0.0000000000e+00   -5.2986868849e-02    3.9613654043e-01   -5.2986868849e-02   -3.9613654043e-01    3.4751484926e-01    0.0000000000e+00
    7.000000e-01    6.3267930576e-01    0.0000000000e+00   -5.6120300870e-02    3.9591721704e-01   -5.6120300870e-02   -3.9591721704e-01    3.6732069424e-01    0.0000000000e+00
    7.250000e-01    6.1291124832e-01    0.0000000000e+00   -5.9243698642e-02    3.9462882380e-01   -5.9243698642e-02   -3.9462882380e-01    3.8708875168e-01    0.0000000000e+00
    7.500000e-01    5.9323384273e-01    0.0000000000e+00   -6.2351555712e-02    3.9229535217e-01   -6.2351555712e-02   -3.9229535217e-01    4.0676615727e-01    0.0000000000e+00
    7.750000e-01    5.7369869118e-01    0.0000000000e+00   -6.5438984910e-02    3.8894327429e-01   -6.5438984910e-02   -3.8894327429e-01    4.2630130882e-01    0.0000000000e+00
    8.000000e-01    5.5435601299e-01    0.0000000000e+00   -6.8501676254e-02    3.8460140898e-01   -6.8501676254e-02   -3.8460140898e-01    4.4564398701e-01    0.0000000000e+00
    8.250000e-01    5.3525453073e-01    0.0000000000e+00   -7.1535854733e-02    3.7930078550e-01   -7.1535854733e-02   -3.7930078550e-01    4.6474546927e-01    0.0000000000e+00
    8.500000e-01    5.1644136313e-01    0.0000000000e+00   -7.4538238639e-02    3.7307450518e-01   -7.4538238639e-02   -3.7307450518e-01    4.8355863687e-01    0.0000000000e+00
    8.750000e-01    4.9796192494e-01    0.0000000000e+00   -7.7505998988e-02    3.6595760122e-01   -7.7505998988e-02   -3.6595760122e-01    5.0203807506e-01    0.0000000000e+00
    9.000000e-01    4.7985983392e-01    0.0000000000e+00   -8.0436720407e-02    3.5798689702e-01   -8.0436720407e-02   -3.5798689702e-01    5.2014016608e-01    0.0000000000e+00
    9.250000e-01    4.6217682490e-01    0.0000000000e+00   -8.3328363794e-02    3.4920086320e-01   -8.3328363794e-02   -3.4920086320e-01    5.3782317510e-01    0.0000000000e+00
    9.500000e-01    4.4495267095e-01    0.0000000000e+00   -8.6179230935e-02    3.3963947375e-01   -8.6179230935e-02   -3.3963947375e-01    5.5504732905e-01    0.0000000000e+00
    9.750000e-01    4.2822511191e-01    0.0000000000e+00   -8.8987931211e-02    3.2934406164e-01   -8.8987931211e-02   -3.2934406164e-01    5.7177488809e-01    0.0000000000e+00
    1.000000e+00    4.1202978997e-01    0.0000000000e+00   -9.1753350468e-02    3.1835717410e-01   -9.1753350468e-02   -3.1835717410e-01    5.8797021003e-01    0.0000000000e+00
    1.025000e+00    3.9640019265e-01    0.0000000000e+00   -9.4474622054e-02    3.0672242802e-01   -9.4474622054e-02   -3.0672242802e-01    6.0359980735e-01    0.0000000000e+00
    1.050000e+00    3.8136760287e-01    0.0000000000e+00   -9.7151100019e-02    2.9448436579e-01   -9.7151100019e-02   -2.9448436579e-01    6.1863239713e-01    0.0000000000e+00
    1.075000e+00    3.6696105629e-01    0.0000000000e+00   -9.9782334430e-02    2.8168831186e-01   -9.9782334430e-02   -2.8168831186e-01    6.3303894371e-01    0.0000000000e+00
    1.100000e+00    3.5320730576e-01    0.0000000000e+00   -1.0236804872e-01    2.6838023038e-01   -1.0236804872e-01   -2.6838023038e-01    6.4679269424e-01    0.0000000000e+00
    1.125000e+00    3.4013079286e-01    0.0000000000e+00   -1.0490811899e-01    2.5460658431e-01   -1.0490811899e-01   -2.5460658431e-01    6.5986920714e-01    0.0000000000e+00
    1.150000e+00    3.2775362649e-01    0.0000000000e+00   -1.0740255518e-01    2.4041419618e-01   -1.0740255518e-01   -2.4041419618e-01    6.7224637351e-01    0.0000000000e+00
    1.175000e+00    3.1609556824e-01    0.0000000000e+00   -1.0985148399e-01    2.2585011100e-01   -1.0985148399e-01   -2.2585011100e-01    6.8390443176e-01    0.0000000000e+00
    1.200000e+00    3.0517402477e-01    0.0000000000e+00   -1.1225513343e-01    2.1096146145e-01   -1.1225513343e-01   -2.1096146145e-01    6.9482597523e-01    0.0000000000e+00
    1.225000e+00    2.9500404661e-01    0.0000000000e+00   -1.1461381891e-01    1.9579533575e-01   -1.1461381891e-01   -1.9579533575e-01    7.0499595339e-01    0.0000000000e+00
    1.250000e+00    2.8559833372e-01    0.0000000000e+00   -1.1692793077e-01    1.8039864846e-01   -1.1692793077e-01   -1.8039864846e-01    7.1440166628e-01    0.0000000000e+00
    1.275000e+00    2.7696724730e-01    0.0000000000e+00   -1.1919792307e-01    1.6481801454e-01   -1.1919792307e-01   -1.6481801454e-01    7.2303275270e-01    0.0000000000e+00
    1.300000e+00    2.6911882786e-01    0.0000000000e+00   -1.2142430366e-01    1.4909962683e-01   -1.2142430366e-01   -1.4909962683e-01    7.3088117214e-01    0.0000000000e+00
    1.325000e+00    2.6205881928e-01    0.0000000000e+00   -1.2360762527e-01    1.3328913730e-01   -1.2360762527e-01   -1.3328913730e-01    7.3794118072e-01    0.0000000000e+00
    1.350000e+00    2.5579069880e-01    0.0000000000e+00   -1.2574847769e-01    1.1743154222e-01   -1.2574847769e-01   -1.1743154222e-01    7.4420930120e-01    0.0000000000e+00
    1.375000e+00    2.5031571250e-01    0.0000000000e+00   -1.2784748079e-01    1.0157107158e-01   -1.2784748079e-01   -1.0157107158e-01    7.4968428750e-01    0.0000000000e+00
    1.400000e+00    2.4563291640e-01    0.0000000000e+00   -1.2990527841e-01    8.5751082853e-02   -1.2990527841e-01   -8.5751082853e-02    7.5436708360e-01    0.0000000000e+00
    1.425000e+00    2.4173922254e-01    0.0000000000e+00   -1.3192253303e-01    7.0013959379e-02   -1.3192253303e-01   -7.0013959379e-02    7.5826077746e-01    0.0000000000e+00
    1.450000e+00    2.3862945019e-01    0.0000000000e+00   -1.3389992102e-01    5.4401013484e-02   -1.3389992102e-01   -5.4401013484e-02    7.6137054981e-01    0.0000000000e+00
    1.475000e+00    2.3629638171e-01    0.0000000000e+00   -1.3583812862e-01    3.8952394551e-02   -1.3583812862e-01   -3.8952394551e-02    7.6370361829e-01    0.0000000000e+00
    1.500000e+00    2.3473082288e-01    0.0000000000e+00   -1.3773784832e-01    2.3707002162e-02   -1.3773784832e-01   -2.3707002162e-02    7.6526917712e-01    0.0000000000e+00
    1.525000e+00    2.3392166747e-01    0.0000000000e+00   -1.3959977586e-01    8.7024044276e-03   -1.3959977586e-01   -8.7024044276e-03    7.6607833253e-01    0.0000000000e+00
    1.550000e+00    2.3385596570e-01    0.0000000000e+00   -1.4142460758e-01   -6.0252383482e-03   -1.4142460758e-01    6.0252383482e-03    7.6614403430e-01    0.0000000000e+00
    1.575000e+00    2.3451899650e-01    0.0000000000e+00   -1.4321303815e-01   -2.0441244601e-02   -1.4321303815e-01    2.0441244601e-02    7.6548100350e-01    0.0000000000e+00
    1.600000e+00    2.3589434304e-01    0.0000000000e+00   -1.4496575871e-01   -3.4512476939e-02   -1.4496575871e-01    3.4512476939e-02    7.6410565696e-01    0.0000000000e+00
    1.625000e+00    2.3796397149e-01    0.0000000000e+00   -1.4668345518e-01   -4.8207402012e-02   -1.4668345518e-01    4.8207402012e-02    7.6203602851e-01    0.0000000000e+00
    1.650000e+00    2.4070831259e-01    0.0000000000e+00   -1.4836680699e-01   -6.1496144780e-02   -1.4836680699e-01    6.1496144780e-02    7.5929168741e-01    0.0000000000e+00
    1.675000e+00    2.4410634582e-01    0.0000000000e+00   -1.5001648590e-01   -7.4350537130e-02   -1.5001648590e-01    7.4350537130e-02    7.5589365418e-01    0.0000000000e+00
    1.700000e+00    2.4813568583e-01    0.0000000000e+00   -1.5163315510e-01   -8.6744160835e-02   -1.5163315510e-01    8.6744160835e-02    7.5186431417e-01    0.0000000000e+00
    1.725000e+00    2.5277267089e-01    0.0000000000e+00   -1.5321746847e-01   -9.8652384856e-02   -1.5321746847e-01    9.8652384856e-02    7.4722732911e-01    0.0000000000e+00
    1.750000e+00    2.5799245309e-01    0.0000000000e+00   -1.5477006998e-01   -1.1005239699e-01   -1.5477006998e-01    1.1005239699e-01    7.4200754691e-01    0.0000000000e+00
    1.775000e+00    2.6376908990e-01    0.0000000000e+00   -1.5629159323e-01   -1.2092322991e-01   -1.5629159323e-01    1.2092322991e-01    7.3623091010e-01    0.0000000000e+00
    1.800000e+00    2.7007563702e-01    0.0000000000e+00   -1.5778266108e-01   -1.3124578160e-01   -1.5778266108e-01    1.3124578160e-01    7.2992436298e-01    0.0000000000e+00
    1.825000e+00    2.7688424196e-01    0.0000000000e+00   -1.5924388544e-01   -1.4100283031e-01   -1.5924388544e-01    1.4100283031e-01    7.2311575804e-01    0.0000000000e+00
    1.850000e+00    2.8416623841e-01    0.0000000000e+00   -1.6067586706e-01   -1.5017904403e-01   -1.6067586706e-01    1.5017904403e-01    7.1583376159e-01    0.0000000000e+00
    1.875000e+00    2.9189224076e-01    0.0000000000e+00   -1.6207919546e-01   -1.5876098463e-01   -1.6207919546e-01    1.5876098463e-01    7.0810775924e-01    0.0000000000e+00
    1.900000e+00    3.0003223885e-01    0.0000000000e+00   -1.6345444887e-01   -1.6673710670e-01   -1.6345444887e-01    1.6673710670e-01    6.9996776115e-01    0.0000000000e+00
    1.925000e+00    3.0855569243e-01    0.0000000000e+00   -1.6480219424e-01   -1.7409775124e-01   -1.6480219424e-01    1.7409775124e-01    6.9144430757e-01    0.0000000000e+00
    1.950000e+00    3.1743162525e-01    0.0000000000e+00   -1.6612298734e-01   -1.8083513438e-01   -1.6612298734e-01    1.8083513438e-01    6.8256837475e-01    0.0000000000e+00
    1.975000e+00    3.2662871841e-01    0.0000000000e+00   -1.6741737277e-01   -1.8694333104e-01   -1.6741737277e-01    1.8694333104e-01    6.7337128159e-01    0.0000000000e+00
    2.000000e+00    3.3611540279e-01    0.0000000000e+00   -1.6868588414e-01   -1.9241825405e-01   -1.6868588414e-01    1.9241825405e-01    6.6388459721e-01    0.0000000000e+00
    2.025000e+00    3.4585995034e-01    0.0000000000e+00   -1.6992904418e-01   -1.9725762843e-01   -1.6992904418e-01    1.9725762843e-01    6.5414004966e-01    0.0000000000e+00
    2.050000e+00    3.5583056397e-01    0.0000000000e+00   -1.7114736491e-01   -2.0146096144e-01   -1.7114736491e-01    2.0146096144e-01    6.4416943603e-01    0.0000000000e+00
    2.075000e+00    3.6599546577e-01    0.0000000000e+00   -1.7234134778e-01   -2.0502950818e-01   -1.7234134778e-01    2.0502950818e-01    6.3400453423e-01    0.0000000000e+00
    2.100000e+00    3.7632298350e-01    0.0000000000e+00   -1.7351148390e-01   -2.0796623321e-01   -1.7351148390e-01    2.0796623321e-01    6.2367701650e-01    0.0000000000e+00
    2.125000e+00    3.8678163502e-01    0.0000000000e+00   -1.7465825421e-01   -2.1027576823e-01   -1.7465825421e-01    2.1027576823e-01    6.1321836498e-01    0.0000000000e+00
    2.150000e+00    3.9734021049e-01    0.0000000000e+00   -1.7578212965e-01   -2.1196436606e-01   -1.7578212965e-01    2.1196436606e-01    6.0265978951e-01    0.0000000000e+00
    2.175000e+00    4.0796785223e-01    0.0000000000e+00   -1.7688357140e-01   -2.1303985105e-01   -1.7688357140e-01    2.1303985105e-01    5.9203214777e-01    0.0000000000e+00
    2.200000e+00    4.1863413196e-01    0.0000000000e+00   -1.7796303105e-01   -2.1351156630e-01   -1.7796303105e-01    2.1351156630e-01    5.8136586804e-01    0.0000000000e+00
    2.225000e+00    4.2930912535e-01    0.0000000000e+00   -1.7902095084e-01   -2.1339031765e-01   -1.7902095084e-01    2.1339031765e-01    5.7069087465e-01    0.0000000000e+00
    2.250000e+00    4.3996348374e-01    0.0000000000e+00   -1.8005776381e-01   -2.1268831494e-01   -1.8005776381e-01    2.1268831494e-01    5.6003651626e-01    0.0000000000e+00
    2.275000e+00    4.5056850277e-01    0.0000000000e+00   -1.8107389404e-01   -2.1141911045e-01   -1.8107389404e-01    2.1141911045e-01    5.4943149723e-01    0.0000000000e+00
    2.300000e+00    4.6109618793e-01    0.0000000000e+00   -1.8206975684e-01   -2.0959753504e-01   -1.8206975684e-01    2.0959753504e-01    5.3890381207e-01    0.0000000000e+00
    2.325000e+00    4.7151931685e-01    0.0000000000e+00   -1.8304575893e-01   -2.0723963199e-01   -1.8304575893e-01    2.0723963199e-01    5.2848068315e-01    0.0000000000e+00
    2.350000e+00    4.8181149820e-01    0.0000000000e+00   -1.8400229864e-01   -2.0436258890e-01   -1.8400229864e-01    2.0436258890e-01    5.1818850180e-01    0.0000000000e+00
    2.375000e+00    4.9194722721e-01    0.0000000000e+00   -1.8493976610e-01   -2.0098466776e-01   -1.8493976610e-01    2.0098466776e-01    5.0805277279e-01    0.0000000000e+00
    2.400000e+00    5.0190193757e-01    0.0000000000e+00   -1.8585854343e-01   -1.9712513358e-01   -1.8585854343e-01    1.9712513358e-01    4.9809806243e-01    0.0000000000e+00
    2.425000e+00    5.1165204980e-01    0.0000000000e+00   -1.8675900489e-01   -1.9280418164e-01   -1.8675900489e-01    1.9280418164e-01    4.8834795020e-01    0.0000000000e+00
    2.450000e+00    5.2117501587e-01    0.0000000000e+00   -1.8764151710e-01   -1.8804286362e-01   -1.8764151710e-01    1.8804286362e-01    4.7882498413e-01    0.0000000000e+00
    2.475000e+00    5.3044936022e-01    0.0000000000e+00   -1.8850643916e-01   -1.8286301299e-01   -1.8850643916e-01    1.8286301299e-01    4.6955063978e-01    0.0000000000e+00
    2.500000e+00    5.3945471694e-01    0.0000000000e+00   -1.8935412286e-01   -1.7728716965e-01   -1.8935412286e-01    1.7728716965e-01    4.6054528306e-01    0.0000000000e+00
    2.525000e+00    5.4817186318e-01    0.0000000000e+00   -1.9018491283e-01   -1.7133850418e-01   -1.9018491283e-01    1.7133850418e-01    4.5182813682e-01    0.0000000000e+00
    2.550000e+00    5.5658274881e-01    0.0000000000e+00   -1.9099914667e-01   -1.6504074190e-01   -1.9099914667e-01    1.6504074190e-01    4.4341725119e-01    0.0000000000e+00
    2.575000e+00    5.6467052226e-01    0.0000000000e+00   -1.9179715514e-01   -1.5841808691e-01   -1.9179715514e-01    1.5841808691e-01    4.3532947774e-01    0.0000000000e+00
    2.600000e+00    5.7241955256e-01    0.0000000000e+00   -1.9257926230e-01   -1.5149514637e-01   -1.9257926230e-01    1.5149514637e-01    4.2758044744e-01    0.0000000000e+00
    2.625000e+00    5.7981544758e-01    0.0000000000e+00   -1.9334578563e-01   -1.4429685517e-01   -1.9334578563e-01    1.4429685517e-01    4.2018455242e-01    0.0000000000e+00
    2.650000e+00    5.8684506860e-01    0.0000000000e+00   -1.9409703623e-01   -1.3684840120e-01   -1.9409703623e-01    1.3684840120e-01    4.1315493140e-01    0.0000000000e+00
    2.675000e+00    5.9349654105e-01    0.0000000000e+00   -1.9483331887e-01   -1.2917515150e-01   -1.9483331887e-01    1.2917515150e-01    4.0650345895e-01    0.0000000000e+00
    2.700000e+00    5.9975926169e-01    0.0000000000e+00   -1.9555493222e-01   -1.2130257931e-01   -1.9555493222e-01    1.2130257931e-01    4.0024073831e-01    0.0000000000e+00
    2.725000e+00    6.0562390209e-01    0.0000000000e+00   -1.9626216890e-01   -1.1325619233e-01   -1.9626216890e-01    1.1325619233e-01    3.9437609791e-01    0.0000000000e+00
    2.750000e+00    6.1108240860e-01    0.0000000000e+00   -1.9695531568e-01   -1.0506146233e-01   -1.9695531568e-01    1.0506146233e-01    3.8891759140e-01    0.0000000000e+00
    2.775000e+00    6.1612799881e-01    0.0000000000e+00   -1.9763465353e-01   -9.6743756267e-02   -1.9763465353e-01    9.6743756267e-02    3.8387200119e-01    0.0000000000e+00
    2.800000e+00    6.2075515467e-01    0.0000000000e+00   -1.9830045780e-01   -8.8328269031e-02   -1.9830045780e-01    8.8328269031e-02    3.7924484533e-01    0.0000000000e+00
    2.825000e+00    6.2495961216e-01    0.0000000000e+00   -1.9895299830e-01   -7.9839958067e-02   -1.9895299830e-01    7.9839958067e-02    3.7504038784e-01    0.0000000000e+00
    2.850000e+00    6.2873834789e-01    0.0000000000e+00   -1.9959253946e-01   -7.1303479913e-02   -1.9959253946e-01    7.1303479913e-02    3.7126165211e-01    0.0000000000e+00
    2.875000e+00    6.3208956250e-01    0.0000000000e+00   -2.0021934038e-01   -6.2743128842e-02   -2.0021934038e-01    6.2743128842e-02    3.6791043750e-01    0.0000000000e+00
    2.900000e+00    6.3501266104e-01    0.0000000000e+00   -2.0083365498e-01   -5.4182777733e-02   -2.0083365498e-01    5.4182777733e-02    3.6498733896e-01    0.0000000000e+00
    2.925000e+00    6.3750823048e-01    0.0000000000e+00   -2.0143573212e-01   -4.5645821261e-02   -2.0143573212e-01    4.5645821261e-02    3.6249176952e-01    0.0000000000e+00
    2.950000e+00    6.3957801444e-01    0.0000000000e+00   -2.0202581565e-01   -3.7155121549e-02   -2.0202581565e-01    3.7155121549e-02    3.6042198556e-01    0.0000000000e+00
    2.975000e+00    6.4122488523e-01    0.0000000000e+00   -2.0260414457e-01   -2.8732956351e-02   -2.0260414457e-01    2.8732956351e-02    3.5877511477e-01    0.0000000000e+00
    3.000000e+00    6.4245281343e-01    0.0000000000e+00   -2.0317095311e-01   -2.0400969876e-02   -2.0317095311e-01    2.0400969876e-02    3.5754718657e-01    0.0000000000e+00
    3.025000e+00    6.4326683500e-01    0.0000000000e+00   -2.0372647079e-01   -1.2180126328e-02   -2.0372647079e-01    1.2180126328e-02    3.5673316500e-01    0.0000000000e+00
    3.050000e+00    6.4367301621e-01    0.0000000000e+00   -2.0427092257e-01   -4.0906662330e-03   -2.0427092257e-01    4.0906662330e-03    3.5632698379e-01    0.0000000000e+00
    3.075000e+00    6.4367841639e-01    0.0000000000e+00   -2.0480452893e-01    3.8479343784e-03   -2.0480452893e-01   -3.8479343784e-03    3.5632158361e-01    0.0000000000e+00
    3.100000e+00    6.4329104879e-01    0.0000000000e+00   -2.0532750592e-01    1.1617001886e-02   -2.0532750592e-01   -1.1617001886e-02    3.5670895121e-01    0.0000000000e+00
    3.125000e+00    6.4251983951e-01    0.0000000000e+00   -2.0584006531e-01    1.9198700037e-02   -2.0584006531e-01   -1.9198700037e-02    3.5748016049e-01    0.0000000000e+00
    3.150000e+00    6.4137458489e-01    0.0000000000e+00   -2.0634241463e-01    2.6576061922e-02   -2.0634241463e-01   -2.6576061922e-02    3.5862541511e-01    0.0000000000e+00
    3.175000e+00    6.3986590725e-01    0.0000000000e+00   -2.0683475727e-01    3.3733018924e-02   -2.0683475727e-01   -3.3733018924e-02    3.6013409275e-01    0.0000000000e+00
    3.200000e+00    6.3800520934e-01    0.0000000000e+00   -2.0731729257e-01    4.0654426643e-02   -2.0731729257e-01   -4.0654426643e-02    3.6199479066e-01    0.0000000000e+00
    3.225000e+00    6.3580462756e-01    0.0000000000e+00   -2.0779021590e-01    4.7326087771e-02   -2.0779021590e-01   -4.7326087771e-02    3.6419537244e-01    0.0000000000e+00
    3.250000e+00    6.3327698406e-01    0.0000000000e+00   -2.0825371872e-01    5.3734771919e-02   -2.0825371872e-01   -5.3734771919e-02    3.6672301594e-01    0.0000000000e+00
    3.275000e+00    6.3043573799e-01    0.0000000000e+00   -2.0870798870e-01    5.9868232406e-02   -2.0870798870e-01   -5.9868232406e-02    3.6956426201e-01    0.0000000000e+00
    3.300000e+00    6.2729493593e-01    0.0000000000e+00   -2.0915320975e-01    6.5715220024e-02   -2.0915320975e-01   -6.5715220024e-02    3.7270506407e-01    0.0000000000e+00
    3.325000e+00    6.2386916178e-01    0.0000000000e+00   -2.0958956213e-01    7.1265493804e-02   -2.0958956213e-01   -7.1265493804e-02    3.7613083822e-01    0.0000000000e+00
    3.350000e+00    6.2017348610e-01    0.0000000000e+00   -2.1001722248e-01    7.6509828801e-02   -2.1001722248e-01   -7.6509828801e-02    3.7982651390e-01    0.0000000000e+00
    3.375000e+00    6.1622341518e-01    0.0000000000e+00   -2.1043636396e-01    8.1440020957e-02   -2.1043636396e-01   -8.1440020957e-02    3.8377658482e-01    0.0000000000e+00
    3.400000e+00    6.1203483997e-01    0.0000000000e+00   -2.1084715625e-01    8.6048889074e-02   -2.1084715625e-01   -8.6048889074e-02    3.8796516003e-01    0.0000000000e+00
    3.425000e+00    6.0762398490e-01    0.0000000000e+00   -2.1124976566e-01    9.0330273946e-02   -2.1124976566e-01   -9.0330273946e-02    3.9237601510e-01    0.0000000000e+00
    3.450000e+00    6.0300735687e-01    0.0000000000e+00   -2.1164435519e-01    9.4279034726e-02   -2.1164435519e-01   -9.4279034726e-02    3.9699264313e-01    0.0000000000e+00
    3.475000e+00    5.9820169453e-01    0.0000000000e+00   -2.1203108460e-01    9.7891042571e-02   -2.1203108460e-01   -9.7891042571e-02    4.0179830547e-01    0.0000000000e+00
    3.500000e+00    5.9322391781e-01    0.0000000000e+00   -2.1241011044e-01    1.0116317166e-01   -2.1241011044e-01   -1.0116317166e-01    4.0677608219e-01    0.0000000000e+00
    3.525000e+00    5.8809107813e-01    0.0000000000e+00   -2.1278158617e-01    1.0409328764e-01   -2.1278158617e-01   -1.0409328764e-01    4.1190892187e-01    0.0000000000e+00
    3.550000e+00    5.8282030909e-01    0.0000000000e+00   -2.1314566218e-01    1.0668023359e-01   -2.1314566218e-01   -1.0668023359e-01    4.1717969091e-01    0.0000000000e+00
    3.575000e+00    5.7742877806e-01    0.0000000000e+00   -2.1350248587e-01    1.0892381364e-01   -2.1350248587e-01   -1.0892381364e-01    4.2257122194e-01    0.0000000000e+00
    3.600000e+00    5.7193363856e-01    0.0000000000e+00   -2.1385220170e-01    1.1082477421e-01   -2.1385220170e-01   -1.1082477421e-01    4.2806636144e-01    0.0000000000e+00
    3.625000e+00    5.6635198366e-01    0.0000000000e+00   -2.1419495125e-01    1.1238478313e-01   -2.1419495125e-01   -1.1238478313e-01    4.3364801634e-01    0.0000000000e+00
    3.650000e+00    5.6070080049e-01    0.0000000000e+00   -2.1453087329e-01    1.1360640660e-01   -2.1453087329e-01   -1.1360640660e-01    4.3929919951e-01    0.0000000000e+00
    3.675000e+00    5.5499692590e-01    0.0000000000e+00   -2.1486010382e-01    1.1449308419e-01   -2.1486010382e-01   -1.1449308419e-01    4.4500307410e-01    0.0000000000e+00
    3.700000e+00    5.4925700352e-01    0.0000000000e+00   -2.1518277613e-01    1.1504910195e-01   -2.1518277613e-01   -1.1504910195e-01    4.5074299648e-01    0.0000000000e+00
    3.725000e+00    5.4349744208e-01    0.0000000000e+00   -2.1549902085e-01    1.1527956376e-01   -2.1549902085e-01   -1.1527956376e-01    4.5650255792e-01    0.0000000000e+00
    3.750000e+00    5.3773437531e-01    0.0000000000e+00   -2.1580896603e-01    1.1519036095e-01   -2.1580896603e-01   -1.1519036095e-01    4.6226562469e-01    0.0000000000e+00
    3.775000e+00    5.3198362335e-01    0.0000000000e+00   -2.1611273714e-01    1.1478814047e-01   -2.1611273714e-01   -1.1478814047e-01    4.6801637665e-01    0.0000000000e+00
    3.800000e+00    5.2626065578e-01    0.0000000000e+00   -2.1641045716e-01    1.1408027158e-01   -2.1641045716e-01   -1.1408027158e-01    4.7373934422e-01    0.0000000000e+00
    3.825000e+00    5.2058055641e-01    0.0000000000e+00   -2.1670224664e-01    1.1307481121e-01   -2.1670224664e-01   -1.1307481121e-01    4.7941944359e-01    0.0000000000e+00
    3.850000e+00    5.1495798971e-01    0.0000000000e+00   -2.1698822371e-01    1.1178046823e-01   -2.1698822371e-01   -1.1178046823e-01    4.8504201029e-01    0.0000000000e+00
    3.875000e+00    5.0940716922e-01    0.0000000000e+00   -2.1726850415e-01    1.1020656651e-01   -2.1726850415e-01   -1.1020656651e-01    4.9059283078e-01    0.0000000000e+00
    3.900000e+00    5.0394182766e-01    0.0000000000e+00   -2.1754320143e-01    1.0836300720e-01   -2.1754320143e-01   -1.0836300720e-01    4.9605817234e-01    0.0000000000e+00
    3.925000e+00    4.9857518907e-01    0.0000000000e+00   -2.1781242677e-01    1.0626023005e-01   -2.1781242677e-01   -1.0626023005e-01    5.0142481093e-01    0.0000000000e+00
    3.950000e+00    4.9331994289e-01    0.0000000000e+00   -2.1807628917e-01    1.0390917411e-01   -2.1807628917e-01   -1.0390917411e-01    5.0668005711e-01    0.0000000000e+00
    3.975000e+00    4.8818821990e-01    0.0000000000e+00   -2.1833489546e-01    1.0132123785e-01   -2.1833489546e-01   -1.0132123785e-01    5.1181178010e-01    0.0000000000e+00
    4.000000e+00    4.8319157036e-01    0.0000000000e+00   -2.1858835033e-01    9.8508238777e-02   -2.1858835033e-01   -9.8508238777e-02    5.1680842964e-01    0.0000000000e+00
    4.025000e+00    4.7834094399e-01    0.0000000000e+00   -2.1883675640e-01    9.5482372759e-02   -2.1883675640e-01   -9.5482372759e-02    5.2165905601e-01    0.0000000000e+00
    4.050000e+00    4.7364667214e-01    0.0000000000e+00   -2.1908021425e-01    9.2256173118e-02   -2.1908021425e-01   -9.2256173118e-02    5.2635332786e-01    0.0000000000e+00
    4.075000e+00    4.6911845189e-01    0.0000000000e+00   -2.1931882243e-01    8.8842469616e-02   -2.1931882243e-01   -8.8842469616e-02    5.3088154811e-01    0.0000000000e+00
    4.100000e+00    4.6476533228e-01    0.0000000000e+00   -2.1955267756e-01    8.5254347454e-02   -2.1955267756e-01   -8.5254347454e-02    5.3523466772e-01    0.0000000000e+00
    4.125000e+00    4.6059570255e-01    0.0000000000e+00   -2.1978187432e-01    8.1505106395e-02   -2.1978187432e-01   -8.1505106395e-02    5.3940429745e-01    0.0000000000e+00
    4.150000e+00    4.5661728246e-01    0.0000000000e+00   -2.2000650549e-01    7.7608220116e-02   -2.2000650549e-01   -7.7608220116e-02    5.4338271754e-01    0.0000000000e+00
    4.175000e+00    4.5283711456e-01    0.0000000000e+00   -2.2022666203e-01    7.3577295909e-02   -2.2022666203e-01   -7.3577295909e-02    5.4716288544e-01    0.0000000000e+00
    4.200000e+00    4.4926155852e-01    0.0000000000e+00   -2.2044243307e-01    6.9426034810e-02   -2.2044243307e-01   -6.9426034810e-02    5.5073844148e-01    0.0000000000e+00
    4.225000e+00    4.4589628744e-01    0.0000000000e+00   -2.2065390596e-01    6.5168192282e-02   -2.2065390596e-01   -6.5168192282e-02    5.5410371256e-01    0.0000000000e+00
    4.250000e+00    4.4274628611e-01    0.0000000000e+00   -2.2086116633e-01    6.0817539531e-02   -2.2086116633e-01   -6.0817539531e-02    5.5725371389e-01    0.0000000000e+00
    4.275000e+00    4.3981585115e-01    0.0000000000e+00   -2.2106429809e-01    5.6387825555e-02   -2.2106429809e-01   -5.6387825555e-02    5.6018414885e-01    0.0000000000e+00
    4.300000e+00    4.3710859303e-01    0.0000000000e+00   -2.2126338348e-01    5.1892740015e-02   -2.2126338348e-01   -5.1892740015e-02    5.6289140697e-01    0.0000000000e+00
    4.325000e+00    4.3462744003e-01    0.0000000000e+00   -2.2145850310e-01    4.7345877008e-02   -2.2145850310e-01   -4.7345877008e-02    5.6537255997e-01    0.0000000000e+00
    4.350000e+00    4.3237464381e-01    0.0000000000e+00   -2.2164973596e-01    4.2760699835e-02   -2.2164973596e-01   -4.2760699835e-02    5.6762535619e-01    0.0000000000e+00
    4.375000e+00    4.3035178687e-01    0.0000000000e+00   -2.2183715946e-01    3.8150506822e-02   -2.2183715946e-01   -3.8150506822e-02    5.6964821313e-01    0.0000000000e+00
    4.400000e+00    4.2855979159e-01    0.0000000000e+00   -2.2202084951e-01    3.3528398287e-02   -2.2202084951e-01   -3.3528398287e-02    5.7144020841e-01    0.0000000000e+00
    4.425000e+00    4.2699893098e-01    0.0000000000e+00   -2.2220088046e-01    2.8907244696e-02   -2.2220088046e-01   -2.8907244696e-02    5.7300106902e-01    0.0000000000e+00
    4.450000e+00    4.2566884088e-01    0.0000000000e+00   -2.2237732521e-01    2.4299656104e-02   -2.2237732521e-01   -2.4299656104e-02    5.7433115912e-01    0.0000000000e+00
    4.475000e+00    4.2456853377e-01    0.0000000000e+00   -2.2255025519e-01    1.9717952899e-02   -2.2255025519e-01   -1.9717952899e-02    5.7543146623e-01    0.0000000000e+00
    4.500000e+00    4.2369641393e-01    0.0000000000e+00   -2.2271974041e-01    1.5174137941e-02   -2.2271974041e-01   -1.5174137941e-02    5.7630358607e-01    0.0000000000e+00
    4.525000e+00    4.2305029398e-01    0.0000000000e+00   -2.2288584950e-01    1.0679870116e-02   -2.2288584950e-01   -1.0679870116e-02    5.7694970602e-01    0.0000000000e+00
    4.550000e+00    4.2262741274e-01    0.0000000000e+00   -2.2304864971e-01    6.2464393648e-03   -2.2304864971e-01   -6.2464393648e-03    5.7737258726e-01    0.0000000000e+00
    4.575000e+00    4.2242445424e-01    0.0000000000e+00   -2.2320820696e-01    1.8847432190e-03   -2.2320820696e-01   -1.8847432190e-03    5.7757554576e-01    0.0000000000e+00
    4.600000e+00    4.2243756788e-01    0.0000000000e+00   -2.2336458583e-01   -2.3947351215e-03   -2.2336458583e-01    2.3947351215e-03    5.7756243212e-01    0.0000000000e+00
    4.625000e+00    4.2266238973e-01    0.0000000000e+00   -2.2351784964e-01   -6.5819471379e-03   -2.2351784964e-01    6.5819471379e-03    5.7733761027e-01    0.0000000000e+00
    4.650000e+00    4.2309406465e-01    0.0000000000e+00   -2.2366806045e-01   -1.0667297747e-02   -2.2366806045e-01    1.0667297747e-02    5.7690593535e-01    0.0000000000e+00
    4.675000e+00    4.2372726947e-01    0.0000000000e+00   -2.2381527907e-01   -1.4641662443e-02   -2.2381527907e-01    1.4641662443e-02    5.7627273053e-01    0.0000000000e+00
    4.700000e+00    4.2455623687e-01    0.0000000000e+00   -2.2395956511e-01   -1.8496402803e-02   -2.2395956511e-01    1.8496402803e-02    5.7544376313e-01    0.0000000000e+00
    4.725000e+00    4.2557478008e-01    0.0000000000e+00   -2.2410097698e-01   -2.2223380364e-02   -2.2410097698e-01    2.2223380364e-02    5.7442521992e-01    0.0000000000e+00
    4.750000e+00    4.2677631813e-01    0.0000000000e+00   -2.2423957193e-01   -2.5814968848e-02   -2.2423957193e-01    2.5814968848e-02    5.7322368187e-01    0.0000000000e+00
    4.775000e+00    4.2815390179e-01    0.0000000000e+00   -2.2437540608e-01   -2.9264064740e-02   -2.2437540608e-01    2.9264064740e-02    5.7184609821e-01    0.0000000000e+00
    4.800000e+00    4.2970023990e-01    0.0000000000e+00   -2.2450853442e-01   -3.2564096238e-02   -2.2450853442e-01    3.2564096238e-02    5.7029976010e-01    0.0000000000e+00
    4.825000e+00    4.3140772616e-01    0.0000000000e+00   -2.2463901086e-01   -3.5709030556e-02   -2.2463901086e-01    3.5709030556e-02    5.6859227384e-01    0.0000000000e+00
    4.850000e+00    4.3326846623e-01    0.0000000000e+00   -2.2476688821e-01   -3.8693379616e-02   -2.2476688821e-01    3.8693379616e-02    5.6673153377e-01    0.0000000000e+00
    4.875000e+00    4.3527430507e-01    0.0000000000e+00   -2.2489221826e-01   -4.1512204135e-02   -2.2489221826e-01    4.1512204135e-02    5.6472569493e-01    0.0000000000e+00
    4.900000e+00    4.3741685446e-01    0.0000000000e+00   -2.2501505174e-01   -4.4161116134e-02   -2.2501505174e-01    4.4161116134e-02    5.6258314554e-01    0.0000000000e+00
    4.925000e+00    4.3968752058e-01    0.0000000000e+00   -2.2513543838e-01   -4.6636279880e-02   -2.2513543838e-01    4.6636279880e-02    5.6031247942e-01    0.0000000000e+00
    4.950000e+00    4.4207753161e-01    0.0000000000e+00   -2.2525342693e-01   -4.8934411315e-02   -2.2525342693e-01    4.8934411315e-02    5.5792246839e-01    0.0000000000e+00
    4.975000e+00    4.4457796529e-01    0.0000000000e+00   -2.2536906516e-01   -5.1052775973e-02   -2.2536906516e-01    5.1052775973e-02    5.5542203471e-01    0.0000000000e+00
    5.000000e+00    4.4717977632e-01    0.0000000000e+00   -2.2548239988e-01   -5.2989185451e-02   -2.2548239988e-01    5.2989185451e-02    5.5282022368e-01    0.0000000000e+00
    5.025000e+00    4.4987382350e-01    0.0000000000e+00   -2.2559347698e-01   -5.4741992444e-02   -2.2559347698e-01    5.4741992444e-02    5.5012617650e-01    0.0000000000e+00
    5.050000e+00    4.5265089669e-01    0.0000000000e+00   -2.2570234143e-01   -5.6310084416e-02   -2.2570234143e-01    5.6310084416e-02    5.4734910331e-01    0.0000000000e+00
    5.075000e+00    4.5550174331e-01    0.0000000000e+00   -2.2580903731e-01   -5.7692875923e-02   -2.2580903731e-01    5.7692875923e-02    5.4449825669e-01    0.0000000000e+00
    5.100000e+00    4.5841709453e-01    0.0000000000e+00   -2.2591360782e-01   -5.8890299657e-02   -2.2591360782e-01    5.8890299657e-02    5.4158290547e-01    0.0000000000e+00
    5.125000e+00    4.6138769088e-01    0.0000000000e+00   -2.2601609529e-01   -5.9902796252e-02   -2.2601609529e-01    5.9902796252e-02    5.3861230912e-01    0.0000000000e+00
    5.150000e+00    4.6440430739e-01    0.0000000000e+00   -2.2611654121e-01   -6.0731302904e-02   -2.2611654121e-01    6.0731302904e-02    5.3559569261e-01    0.0000000000e+00
    5.175000e+00    4.6745777810e-01    0.0000000000e+00   -2.2621498626e-01   -6.1377240862e-02   -2.2621498626e-01    6.1377240862e-02    5.3254222190e-01    0.0000000000e+00
    5.200000e+00    4.7053901994e-01    0.0000000000e+00   -2.2631147029e-01   -6.1842501851e-02   -2.2631147029e-01    6.1842501851e-02    5.2946098006e-01    0.0000000000e+00
    5.225000e+00    4.7363905588e-01    0.0000000000e+00   -2.2640603236e-01   -6.2129433475e-02   -2.2640603236e-01    6.2129433475e-02    5.2636094412e-01    0.0000000000e+00
    5.250000e+00    4.7674903736e-01    0.0000000000e+00   -2.2649871076e-01   -6.2240823673e-02   -2.2649871076e-01    6.2240823673e-02    5.2325096264e-01    0.0000000000e+00
    5.275000e+00    4.7986026587e-01    0.0000000000e+00   -2.2658954302e-01   -6.2179884276e-02   -2.2658954302e-01    6.2179884276e-02    5.2013973413e-01    0.0000000000e+00
    5.300000e+00    4.8296421372e-01    0.0000000000e+00   -2.2667856590e-01   -6.1950233739e-02   -2.2667856590e-01    6.1950233739e-02    5.1703578628e-01    0.0000000000e+00
    5.325000e+00    4.8605254397e-01    0.0000000000e+00   -2.2676581546e-01   -6.1555879108e-02   -2.2676581546e-01    6.1555879108e-02    5.1394745603e-01    0.0000000000e+00
    5.350000e+00    4.8911712932e-01    0.0000000000e+00   -2.2685132701e-01   -6.1001197288e-02   -2.2685132701e-01    6.1001197288e-02    5.1088287068e-01    0.0000000000e+00
    5.375000e+00    4.9215007018e-01    0.0000000000e+00   -2.2693513517e-01   -6.0290915667e-02   -2.2693513517e-01    6.0290915667e-02    5.0784992982e-01    0.0000000000e+00
    5.400000e+00    4.9514371168e-01    0.0000000000e+00   -2.2701727388e-01   -5.9430092180e-02   -2.2701727388e-01    5.9430092180e-02    5.0485628832e-01    0.0000000000e+00
    5.425000e+00    4.9809065967e-01    0.0000000000e+00   -2.2709777640e-01   -5.8424094864e-02   -2.2709777640e-01    5.8424094864e-02    5.0190934033e-01    0.0000000000e+00
    5.450000e+00    5.0098379574e-01    0.0000000000e+00   -2.2717667531e-01   -5.7278580976e-02   -2.2717667531e-01    5.7278580976e-02    4.9901620426e-01    0.0000000000e+00
    5.475000e+00    5.0381629111e-01    0.0000000000e+00   -2.2725400255e-01   -5.5999475738e-02   -2.2725400255e-01    5.5999475738e-02    4.9618370889e-01    0.0000000000e+00
    5.500000e+00    5.0658161953e-01    0.0000000000e+00   -2.2732978945e-01   -5.4592950779e-02   -2.2732978945e-01    5.4592950779e-02    4.9341838047e-01    0.0000000000e+00
    5.525000e+00    5.0927356902e-01    0.0000000000e+00   -2.2740406667e-01   -5.3065402328e-02   -2.2740406667e-01    5.3065402328e-02    4.9072643098e-01    0.0000000000e+00
    5.550000e+00    5.1188625258e-01    0.0000000000e+00   -2.2747686430e-01   -5.1423429242e-02   -2.2747686430e-01    5.1423429242e-02    4.8811374742e-01    0.0000000000e+00
    5.575000e+00    5.1441411777e-01    0.0000000000e+00   -2.2754821181e-01   -4.9673810905e-02   -2.2754821181e-01    4.9673810905e-02    4.8558588223e-01    0.0000000000e+00
    5.600000e+00    5.1685195514e-01    0.0000000000e+00   -2.2761813807e-01   -4.7823485091e-02   -2.2761813807e-01    4.7823485091e-02    4.8314804486e-01    0.0000000000e+00
    5.625000e+00    5.1919490566e-01    0.0000000000e+00   -2.2768667141e-01   -4.5879525826e-02   -2.2768667141e-01    4.5879525826e-02    4.8080509434e-01    0.0000000000e+00
    5.650000e+00    5.2143846692e-01    0.0000000000e+00   -2.2775383957e-01   -4.3849121331e-02   -2.2775383957e-01    4.3849121331e-02    4.7856153308e-01    0.0000000000e+00
    5.675000e+00    5.2357849834e-01    0.0000000000e+00   -2.2781966975e-01   -4.1739552085e-02   -2.2781966975e-01    4.1739552085e-02    4.7642150166e-01    0.0000000000e+00
    5.700000e+00    5.2561122520e-01    0.0000000000e+00   -2.2788418859e-01   -3.9558169085e-02   -2.2788418859e-01    3.9558169085e-02    4.7438877480e-01    0.0000000000e+00
    5.725000e+00    5.2753324167e-01    0.0000000000e+00   -2.2794742222e-01   -3.7312372338e-02   -2.2794742222e-01    3.7312372338e-02    4.7246675833e-01    0.0000000000e+00
    5.750000e+00    5.2934151267e-01    0.0000000000e+00   -2.2800939624e-01   -3.5009589662e-02   -2.2800939624e-01    3.5009589662e-02    4.7065848733e-01    0.0000000000e+00
    5.775000e+00    5.3103337479e-01    0.0000000000e+00   -2.2807013574e-01   -3.2657255825e-02   -2.2807013574e-01    3.2657255825e-02    4.6896662521e-01    0.0000000000e+00
    5.800000e+00    5.3260653610e-01    0.0000000000e+00   -2.2812966532e-01   -3.0262792089e-02   -2.2812966532e-01    3.0262792089e-02    4.6739346390e-01    0.0000000000e+00
    5.825000e+00    5.3405907499e-01    0.0000000000e+00   -2.2818800907e-01   -2.7833586199e-02   -2.2818800907e-01    2.7833586199e-02    4.6594092501e-01    0.0000000000e+00
    5.850000e+00    5.3538943797e-01    0.0000000000e+00   -2.2824519062e-01   -2.5376972863e-02   -2.2824519062e-01    2.5376972863e-02    4.6461056203e-01    0.0000000000e+00
    5.875000e+00    5.3659643658e-01    0.0000000000e+00   -2.2830123312e-01   -2.2900214771e-02   -2.2830123312e-01    2.2900214771e-02    4.6340356342e-01    0.0000000000e+00
    5.900000e+00    5.3767924330e-01    0.0000000000e+00   -2.2835615925e-01   -2.0410484189e-02   -2.2835615925e-01    2.0410484189e-02    4.6232075670e-01    0.0000000000e+00
    5.925000e+00    5.3863738660e-01    0.0000000000e+00   -2.2840999126e-01   -1.7914845169e-02   -2.2840999126e-01    1.7914845169e-02    4.6136261340e-01    0.0000000000e+00
    5.950000e+00    5.3947074507e-01    0.0000000000e+00   -2.2846275093e-01   -1.5420236408e-02   -2.2846275093e-01    1.5420236408e-02    4.6052925493e-01    0.0000000000e+00
    5.975000e+00    5.4017954078e-01    0.0000000000e+00   -2.2851445964e-01   -1.2933454804e-02   -2.2851445964e-01    1.2933454804e-02    4.5982045922e-01    0.0000000000e+00
    6.000000e+00    5.4076433175e-01    0.0000000000e+00   -2.2856513832e-01   -1.0461139712e-02   -2.2856513832e-01    1.0461139712e-02    4.5923566825e-01    0.0000000000e+00
    6.025000e+00    5.4122600374e-01    0.0000000000e+00   -2.2861480747e-01   -8.0097579625e-03   -2.2861480747e-01    8.0097579625e-03    4.5877399626e-01    0.0000000000e+00
    6.050000e+00    5.4156576122e-01    0.0000000000e+00   -2.2866348723e-01   -5.5855896379e-03   -2.2866348723e-01    5.5855896379e-03    4.5843423878e-01    0.0000000000e+00
    6.075000e+00    5.4178511771e-01    0.0000000000e+00   -2.2871119728e-01   -3.1947146551e-03   -2.2871119728e-01    3.1947146551e-03    4.5821488229e-01    0.0000000000e+00
    6.100000e+00    5.4188588548e-01    0.0000000000e+00   -2.2875795696e-01   -8.4300015673e-04   -2.2875795696e-01    8.4300015673e-04    4.5811411452e-01    0.0000000000e+00
    6.125000e+00    5.4187016458e-01    0.0000000000e+00   -2.2880378518e-01    1.4639112605e-03   -2.2880378518e-01   -1.4639112605e-03    4.5812983542e-01    0.0000000000e+00
    6.150000e+00    5.4174033133e-01    0.0000000000e+00   -2.2884870051e-01    3.7206124687e-03   -2.2884870051e-01   -3.7206124687e-03    4.5825966867e-01    0.0000000000e+00
    6.175000e+00    5.4149902634e-01    0.0000000000e+00   -2.2889272113e-01    5.9219418694e-03   -2.2889272113e-01   -5.9219418694e-03    4.5850097366e-01    0.0000000000e+00
    6.200000e+00    5.4114914193e-01    0.0000000000e+00   -2.2893586486e-01    8.0629925815e-03   -2.2893586486e-01   -8.0629925815e-03    4.5885085807e-01    0.0000000000e+00
    6.225000e+00    5.4069380927e-01    0.0000000000e+00   -2.2897814917e-01    1.0139120749e-02   -2.2897814917e-01   -1.0139120749e-02    4.5930619073e-01    0.0000000000e+00
    6.250000e+00    5.4013638495e-01    0.0000000000e+00   -2.2901959118e-01    1.2145952964e-02   -2.2901959118e-01   -1.2145952964e-02    4.5986361505e-01    0.0000000000e+00
    6.275000e+00    5.3948043734e-01    0.0000000000e+00   -2.2906020767e-01    1.4079392800e-02   -2.2906020767e-01   -1.4079392800e-02    4.6051956266e-01    0.0000000000e+00
    6.300000e+00    5.3872973260e-01    0.0000000000e+00   -2.2910001508e-01    1.5935626462e-02   -2.2910001508e-01   -1.5935626462e-02    4.6127026740e-01    0.0000000000e+00
    6.325000e+00    5.3788822040e-01    0.0000000000e+00   -2.2913902953e-01    1.7711127545e-02   -2.2913902953e-01   -1.7711127545e-02    4.6211177960e-01    0.0000000000e+00
    6.350000e+00    5.3696001947e-01    0.0000000000e+00   -2.2917726681e-01    1.9402660915e-02   -2.2917726681e-01   -1.9402660915e-02    4.6303998053e-01    0.0000000000e+00
    6.375000e+00    5.3594940295e-01    0.0000000000e+00   -2.2921474241e-01    2.1007285717e-02   -2.2921474241e-01   -2.1007285717e-02    4.6405059705e-01    0.0000000000e+00
    6.400000e+00    5.3486078361e-01    0.0000000000e+00   -2.2925147150e-01    2.2522357517e-02   -2.2925147150e-01   -2.2522357517e-02    4.6513921639e-01    0.0000000000e+00
    6.425000e+00    5.3369869902e-01    0.0000000000e+00   -2.2928746895e-01    2.3945529592e-02   -2.2928746895e-01   -2.3945529592e-02    4.6630130098e-01    0.0000000000e+00
    6.450000e+00    5.3246779662e-01    0.0000000000e+00   -2.2932274933e-01    2.5274753378e-02   -2.2932274933e-01   -2.5274753378e-02    4.6753220338e-01    0.0000000000e+00
    6.475000e+00    5.3117281883e-01    0.0000000000e+00   -2.2935732693e-01    2.6508278097e-02   -2.2935732693e-01   -2.6508278097e-02    4.6882718117e-01    0.0000000000e+00
    6.500000e+00    5.2981858820e-01    0.0000000000e+00   -2.2939121574e-01    2.7644649580e-02   -2.2939121574e-01   -2.7644649580e-02    4.7018141180e-01    0.0000000000e+00
    6.525000e+00    5.2840999258e-01    0.0000000000e+00   -2.2942442950e-01    2.8682708294e-02   -2.2942442950e-01   -2.8682708294e-02    4.7159000742e-01    0.0000000000e+00
    6.550000e+00    5.2695197053e-01    0.0000000000e+00   -2.2945698163e-01    2.9621586614e-02   -2.2945698163e-01   -2.9621586614e-02    4.7304802947e-01    0.0000000000e+00
    6.575000e+00    5.2544949674e-01    0.0000000000e+00   -2.2948888533e-01    3.0460705345e-02   -2.2948888533e-01   -3.0460705345e-02    4.7455050326e-01    0.0000000000e+00
    6.600000e+00    5.2390756773e-01    0.0000000000e+00   -2.2952015351e-01    3.1199769525e-02   -2.2952015351e-01   -3.1199769525e-02    4.7609243227e-01    0.0000000000e+00
    6.625000e+00    5.2233118778e-01    0.0000000000e+00   -2.2955079883e-01    3.1838763543e-02   -2.2955079883e-01   -3.1838763543e-02    4.7766881222e-01    0.0000000000e+00
    6.650000e+00    5.2072535506e-01    0.0000000000e+00   -2.2958083370e-01    3.2377945582e-02   -2.2958083370e-01   -3.2377945582e-02    4.7927464494e-01    0.0000000000e+00
    6.675000e+00    5.1909504813e-01    0.0000000000e+00   -2.2961027028e-01    3.2817841430e-02   -2.2961027028e-01   -3.2817841430e-02    4.8090495187e-01    0.0000000000e+00
    6.700000e+00    5.1744521272e-01    0.0000000000e+00   -2.2963912048e-01    3.3159237683e-02   -2.2963912048e-01   -3.3159237683e-02    4.8255478728e-01    0.0000000000e+00
    6.725000e+00    5.1578074883e-01    0.0000000000e+00   -2.2966739598e-01    3.3403174371e-02   -2.2966739598e-01   -3.3403174371e-02    4.8421925117e-01    0.0000000000e+00
    6.750000e+00    5.1410649831e-01    0.0000000000e+00   -2.2969510824e-01    3.3550937039e-02   -2.2969510824e-01   -3.3550937039e-02    4.8589350169e-01    0.0000000000e+00
    6.775000e+00    5.1242723277e-01    0.0000000000e+00   -2.2972226848e-01    3.3604048316e-02   -2.2972226848e-01   -3.3604048316e-02    4.8757276723e-01    0.0000000000e+00
    6.800000e+00    5.1074764194e-01    0.0000000000e+00   -2.2974888768e-01    3.3564259005e-02   -2.2974888768e-01   -3.3564259005e-02    4.8925235806e-01    0.0000000000e+00
    6.825000e+00    5.0907232250e-01    0.0000000000e+00   -2.2977497663e-01    3.3433538728e-02   -2.2977497663e-01   -3.3433538728e-02    4.9092767750e-01    0.0000000000e+00
    6.850000e+00    5.0740576739e-01    0.0000000000e+00   -2.2980054589e-01    3.3214066158e-02   -2.2980054589e-01   -3.3214066158e-02    4.9259423261e-01    0.0000000000e+00
    6.875000e+00    5.0575235557e-01    0.0000000000e+00   -2.2982560581e-01    3.2908218881e-02   -2.2982560581e-01   -3.2908218881e-02    4.9424764443e-01    0.0000000000e+00
    6.900000e+00    5.0411634241e-01    0.0000000000e+00   -2.2985016655e-01    3.2518562910e-02   -2.2985016655e-01   -3.2518562910e-02    4.9588365759e-01    0.0000000000e+00
    6.925000e+00    5.0250185046e-01    0.0000000000e+00   -2.2987423803e-01    3.2047841902e-02   -2.2987423803e-01   -3.2047841902e-02    4.9749814954e-01    0.0000000000e+00
    6.950000e+00    5.0091286088e-01    0.0000000000e+00   -2.2989783001e-01    3.1498966096e-02   -2.2989783001e-01   -3.1498966096e-02    4.9908713912e-01    0.0000000000e+00
    6.975000e+00    4.9935320542e-01    0.0000000000e+00   -2.2992095204e-01    3.0875001028e-02   -2.2992095204e-01   -3.0875001028e-02    5.0064679458e-01    0.0000000000e+00
    7.000000e+00    4.9782655885e-01    0.0000000000e+00   -2.2994361348e-01    3.0179156043e-02   -2.2994361348e-01   -3.0179156043e-02    5.0217344115e-01    0.0000000000e+00
    7.025000e+00    4.9633643218e-01    0.0000000000e+00   -2.2996582351e-01    2.9414772636e-02   -2.2996582351e-01   -2.9414772636e-02    5.0366356782e-01    0.0000000000e+00
    7.050000e+00    4.9488616626e-01    0.0000000000e+00   -2.2998759111e-01    2.8585312682e-02   -2.2998759111e-01   -2.8585312682e-02    5.0511383374e-01    0.0000000000e+00
    7.075000e+00    4.9347892607e-01    0.0000000000e+00   -2.3000892511e-01    2.7694346557e-02   -2.3000892511e-01   -2.7694346557e-02    5.0652107393e-01    0.0000000000e+00
    7.100000e+00    4.9211769564e-01    0.0000000000e+00   -2.3002983413e-01    2.6745541213e-02   -2.3002983413e-01   -2.6745541213e-02    5.0788230436e-01    0.0000000000e+00
    7.125000e+00    4.9080527345e-01    0.0000000000e+00   -2.3005032664e-01    2.5742648216e-02   -2.3005032664e-01   -2.5742648216e-02    5.0919472655e-01    0.0000000000e+00
    7.150000e+00    4.8954426857e-01    0.0000000000e+00   -2.3007041095e-01    2.4689491802e-02   -2.3007041095e-01   -2.4689491802e-02    5.1045573143e-01    0.0000000000e+00
    7.175000e+00    4.8833709727e-01    0.0000000000e+00   -2.3009009518e-01    2.3589956970e-02   -2.3009009518e-01   -2.3589956970e-02    5.1166290273e-01    0.0000000000e+00
    7.200000e+00    4.8718598031e-01    0.0000000000e+00   -2.3010938730e-01    2.2447977646e-02   -2.3010938730e-01   -2.2447977646e-02    5.1281401969e-01    0.0000000000e+00
    7.225000e+00    4.8609294075e-01    0.0000000000e+00   -2.3012829512e-01    2.1267524955e-02   -2.3012829512e-01   -2.1267524955e-02    5.1390705925e-01    0.0000000000e+00
    7.250000e+00    4.8505980243e-01    0.0000000000e+00   -2.3014682631e-01    2.0052595618e-02   -2.3014682631e-01   -2.0052595618e-02    5.1494019757e-01    0.0000000000e+00
    7.275000e+00    4.8408818895e-01    0.0000000000e+00   -2.3016498835e-01    1.8807200522e-02   -2.3016498835e-01   -1.8807200522e-02    5.1591181105e-01    0.0000000000e+00
    7.300000e+00    4.8317952324e-01    0.0000000000e+00   -2.3018278860e-01    1.7535353471e-02   -2.3018278860e-01   -1.7535353471e-02    5.1682047676e-01    0.0000000000e+00
    7.325000e+00    4.8233502770e-01    0.0000000000e+00   -2.3020023427e-01    1.6241060160e-02   -2.3020023427e-01   -1.6241060160e-02    5.1766497230e-01    0.0000000000e+00
    7.350000e+00    4.8155572486e-01    0.0000000000e+00   -2.3021733243e-01    1.4928307390e-02   -2.3021733243e-01   -1.4928307390e-02    5.1844427514e-01    0.0000000000e+00
    7.375000e+00    4.8084243864e-01    0.0000000000e+00   -2.3023408999e-01    1.3601052551e-02   -2.3023408999e-01   -1.3601052551e-02    5.1915756136e-01    0.0000000000e+00
    7.400000e+00    4.8019579599e-01    0.0000000000e+00   -2.3025051375e-01    1.2263213395e-02   -2.3025051375e-01   -1.2263213395e-02    5.1980420401e-01    0.0000000000e+00
    7.425000e+00    4.7961622920e-01    0.0000000000e+00   -2.3026661034e-01    1.0918658126e-02   -2.3026661034e-01   -1.0918658126e-02    5.2038377080e-01    0.0000000000e+00
    7.450000e+00    4.7910397859e-01    0.0000000000e+00   -2.3028238629e-01    9.5711958167e-03   -2.3028238629e-01   -9.5711958167e-03    5.2089602141e-01    0.0000000000e+00
    7.475000e+00    4.7865909568e-01    0.0000000000e+00   -2.3029784799e-01    8.2245671860e-03   -2.3029784799e-01   -8.2245671860e-03    5.2134090432e-01    0.0000000000e+00
    7.500000e+00    4.7828144687e-01    0.0000000000e+00   -2.3031300169e-01    6.8824357450e-03   -2.3031300169e-01   -6.8824357450e-03    5.2171855313e-01    0.0000000000e+00
    7.525000e+00    4.7797071747e-01    0.0000000000e+00   -2.3032785352e-01    5.5483793306e-03   -2.3032785352e-01   -5.5483793306e-03    5.2202928253e-01    0.0000000000e+00
    7.550000e+00    4.7772641622e-01    0.0000000000e+00   -2.3034240951e-01    4.2258820444e-03   -2.3034240951e-01   -4.2258820444e-03    5.2227358378e-01    0.0000000000e+00
    7.575000e+00    4.7754788017e-01    0.0000000000e+00   -2.3035667555e-01    2.9183266082e-03   -2.3035667555e-01   -2.9183266082e-03    5.2245211983e-01    0.0000000000e+00
    7.600000e+00    4.7743427990e-01    0.0000000000e+00   -2.3037065741e-01    1.6289871503e-03   -2.3037065741e-01   -1.6289871503e-03    5.2256572010e-01    0.0000000000e+00
    7.625000e+00    4.7738462514e-01    0.0000000000e+00   -2.3038436075e-01    3.6102243282e-04   -2.3038436075e-01   -3.6102243282e-04    5.2261537486e-01    0.0000000000e+00
    7.650000e+00    4.7739777072e-01    0.0000000000e+00   -2.3039779112e-01   -8.8253047030e-04   -2.3039779112e-01    8.8253047030e-04    5.2260222928e-01    0.0000000000e+00
    7.675000e+00    4.7747242276e-01    0.0000000000e+00   -2.3041095396e-01   -2.0987620355e-03   -2.3041095396e-01    2.0987620355e-03    5.2252757724e-01    0.0000000000e+00
    7.700000e+00    4.7760714522e-01    0.0000000000e+00   -2.3042385459e-01   -3.2848956861e-03   -2.3042385459e-01    3.2848956861e-03    5.2239285478e-01    0.0000000000e+00
    7.725000e+00    4.7780036664e-01    0.0000000000e+00   -2.3043649825e-01   -4.4382927176e-03   -2.3043649825e-01    4.4382927176e-03    5.2219963336e-01    0.0000000000e+00
    7.750000e+00    4.7805038719e-01    0.0000000000e+00   -2.3044889004e-01   -5.5564567473e-03   -2.3044889004e-01    5.5564567473e-03    5.2194961281e-01    0.0000000000e+00
    7.775000e+00    4.7835538585e-01    0.0000000000e+00   -2.3046103499e-01   -6.6370376856e-03   -2.3046103499e-01    6.6370376856e-03    5.2164461415e-01    0.0000000000e+00
    7.800000e+00    4.7871342782e-01    0.0000000000e+00   -2.3047293802e-01   -7.6778352284e-03   -2.3047293802e-01    7.6778352284e-03    5.2128657218e-01    0.0000000000e+00
    7.825000e+00    4.7912247210e-01    0.0000000000e+00   -2.3048460394e-01   -8.6768018700e-03   -2.3048460394e-01    8.6768018700e-03    5.2087752790e-01    0.0000000000e+00
    7.850000e+00    4.7958037920e-01    0.0000000000e+00   -2.3049603747e-01   -9.6320454378e-03   -2.3049603747e-01    9.6320454378e-03    5.2041962080e-01    0.0000000000e+00
    7.875000e+00    4.8008491893e-01    0.0000000000e+00   -2.3050724325e-01   -1.0541831152e-02   -2.3050724325e-01    1.0541831152e-02    5.1991508107e-01    0.0000000000e+00
    7.900000e+00    4.8063377833e-01    0.0000000000e+00   -2.3051822581e-01   -1.1404583215e-02   -2.3051822581e-01    1.1404583215e-02    5.1936622167e-01    0.0000000000e+00
    7.925000e+00    4.8122456967e-01    0.0000000000e+00   -2.3052898959e-01   -1.2218885932e-02   -2.3052898959e-01    1.2218885932e-02    5.1877543033e-01    0.0000000000e+00
    7.950000e+00    4.8185483843e-01    0.0000000000e+00   -2.3053953897e-01   -1.2983484372e-02   -2.3053953897e-01    1.2983484372e-02    5.1814516157e-01    0.0000000000e+00
    7.975000e+00    4.8252207138e-01    0.0000000000e+00   -2.3054987820e-01   -1.3697284580e-02   -2.3054987820e-01    1.3697284580e-02    5.1747792862e-01    0.0000000000e+00
    8.000000e+00    4.8322370461e-01    0.0000000000e+00   -2.3056001147e-01   -1.4359353340e-02   -2.3056001147e-01    1.4359353340e-02    5.1677629539e-01    0.0000000000e+00
    8.025000e+00    4.8395713155e-01    0.0000000000e+00   -2.3056994289e-01   -1.4968917508e-02   -2.3056994289e-01    1.4968917508e-02    5.1604286845e-01    0.0000000000e+00
    8.050000e+00    4.8471971096e-01    0.0000000000e+00   -2.3057967648e-01   -1.5525362914e-02   -2.3057967648e-01    1.5525362914e-02    5.1528028904e-01    0.0000000000e+00
    8.075000e+00    4.8550877483e-01    0.0000000000e+00   -2.3058921617e-01   -1.6028232861e-02   -2.3058921617e-01    1.6028232861e-02    5.1449122517e-01    0.0000000000e+00
    8.100000e+00    4.8632163622e-01    0.0000000000e+00   -2.3059856584e-01   -1.6477226216e-02   -2.3059856584e-01    1.6477226216e-02    5.1367836378e-01    0.0000000000e+00
    8.125000e+00    4.8715559696e-01    0.0000000000e+00   -2.3060772926e-01   -1.6872195119e-02   -2.3060772926e-01    1.6872195119e-02    5.1284440304e-01    0.0000000000e+00
    8.150000e+00    4.8800795529e-01    0.0000000000e+00   -2.3061671014e-01   -1.7213142314e-02   -2.3061671014e-01    1.7213142314e-02    5.1199204471e-01    0.0000000000e+00
    8.175000e+00    4.8887601326e-01    0.0000000000e+00   -2.3062551213e-01   -1.7500218126e-02   -2.3062551213e-01    1.7500218126e-02    5.1112398674e-01    0.0000000000e+00
    8.200000e+00    4.8975708407e-01    0.0000000000e+00   -2.3063413878e-01   -1.7733717096e-02   -2.3063413878e-01    1.7733717096e-02    5.1024291593e-01    0.0000000000e+00
    8.225000e+00    4.9064849919e-01    0.0000000000e+00   -2.3064259359e-01   -1.7914074284e-02   -2.3064259359e-01    1.7914074284e-02    5.0935150081e-01    0.0000000000e+00
    8.250000e+00    4.9154761526e-01    0.0000000000e+00   -2.3065087998e-01   -1.8041861269e-02   -2.3065087998e-01    1.8041861269e-02    5.0845238474e-01    0.0000000000e+00
    8.275000e+00    4.9245182081e-01    0.0000000000e+00   -2.3065900130e-01   -1.8117781847e-02   -2.3065900130e-01    1.8117781847e-02    5.0754817919e-01    0.0000000000e+00
    8.300000e+00    4.9335854279e-01    0.0000000000e+00   -2.3066696085e-01   -1.8142667465e-02   -2.3066696085e-01    1.8142667465e-02    5.0664145721e-01    0.0000000000e+00
    8.325000e+00    4.9426525281e-01    0.0000000000e+00   -2.3067476185e-01   -1.8117472388e-02   -2.3067476185e-01    1.8117472388e-02    5.0573474719e-01    0.0000000000e+00
    8.350000e+00    4.9516947316e-01    0.0000000000e+00   -2.3068240745e-01   -1.8043268633e-02   -2.3068240745e-01    1.8043268633e-02    5.0483052684e-01    0.0000000000e+00
    8.375000e+00    4.9606878255e-01    0.0000000000e+00   -2.3068990075e-01   -1.7921240679e-02   -2.3068990075e-01    1.7921240679e-02    5.0393121745e-01    0.0000000000e+00
    8.400000e+00    4.9696082162e-01    0.0000000000e+00   -2.3069724478e-01   -1.7752679977e-02   -2.3069724478e-01    1.7752679977e-02    5.0303917838e-01    0.0000000000e+00
    8.425000e+00    4.9784329816e-01    0.0000000000e+00   -2.3070444252e-01   -1.7538979281e-02   -2.3070444252e-01    1.7538979281e-02    5.0215670184e-01    0.0000000000e+00
    8.450000e+00    4.9871399197e-01    0.0000000000e+00   -2.3071149688e-01   -1.7281626809e-02   -2.3071149688e-01    1.7281626809e-02    5.0128600803e-01    0.0000000000e+00
    8.475000e+00    4.9957075956e-01    0.0000000000e+00   -2.3071841073e-01   -1.6982200264e-02   -2.3071841073e-01    1.6982200264e-02    5.0042924044e-01    0.0000000000e+00
    8.500000e+00    5.0041153840e-01    0.0000000000e+00   -2.3072518684e-01   -1.6642360732e-02   -2.3072518684e-01    1.6642360732e-02    4.9958846160e-01    0.0000000000e+00
    8.525000e+00    5.0123435101e-01    0.0000000000e+00   -2.3073182798e-01   -1.6263846471e-02   -2.3073182798e-01    1.6263846471e-02    4.9876564899e-01    0.0000000000e+00
    8.550000e+00    5.0203730859e-01    0.0000000000e+00   -2.3073833683e-01   -1.5848466614e-02   -2.3073833683e-01    1.5848466614e-02    4.9796269141e-01    0.0000000000e+00
    8.575000e+00    5.0281861444e-01    0.0000000000e+00   -2.3074471602e-01   -1.5398094805e-02   -2.3074471602e-01    1.5398094805e-02    4.9718138556e-01    0.0000000000e+00
    8.600000e+00    5.0357656704e-01    0.0000000000e+00   -2.3075096814e-01   -1.4914662789e-02   -2.3075096814e-01    1.4914662789e-02    4.9642343296e-01    0.0000000000e+00
    8.625000e+00    5.0430956275e-01    0.0000000000e+00   -2.3075709571e-01   -1.4400153965e-02   -2.3075709571e-01    1.4400153965e-02    4.9569043725e-01    0.0000000000e+00
    8.650000e+00    5.0501609828e-01    0.0000000000e+00   -2.3076310123e-01   -1.3856596933e-02   -2.3076310123e-01    1.3856596933e-02    4.9498390172e-01    0.0000000000e+00
    8.675000e+00    5.0569477274e-01    0.0000000000e+00   -2.3076898711e-01   -1.3286059046e-02   -2.3076898711e-01    1.3286059046e-02    4.9430522726e-01    0.0000000000e+00
    8.700000e+00    5.0634428948e-01    0.0000000000e+00   -2.3077475575e-01   -1.2690639980e-02   -2.3077475575e-01    1.2690639980e-02    4.9365571052e-01    0.0000000000e+00
    8.725000e+00    5.0696345747e-01    0.0000000000e+00   -2.3078040948e-01   -1.2072465352e-02   -2.3078040948e-01    1.2072465352e-02    4.9303654253e-01    0.0000000000e+00
    8.750000e+00    5.0755119250e-01    0.0000000000e+00   -2.3078595059e-01   -1.1433680390e-02   -2.3078595059e-01    1.1433680390e-02    4.9244880750e-01    0.0000000000e+00
    8.775000e+00    5.0810651798e-01    0.0000000000e+00   -2.3079138131e-01   -1.0776443677e-02   -2.3079138131e-01    1.0776443677e-02    4.9189348202e-01    0.0000000000e+00
    8.800000e+00    5.0862856544e-01    0.0000000000e+00   -2.3079670386e-01   -1.0102920983e-02   -2.3079670386e-01    1.0102920983e-02    4.9137143456e-01    0.0000000000e+00
    8.825000e+00    5.0911657476e-01    0.0000000000e+00   -2.3080192039e-01   -9.4152792061e-03   -2.3080192039e-01    9.4152792061e-03    4.9088342524e-01    0.0000000000e+00
    8.850000e+00    5.0956989408e-01    0.0000000000e+00   -2.3080703300e-01   -8.7156804247e-03   -2.3080703300e-01    8.7156804247e-03    4.9043010592e-01    0.0000000000e+00
    8.875000e+00    5.0998797939e-01    0.0000000000e+00   -2.3081204376e-01   -8.0062760861e-03   -2.3081204376e-01    8.0062760861e-03    4.9001202061e-01    0.0000000000e+00
    8.900000e+00    5.1037039386e-01    0.0000000000e+00   -2.3081695472e-01   -7.2892013400e-03   -2.3081695472e-01    7.2892013400e-03    4.8962960614e-01    0.0000000000e+00
    8.925000e+00    5.1071680692e-01    0.0000000000e+00   -2.3082176784e-01   -6.5665695297e-03   -2.3082176784e-01    6.5665695297e-03    4.8928319308e-01    0.0000000000e+00
    8.950000e+00    5.1102699298e-01    0.0000000000e+00   -2.3082648510e-01   -5.8404668533e-03   -2.3082648510e-01    5.8404668533e-03    4.8897300702e-01    0.0000000000e+00
    8.975000e+00    5.1130083001e-01    0.0000000000e+00   -2.3083110838e-01   -5.1129472060e-03   -2.3083110838e-01    5.1129472060e-03    4.8869916999e-01    0.0000000000e+00
    9.000000e+00    5.1153829772e-01    0.0000000000e+00   -2.3083563957e-01   -4.3860272141e-03   -2.3083563957e-01    4.3860272141e-03    4.8846170228e-01    0.0000000000e+00
    9.025000e+00    5.1173947566e-01    0.0000000000e+00   -2.3084008049e-01   -3.6616814705e-03   -2.3084008049e-01    3.6616814705e-03    4.8826052434e-01    0.0000000000e+00
    9.050000e+00    5.1190454093e-01    0.0000000000e+00   -2.3084443296e-01   -2.9418379798e-03   -2.3084443296e-01    2.9418379798e-03    4.8809545907e-01    0.0000000000e+00
    9.075000e+00    5.1203376581e-01    0.0000000000e+00   -2.3084869872e-01   -2.2283738229e-03   -2.3084869872e-01    2.2283738229e-03    4.8796623419e-01    0.0000000000e+00
    9.100000e+00    5.1212751504e-01    0.0000000000e+00   -2.3085287951e-01   -1.5231110469e-03   -2.3085287951e-01    1.5231110469e-03    4.8787248496e-01    0.0000000000e+00
    9.125000e+00    5.1218624302e-01    0.0000000000e+00   -2.3085697702e-01   -8.2781278804e-04   -2.3085697702e-01    8.2781278804e-04    4.8781375698e-01    0.0000000000e+00
    9.150000e+00    5.1221049077e-01    0.0000000000e+00   -2.3086099290e-01   -1.4417963347e-04   -2.3086099290e-01    1.4417963347e-04    4.8778950923e-01    0.0000000000e+00
    9.175000e+00    5.1220088269e-01    0.0000000000e+00   -2.3086492879e-01    5.2615377372e-04   -2.3086492879e-01   -5.2615377372e-04    4.8779911731e-01    0.0000000000e+00
    9.200000e+00    5.1215812319e-01    0.0000000000e+00   -2.3086878628e-01    1.1816218807e-03   -2.3086878628e-01   -1.1816218807e-03    4.8784187681e-01    0.0000000000e+00
    9.225000e+00    5.1208299319e-01    0.0000000000e+00   -2.3087256693e-01    1.8207311196e-03   -2.3087256693e-01   -1.8207311196e-03    4.8791700681e-01    0.0000000000e+00
    9.250000e+00    5.1197634642e-01    0.0000000000e+00   -2.3087627226e-01    2.4420625471e-03   -2.3087627226e-01   -2.4420625471e-03    4.8802365358e-01    0.0000000000e+00
    9.275000e+00    5.1183910564e-01    0.0000000000e+00   -2.3087990379e-01    3.0442742279e-03   -2.3087990379e-01   -3.0442742279e-03    4.8816089436e-01    0.0000000000e+00
    9.300000e+00    5.1167225875e-01    0.0000000000e+00   -2.3088346298e-01    3.6261033592e-03   -2.3088346298e-01   -3.6261033592e-03    4.8832774125e-01    0.0000000000e+00
    9.325000e+00    5.1147685476e-01    0.0000000000e+00   -2.3088695126e-01    4.1863681369e-03   -2.3088695126e-01   -4.1863681369e-03    4.8852314524e-01    0.0000000000e+00
    9.350000e+00    5.1125399971e-01    0.0000000000e+00   -2.3089037006e-01    4.7239693628e-03   -2.3089037006e-01   -4.7239693628e-03    4.8874600029e-01    0.0000000000e+00
    9.375000e+00    5.1100485251e-01    0.0000000000e+00   -2.3089372076e-01    5.2378917940e-03   -2.3089372076e-01   -5.2378917940e-03    4.8899514749e-01    0.0000000000e+00
    9.400000e+00    5.1073062073e-01    0.0000000000e+00   -2.3089700472e-01    5.7272052357e-03   -2.3089700472e-01   -5.7272052357e-03    4.8926937927e-01    0.0000000000e+00
    9.425000e+00    5.1043255626e-01    0.0000000000e+00   -2.3090022325e-01    6.1910653800e-03   -2.3090022325e-01   -6.1910653800e-03    4.8956744374e-01    0.0000000000e+00
    9.450000e+00    5.1011195109e-01    0.0000000000e+00   -2.3090337768e-01    6.6287143925e-03   -2.3090337768e-01   -6.6287143925e-03    4.8988804891e-01    0.0000000000e+00
    9.475000e+00    5.0977013291e-01    0.0000000000e+00   -2.3090646927e-01    7.0394812514e-03   -2.3090646927e-01   -7.0394812514e-03    4.9022986709e-01    0.0000000000e+00
    9.500000e+00    5.0940846078e-01    0.0000000000e+00   -2.3090949927e-01    7.4227818428e-03   -2.3090949927e-01   -7.4227818428e-03    4.9059153922e-01    0.0000000000e+00
    9.525000e+00    5.0902832083e-01    0.0000000000e+00   -2.3091246892e-01    7.7781188154e-03   -2.3091246892e-01   -7.7781188154e-03    4.9097167917e-01    0.0000000000e+00
    9.550000e+00    5.0863112186e-01    0.0000000000e+00   -2.3091537941e-01    8.1050812028e-03   -2.3091537941e-01   -8.1050812028e-03    4.9136887814e-01    0.0000000000e+00
    9.575000e+00    5.0821829109e-01    0.0000000000e+00   -2.3091823192e-01    8.4033438152e-03   -2.3091823192e-01   -8.4033438152e-03    4.9178170891e-01    0.0000000000e+00
    9.600000e+00    5.0779126986e-01    0.0000000000e+00   -2.3092102761e-01    8.6726664108e-03   -2.3092102761e-01   -8.6726664108e-03    4.9220873014e-01    0.0000000000e+00
    9.625000e+00    5.0735150943e-01    0.0000000000e+00   -2.3092376762e-01    8.9128926501e-03   -2.3092376762e-01   -8.9128926501e-03    4.9264849057e-01    0.0000000000e+00
    9.650000e+00    5.0690046681e-01    0.0000000000e+00   -2.3092645304e-01    9.1239488431e-03   -2.3092645304e-01   -9.1239488431e-03    4.9309953319e-01    0.0000000000e+00
    9.675000e+00    5.0643960063e-01    0.0000000000e+00   -2.3092908497e-01    9.3058424948e-03   -2.3092908497e-01   -9.3058424948e-03    4.9356039937e-01    0.0000000000e+00
    9.700000e+00    5.0597036719e-01    0.0000000000e+00   -2.3093166447e-01    9.4586606583e-03   -2.3093166447e-01   -9.4586606583e-03    4.9402963281e-01    0.0000000000e+00
    9.725000e+00    5.0549421645e-01    0.0000000000e+00   -2.3093419259e-01    9.5825681036e-03   -2.3093419259e-01   -9.5825681036e-03    4.9450578355e-01    0.0000000000e+00
    9.750000e+00    5.0501258826e-01    0.0000000000e+00   -2.3093667034e-01    9.6778053106e-03   -2.3093667034e-01   -9.6778053106e-03    4.9498741174e-01    0.0000000000e+00
    9.775000e+00    5.0452690857e-01    0.0000000000e+00   -2.3093909874e-01    9.7446862951e-03   -2.3093909874e-01   -9.7446862951e-03    4.9547309143e-01    0.0000000000e+00
    9.800000e+00    5.0403858585e-01    0.0000000000e+00   -2.3094147877e-01    9.7835962777e-03   -2.3094147877e-01   -9.7835962777e-03    4.9596141415e-01    0.0000000000e+00
    9.825000e+00    5.0354900759e-01    0.0000000000e+00   -2.3094381139e-01    9.7949892052e-03   -2.3094381139e-01   -9.7949892052e-03    4.9645099241e-01    0.0000000000e+00
    9.850000e+00    5.0305953691e-01    0.0000000000e+00   -2.3094609754e-01    9.7793851327e-03   -2.3094609754e-01   -9.7793851327e-03    4.9694046309e-01    0.0000000000e+00
    9.875000e+00    5.0257150934e-01    0.0000000000e+00   -2.3094833815e-01    9.7373674783e-03   -2.3094833815e-01   -9.7373674783e-03    4.9742849066e-01    0.0000000000e+00
    9.900000e+00    5.0208622969e-01    0.0000000000e+00   -2.3095053413e-01    9.6695801599e-03   -2.3095053413e-01   -9.6695801599e-03    4.9791377031e-01    0.0000000000e+00
    9.925000e+00    5.0160496916e-01    0.0000000000e+00   -2.3095268636e-01    9.5767246229e-03   -2.3095268636e-01   -9.5767246229e-03    4.9839503084e-01    0.0000000000e+00
    9.950000e+00    5.0112896246e-01    0.0000000000e+00   -2.3095479573e-01    9.4595567716e-03   -2.3095479573e-01   -9.4595567716e-03    4.9887103754e-01    0.0000000000e+00
    9.975000e+00    5.0065940526e-01    0.0000000000e+00   -2.3095686307e-01    9.3188838118e-03   -2.3095686307e-01   -9.3188838118e-03    4.9934059474e-01    0.0000000000e+00
    1.000000e+01    5.0019745161e-01    0.0000000000e+00   -2.3095888923e-01    9.1555610178e-03   -2.3095888923e-01   -9.1555610178e-03    4.9980254839e-01    0.0000000000e+00
    1.002500e+01    4.9974421168e-01    0.0000000000e+00   -2.3096087503e-01    8.9704884316e-03   -2.3096087503e-01   -8.9704884316e-03    5.0025578832e-01    0.0000000000e+00
    1.005000e+01    4.9930074959e-01    0.0000000000e+00   -2.3096282128e-01    8.7646075068e-03   -2.3096282128e-01   -8.7646075068e-03    5.0069925041e-01    0.0000000000e+00
    1.007500e+01    4.9886808143e-01    0.0000000000e+00   -2.3096472875e-01    8.5388977064e-03   -2.3096472875e-01   -8.5388977064e-03    5.0113191857e-01    0.0000000000e+00
    1.010000e+01    4.9844717342e-01    0.0000000000e+00   -2.3096659823e-01    8.2943730638e-03   -2.3096659823e-01   -8.2943730638e-03    5.0155282658e-01    0.0000000000e+00
    1.012500e+01    4.9803894030e-01    0.0000000000e+00   -2.3096843047e-01    8.0320787202e-03   -2.3096843047e-01   -8.0320787202e-03    5.0196105970e-01    0.0000000000e+00
    1.015000e+01    4.9764424384e-01    0.0000000000e+00   -2.3097022621e-01    7.7530874441e-03   -2.3097022621e-01   -7.7530874441e-03    5.0235575616e-01    0.0000000000e+00
    1.017500e+01    4.9726389156e-01    0.0000000000e+00   -2.3097198618e-01    7.4584961471e-03   -2.3097198618e-01   -7.4584961471e-03    5.0273610844e-01    0.0000000000e+00
    1.020000e+01    4.9689863561e-01    0.0000000000e+00   -2.3097371109e-01    7.1494224017e-03   -2.3097371109e-01   -7.1494224017e-03    5.0310136439e-01    0.0000000000e+00
    1.022500e+01    4.9654917179e-01    0.0000000000e+00   -2.3097540165e-01    6.8270009740e-03   -2.3097540165e-01   -6.8270009740e-03    5.0345082821e-01    0.0000000000e+00
    1.025000e+01    4.9621613884e-01    0.0000000000e+00   -2.3097705852e-01    6.4923803773e-03   -2.3097705852e-01   -6.4923803773e-03    5.0378386116e-01    0.0000000000e+00
    1.027500e+01    4.9590011776e-01    0.0000000000e+00   -2.3097868239e-01    6.1467194587e-03   -2.3097868239e-01   -6.1467194587e-03    5.0409988224e-01    0.0000000000e+00
    1.030000e+01    4.9560163147e-01    0.0000000000e+00   -2.3098027391e-01    5.7911840245e-03   -2.3098027391e-01   -5.7911840245e-03    5.0439836853e-01    0.0000000000e+00
    1.032500e+01    4.9532114445e-01    0.0000000000e+00   -2.3098183374e-01    5.4269435152e-03   -2.3098183374e-01   -5.4269435152e-03    5.0467885555e-01    0.0000000000e+00
    1.035000e+01    4.9505906270e-01    0.0000000000e+00   -2.3098336248e-01    5.0551677362e-03   -2.3098336248e-01   -5.0551677362e-03    5.0494093730e-01    0.0000000000e+00
    1.037500e+01    4.9481573381e-01    0.0000000000e+00   -2.3098486078e-01    4.6770236542e-03   -2.3098486078e-01   -4.6770236542e-03    5.0518426619e-01    0.0000000000e+00
    1.040000e+01    4.9459144712e-01    0.0000000000e+00   -2.3098632923e-01    4.2936722644e-03   -2.3098632923e-01   -4.2936722644e-03    5.0540855288e-01    0.0000000000e+00
    1.042500e+01    4.9438643416e-01    0.0000000000e+00   -2.3098776843e-01    3.9062655372e-03   -2.3098776843e-01   -3.9062655372e-03    5.0561356584e-01    0.0000000000e+00
    1.045000e+01    4.9420086915e-01    0.0000000000e+00   -2.3098917896e-01    3.5159434510e-03   -2.3098917896e-01   -3.5159434510e-03    5.0579913085e-01    0.0000000000e+00
    1.047500e+01    4.9403486965e-01    0.0000000000e+00   -2.3099056139e-01    3.1238311167e-03   -2.3099056139e-01   -3.1238311167e-03    5.0596513035e-01    0.0000000000e+00
    1.050000e+01    4.9388849741e-01    0.0000000000e+00   -2.3099191629e-01    2.7310360010e-03   -2.3099191629e-01   -2.7310360010e-03    5.0611150259e-01    0.0000000000e+00
    1.052500e+01    4.9376175929e-01    0.0000000000e+00   -2.3099324419e-01    2.3386452529e-03   -2.3099324419e-01   -2.3386452529e-03    5.0623824071e-01    0.0000000000e+00
    1.055000e+01    4.9365460839e-01    0.0000000000e+00   -2.3099454564e-01    1.9477231399e-03   -2.3099454564e-01   -1.9477231399e-03    5.0634539161e-01    0.0000000000e+00
    1.057500e+01    4.9356694517e-01    0.0000000000e+00   -2.3099582117e-01    1.5593085973e-03   -2.3099582117e-01   -1.5593085973e-03    5.0643305483e-01    0.0000000000e+00
    1.060000e+01    4.9349861887e-01    0.0000000000e+00   -2.3099707129e-01    1.1744128970e-03   -2.3099707129e-01   -1.1744128970e-03    5.0650138113e-01    0.0000000000e+00
    1.062500e+01    4.9344942886e-01    0.0000000000e+00   -2.3099829651e-01    7.9401743742e-04   -2.3099829651e-01   -7.9401743742e-04    5.0655057114e-01    0.0000000000e+00
    1.065000e+01    4.9341912627e-01    0.0000000000e+00   -2.3099949732e-01    4.1907165999e-04   -2.3099949732e-01   -4.1907165999e-04    5.0658087373e-01    0.0000000000e+00
    1.067500e+01    4.9340741559e-01    0.0000000000e+00   -2.3100067421e-01    5.0491094506e-05   -2.3100067421e-01   -5.0491094506e-05    5.0659258441e-01    0.0000000000e+00
    1.070000e+01    4.9341395639e-01    0.0000000000e+00   -2.3100182766e-01   -3.1084446364e-04   -2.3100182766e-01    3.1084446364e-04    5.0658604361e-01    0.0000000000e+00
    1.072500e+01    4.9343836522e-01    0.0000000000e+00   -2.3100295813e-01   -6.6409264206e-04   -2.3100295813e-01    6.6409264206e-04    5.0656163478e-01    0.0000000000e+00
    1.075000e+01    4.9348021746e-01    0.0000000000e+00   -2.3100406608e-01   -1.0084500439e-03   -2.3100406608e-01    1.0084500439e-03    5.0651978254e-01    0.0000000000e+00
    1.077500e+01    4.9353904931e-01    0.0000000000e+00   -2.3100515197e-01   -1.3431536627e-03   -2.3100515197e-01    1.3431536627e-03    5.0646095069e-01    0.0000000000e+00
    1.080000e+01    4.9361435988e-01    0.0000000000e+00   -2.3100621622e-01   -1.6674821585e-03   -2.3100621622e-01    1.6674821585e-03    5.0638564012e-01    0.0000000000e+00
    1.082500e+01    4.9370561327e-01    0.0000000000e+00   -2.3100725927e-01   -1.9807569948e-03   -2.3100725927e-01    1.9807569948e-03    5.0629438673e-01    0.0000000000e+00
    1.085000e+01    4.9381224075e-01    0.0000000000e+00   -2.3100828154e-01   -2.2823434354e-03   -2.3100828154e-01    2.2823434354e-03    5.0618775925e-01    0.0000000000e+00
    1.087500e+01    4.9393364295e-01    0.0000000000e+00   -2.3100928345e-01   -2.5716514016e-03   -2.3100928345e-01    2.5716514016e-03    5.0606635705e-01    0.0000000000e+00
    1.090000e+01    4.9406919214e-01    0.0000000000e+00   -2.3101026540e-01   -2.8481361904e-03   -2.3101026540e-01    2.8481361904e-03    5.0593080786e-01    0.0000000000e+00
    1.092500e+01    4.9421823451e-01    0.0000000000e+00   -2.3101122780e-01   -3.1112990545e-03   -2.3101122780e-01    3.1112990545e-03    5.0578176549e-01    0.0000000000e+00
    1.095000e+01    4.9438009245e-01    0.0000000000e+00   -2.3101217102e-01   -3.3606876442e-03   -2.3101217102e-01    3.3606876442e-03    5.0561990755e-01    0.0000000000e+00
    1.097500e+01    4.9455406692e-01    0.0000000000e+00   -2.3101309545e-01   -3.5958963147e-03   -2.3101309545e-01    3.5958963147e-03    5.0544593308e-01    0.0000000000e+00
    1.100000e+01    4.9473943975e-01    0.0000000000e+00   -2.3101400147e-01   -3.8165662991e-03   -2.3101400147e-01    3.8165662991e-03    5.0526056025e-01    0.0000000000e+00
    1.102500e+01    4.9493547601e-01    0.0000000000e+00   -2.3101488944e-01   -4.0223857497e-03   -2.3101488944e-01    4.0223857497e-03    5.0506452399e-01    0.0000000000e+00
    1.105000e+01    4.9514142637e-01    0.0000000000e+00   -2.3101575972e-01   -4.2130896504e-03   -2.3101575972e-01    4.2130896504e-03    5.0485857363e-01    0.0000000000e+00
    1.107500e+01    4.9535652939e-01    0.0000000000e+00   -2.3101661266e-01   -4.3884596033e-03   -2.3101661266e-01    4.3884596033e-03    5.0464347061e-01    0.0000000000e+00
    1.110000e+01    4.9558001387e-01    0.0000000000e+00   -2.3101744862e-01   -4.5483234910e-03   -2.3101744862e-01    4.5483234910e-03    5.0441998613e-01    0.0000000000e+00
    1.112500e+01    4.9581110117e-01    0.0000000000e+00   -2.3101826792e-01   -4.6925550209e-03   -2.3101826792e-01    4.6925550209e-03    5.0418889883e-01    0.0000000000e+00
    1.115000e+01    4.9604900746e-01    0.0000000000e+00   -2.3101907090e-01   -4.8210731516e-03   -2.3101907090e-01    4.8210731516e-03    5.0395099254e-01    0.0000000000e+00
    1.117500e+01    4.9629294596e-01    0.0000000000e+00   -2.3101985789e-01   -4.9338414082e-03   -2.3101985789e-01    4.9338414082e-03    5.0370705404e-01    0.0000000000e+00
    1.120000e+01    4.9654212920e-01    0.0000000000e+00   -2.3102062920e-01   -5.0308670897e-03   -2.3102062920e-01    5.0308670897e-03    5.0345787080e-01    0.0000000000e+00
    1.122500e+01    4.9679577111e-01    0.0000000000e+00   -2.3102138515e-01   -5.1122003716e-03   -2.3102138515e-01    5.1122003716e-03    5.0320422889e-01    0.0000000000e+00
    1.125000e+01    4.9705308921e-01    0.0000000000e+00   -2.3102212603e-01   -5.1779333103e-03   -2.3102212603e-01    5.1779333103e-03    5.0294691079e-01    0.0000000000e+00
    1.127500e+01    4.9731330663e-01    0.0000000000e+00   -2.3102285216e-01   -5.2281987525e-03   -2.3102285216e-01    5.2281987525e-03    5.0268669337e-01    0.0000000000e+00
    1.130000e+01    4.9757565414e-01    0.0000000000e+00   -2.3102356383e-01   -5.2631691551e-03   -2.3102356383e-01    5.2631691551e-03    5.0242434586e-01    0.0000000000e+00
    1.132500e+01    4.9783937212e-01    0.0000000000e+00   -2.3102426131e-01   -5.2830553204e-03   -2.3102426131e-01    5.2830553204e-03    5.0216062788e-01    0.0000000000e+00
    1.135000e+01    4.9810371238e-01    0.0000000000e+00   -2.3102494491e-01   -5.2881050520e-03   -2.3102494491e-01    5.2881050520e-03    5.0189628762e-01    0.0000000000e+00
    1.137500e+01    4.9836794005e-01    0.0000000000e+00   -2.3102561489e-01   -5.2786017363e-03   -2.3102561489e-01    5.2786017363e-03    5.0163205995e-01    0.0000000000e+00
    1.140000e+01    4.9863133528e-01    0.0000000000e+00   -2.3102627152e-01   -5.2548628555e-03   -2.3102627152e-01    5.2548628555e-03    5.0136866472e-01    0.0000000000e+00
    1.142500e+01    4.9889319489e-01    0.0000000000e+00   -2.3102691507e-01   -5.2172384367e-03   -2.3102691507e-01    5.2172384367e-03    5.0110680511e-01    0.0000000000e+00
    1.145000e+01    4.9915283403e-01    0.0000000000e+00   -2.3102754580e-01   -5.1661094434e-03   -2.3102754580e-01    5.1661094434e-03    5.0084716597e-01    0.0000000000e+00
    1.147500e+01    4.9940958759e-01    0.0000000000e+00   -2.3102816397e-01   -5.1018861150e-03   -2.3102816397e-01    5.1018861150e-03    5.0059041241e-01    0.0000000000e+00
    1.150000e+01    4.9966281168e-01    0.0000000000e+00   -2.3102876982e-01   -5.0250062590e-03   -2.3102876982e-01    5.0250062590e-03    5.0033718832e-01    0.0000000000e+00
    1.152500e+01    4.9991188498e-01    0.0000000000e+00   -2.3102936361e-01   -4.9359335022e-03   -2.3102936361e-01    4.9359335022e-03    5.0008811502e-01    0.0000000000e+00
    1.155000e+01    5.0015620993e-01    0.0000000000e+00   -2.3102994556e-01   -4.8351555069e-03   -2.3102994556e-01    4.8351555069e-03    4.9984379007e-01    0.0000000000e+00
    1.157500e+01    5.0039521393e-01    0.0000000000e+00   -2.3103051593e-01   -4.7231821560e-03   -2.3103051593e-01    4.7231821560e-03    4.9960478607e-01    0.0000000000e+00
    1.160000e+01    5.0062835039e-01    0.0000000000e+00   -2.3103107493e-01   -4.6005437152e-03   -2.3103107493e-01    4.6005437152e-03    4.9937164961e-01    0.0000000000e+00
    1.162500e+01    5.0085509969e-01    0.0000000000e+00   -2.3103162280e-01   -4.4677889750e-03   -2.3103162280e-01    4.4677889750e-03    4.9914490031e-01    0.0000000000e+00
    1.165000e+01    5.0107497010e-01    0.0000000000e+00   -2.3103215975e-01   -4.3254833802e-03   -2.3103215975e-01    4.3254833802e-03    4.9892502990e-01    0.0000000000e+00
    1.167500e+01    5.0128749851e-01    0.0000000000e+00   -2.3103268601e-01   -4.1742071508e-03   -2.3103268601e-01    4.1742071508e-03    4.9871250149e-01    0.0000000000e+00
    1.170000e+01    5.0149225118e-01    0.0000000000e+00   -2.3103320178e-01   -4.0145534001e-03   -2.3103320178e-01    4.0145534001e-03    4.9850774882e-01    0.0000000000e+00
    1.172500e+01    5.0168882429e-01    0.0000000000e+00   -2.3103370729e-01   -3.8471262563e-03   -2.3103370729e-01    3.8471262563e-03    4.9831117571e-01    0.0000000000e+00
    1.175000e+01    5.0187684447e-01    0.0000000000e+00   -2.3103420272e-01   -3.6725389899e-03   -2.3103420272e-01    3.6725389899e-03    4.9812315553e-01    0.0000000000e+00
    1.177500e+01    5.0205596919e-01    0.0000000000e+00   -2.3103468828e-01   -3.4914121552e-03   -2.3103468828e-01    3.4914121552e-03    4.9794403081e-01    0.0000000000e+00
    1.180000e+01    5.0222588712e-01    0.0000000000e+00   -2.3103516417e-01   -3.3043717483e-03   -2.3103516417e-01    3.3043717483e-03    4.9777411288e-01    0.0000000000e+00
    1.182500e+01    5.0238631830e-01    0.0000000000e+00   -2.3103563058e-01   -3.1120473872e-03   -2.3103563058e-01    3.1120473872e-03    4.9761368170e-01    0.0000000000e+00
    1.185000e+01    5.0253701432e-01    0.0000000000e+00   -2.3103608770e-01   -2.9150705187e-03   -2.3103608770e-01    2.9150705187e-03    4.9746298568e-01    0.0000000000e+00
    1.187500e+01    5.0267775834e-01    0.0000000000e+00   -2.3103653571e-01   -2.7140726559e-03   -2.3103653571e-01    2.7140726559e-03    4.9732224166e-01    0.0000000000e+00
    1.190000e+01    5.0280836506e-01    0.0000000000e+00   -2.3103697480e-01   -2.5096836513e-03   -2.3103697480e-01    2.5096836513e-03    4.9719163494e-01    0.0000000000e+00
    1.192500e+01    5.0292868063e-01    0.0000000000e+00   -2.3103740514e-01   -2.3025300085e-03   -2.3103740514e-01    2.3025300085e-03    4.9707131937e-01    0.0000000000e+00
    1.195000e+01    5.0303858235e-01    0.0000000000e+00   -2.3103782691e-01   -2.0932332372e-03   -2.3103782691e-01    2.0932332372e-03    4.9696141765e-01    0.0000000000e+00
    1.197500e+01    5.0313797848e-01    0.0000000000e+00   -2.3103824028e-01   -1.8824082547e-03   -2.3103824028e-01    1.8824082547e-03    4.9686202152e-01    0.0000000000e+00
