0.0 	0.9999999999999997	0.0	-6.223285321735373e-19	0.0	-3.251767952832689e-17	0.0	5.9779208748350985e-34	0.0	
0.025 	0.9993341281985233	4.344887362768948e-19	-8.904262799149055e-06	0.024947974095273155	-8.904262799120552e-06	-0.024947974095273155	0.0006658718014761811	-4.344887362768948e-19	
0.05 	0.9974262375281452	1.2444031553802155e-19	-7.47578206328456e-05	0.04966872542497351	-7.475782063282442e-05	-0.04966872542497351	0.0025737624718542083	-1.2444031553802155e-19	
0.075 	0.9943036670875565	2.7423028715038135e-18	-0.00025729565246014824	0.0740268617077582	-0.0002572956524602169	-0.0740268617077582	0.005696332912442933	-2.7423028715038135e-18	
0.1 	0.9899634043417944	2.5548207630247006e-18	-0.0006021204265829254	0.09790288401978926	-0.000602120426582938	-0.09790288401978926	0.010036595658205092	-2.5548207630247006e-18	
0.125 	0.984444324859347	-1.5600657739472202e-18	-0.0011317387542850521	0.12120221992998835	-0.0011317387542850183	-0.12120221992998835	0.01555567514065232	1.5600657739472202e-18	
0.15 	0.9777999380520207	4.641146315651436e-18	-0.0018389221126903124	0.14385519198149638	-0.0018389221126903746	-0.14385519198149638	0.022200061947978442	-4.641146315651436e-18	
0.175 	0.9700197599074694	-5.672619295764393e-18	-0.002765699474139356	0.16576219139353157	-0.002765699474139325	-0.16576219139353157	0.029980240092529867	5.672619295764393e-18	
0.2 	0.9611651710216879	5.1785404523102214e-18	-0.003919199702039722	0.18687386490130664	-0.003919199702039692	-0.18687386490130664	0.038834828978311635	-5.1785404523102214e-18	
0.225 	0.9512775809073413	2.999691558637792e-18	-0.005282607829790729	0.20712962682364194	-0.005282607829790718	-0.20712962682364194	0.04872241909265793	-2.999691558637792e-18	
0.25 	0.9404012087723483	-4.40155895095408e-19	-0.006820222113579039	0.2264772241258418	-0.006820222113579009	-0.2264772241258418	0.05959879122765081	4.40155895095408e-19	
0.275 	0.9285826618915798	-1.7443747915301503e-18	-0.008556535715319573	0.24487347658248534	-0.008556535715319467	-0.24487347658248534	0.07141733810841913	1.7443747915301503e-18	
0.3 	0.9159046286028573	-1.3569790667547526e-17	-0.01051512573402725	0.2623200701421477	-0.010515125734027218	-0.2623200701421477	0.08409537139714172	1.3569790667547526e-17	
0.325 	0.9023473927619288	-1.635528198872911e-17	-0.01262478310718455	0.27869952026644823	-0.012624783107184605	-0.27869952026644823	0.09765260723807041	1.635528198872911e-17	
0.35 	0.887999329609837	-2.0026824905109346e-17	-0.01486812969455718	0.29401905879619533	-0.01486812969455728	-0.29401905879619533	0.11200067039016207	2.0026824905109346e-17	
0.375 	0.8729140571325734	-3.383324037298928e-17	-0.01725731026896127	0.30825630352056366	-0.017257310268961382	-0.30825630352056366	0.1270859428674257	3.383324037298928e-17	
0.4 	0.8571462616014655	-2.1250879150453852e-17	-0.019825529345603443	0.3213898859515909	-0.01982552934560363	-0.3213898859515909	0.14285373839853352	2.1250879150453852e-17	
0.425 	0.8407516498750395	-2.131905748462572e-17	-0.02246947306239993	0.33340044980817374	-0.022469473062400068	-0.33340044980817374	0.15924835012495947	2.131905748462572e-17	
0.45 	0.8237867964551225	-3.8762188490746904e-17	-0.025182538265399686	0.34427382227737663	-0.02518253826539975	-0.34427382227737663	0.17621320354487638	3.8762188490746904e-17	
0.475 	0.8063087327836866	-2.877320135594186e-17	-0.028001350139061725	0.3540038066153951	-0.028001350139061857	-0.3540038066153951	0.19369126721631238	2.877320135594186e-17	
0.5 	0.7883747839807408	-5.067404633857301e-17	-0.03092226498531363	0.36258502390115227	-0.030922264985313776	-0.36258502390115227	0.2116252160192581	5.067404633857301e-17	
0.525 	0.7700529080445909	6.5215872247905305e-18	-0.033889331126010364	0.3700472418164538	-0.03388933112601051	-0.3700472418164538	0.2299470919554083	-6.5215872247905305e-18	
0.55 	0.7513840245444495	1.1797594812090698e-17	-0.03684957867868349	0.37634678753352424	-0.036849578678683534	-0.37634678753352424	0.24861597545554984	-1.1797594812090698e-17	
0.575 	0.732424942296163	-3.896196549096626e-17	-0.039902675013692775	0.38147862284975476	-0.039902675013692865	-0.38147862284975476	0.2675750577038362	3.896196549096626e-17	
0.6 	0.7132465903881601	8.275735170354204e-18	-0.04299269869738856	0.38552015845238596	-0.04299269869738865	-0.38552015845238596	0.2867534096118391	-8.275735170354204e-18	
0.625 	0.6938892701157451	-4.1417692918094566e-17	-0.04609068257231846	0.3883885488838309	-0.04609068257231857	-0.3883885488838309	0.30611072988425403	4.1417692918094566e-17	
0.65 	0.6744182638124264	-4.728575192590946e-17	-0.04913456658963392	0.3901446492483673	-0.04913456658963403	-0.3901446492483673	0.3255817361875726	4.728575192590946e-17	
0.675 	0.6548886797676914	2.876699059258065e-18	-0.052248628563796265	0.39080811823487904	-0.052248628563796376	-0.39080811823487904	0.3451113202323075	-2.876699059258065e-18	
0.7 	0.6353545960049939	7.646081873884971e-18	-0.05537484687608745	0.3903989943144071	-0.055374846876087506	-0.3903989943144071	0.3646454039950049	-7.646081873884971e-18	
0.725 	0.6158691403795786	-3.510852500049719e-17	-0.05843363860800399	0.3889373019469025	-0.05843363860800404	-0.3889373019469025	0.38413085962042026	3.510852500049719e-17	
0.75 	0.5964842582320994	-1.674474583820769e-18	-0.06146011242525045	0.3864491292158159	-0.06146011242525055	-0.3864491292158159	0.40351574176789956	1.674474583820769e-18	
0.775 	0.5772504639814758	2.420071481361869e-18	-0.06450978869434651	0.382965377829481	-0.0645097886943466	-0.38296537782948104	0.422749536018523	5.309107974989596e-17	
0.8 	0.5582167693340969	7.030084899292856e-18	-0.06757029927449562	0.3785142423712959	-0.0675702992744957	-0.3785142423712959	0.4417832306659018	-7.030084899292856e-18	
0.825 	0.5394307542850136	8.219023986033486e-18	-0.07052848538438747	0.37312603877192335	-0.07052848538438761	-0.37312603877192335	0.46056924571498514	-8.219023986033486e-18	
0.85 	0.5209383744065756	8.717796995406526e-18	-0.07345212237048306	0.3668354568776883	-0.07345212237048315	-0.3668354568776883	0.47906162559342325	-8.717796995406526e-18	
0.875 	0.5027837055742311	7.732804668782912e-18	-0.07637585113386477	0.3596813403341244	-0.07637585113386486	-0.3596813403341244	0.4972162944257677	-7.732804668782912e-18	
0.9 	0.4850089780909316	-5.205454024720978e-18	-0.07929602490555186	0.351699169738622	-0.07929602490555196	-0.351699169738622	0.5149910219090674	5.205454024720978e-18	
0.925 	0.46765460946788256	-9.909376375489292e-18	-0.0821050720156897	0.3429261104039587	-0.08210507201568983	-0.3429261104039587	0.5323453905321167	9.909376375489292e-18	
0.95 	0.45075906182076464	5.316649594458915e-18	-0.08484980624974071	0.33340411435953565	-0.08484980624974091	-0.33340411435953565	0.5492409381792347	-5.316649594458915e-18	
0.975 	0.43435859813331645	-1.31670653305879e-19	-0.08763000250534249	0.32317670509625057	-0.08763000250534254	-0.32317670509625057	0.565641401866683	1.31670653305879e-19	
1.0 	0.4184873858301635	-1.9817602623922956e-18	-0.09035629764033844	0.3122852981073049	-0.09035629764033852	-0.3122852981073049	0.5815126141698361	1.9817602623922956e-18	
1.025 	0.40317165480517436	3.0487925949321655e-18	-0.0930014547553066	0.30077678888590564	-0.09300145475530674	-0.30077678888590564	0.5968283451948252	-3.0487925949321655e-18	
1.05 	0.38843430852162175	3.185420350863945e-17	-0.09557945535308297	0.2887024408698015	-0.09557945535308314	-0.2887024408698015	0.6115656914783779	-3.185420350863945e-17	
1.075 	0.3743206768807531	6.066546717097723e-17	-0.09817544306227821	0.27609114051332123	-0.09817544306227836	-0.27609114051332123	0.6256793231192463	-6.066546717097723e-17	
1.1 	0.3608569416847578	5.777544967758459e-17	-0.10070934092450938	0.2629882256518094	-0.1007093409245095	-0.2629882256518094	0.6391430583152415	-5.777544967758459e-17	
1.125 	0.34805326978673445	5.876640407213023e-17	-0.10316099639559738	0.24944678001122228	-0.10316099639559752	-0.24944678001122228	0.6519467302132652	-5.876640407213023e-17	
1.15 	0.33594404249040477	5.82453889612525e-17	-0.10556831227592214	0.23550745892286087	-0.10556831227592217	-0.23550745892286087	0.6640559575095948	-5.82453889612525e-17	
1.175 	0.3245338256263663	5.714820936273253e-17	-0.107962727145632	0.22122513740297833	-0.10796272714563203	-0.22122513740297836	0.6754661743736335	-4.327042155491807e-17	
1.2 	0.3138456766921324	5.737929983763525e-17	-0.11032407472520742	0.20663984767525748	-0.11032407472520742	-0.20663984767525748	0.6861543233078674	-5.737929983763525e-17	
1.225 	0.30390108115275405	6.197462492025248e-17	-0.11257256231613152	0.1917947446841496	-0.1125725623161316	-0.1917947446841496	0.6960989188472458	-6.197462492025248e-17	
1.25 	0.29469684458059764	5.4641434768660487e-17	-0.11480428608729203	0.17674241284893763	-0.11480428608729204	-0.17674241284893763	0.7053031554194024	-5.4641434768660487e-17	
1.275 	0.28625721904296486	5.737275805520312e-17	-0.11701218297413539	0.16152636519598318	-0.11701218297413536	-0.16152636519598318	0.7137427809570352	-5.737275805520312e-17	
1.3 	0.27858940121584436	6.023494487978319e-17	-0.11918186674207938	0.1461896093702905	-0.1191818667420794	-0.1461896093702905	0.7214105987841557	-6.023494487978319e-17	
1.325 	0.27169060825421454	5.4090692023971624e-17	-0.12126215856375913	0.1307780542368402	-0.12126215856375915	-0.1307780542368402	0.7283093917457855	-5.4090692023971624e-17	
1.35 	0.26556336857845836	5.542780627571445e-17	-0.12332463371051415	0.11533752517967806	-0.12332463371051418	-0.11533752517967806	0.7344366314215416	-5.542780627571445e-17	
1.375 	0.26020792781958874	5.746497884857492e-17	-0.12536037590407456	0.09991186799697568	-0.1253603759040746	-0.09991186799697568	0.7397920721804115	-5.746497884857492e-17	
1.4 	0.25562251204245184	6.191077785643547e-17	-0.12734075645990997	0.0845400204527496	-0.12734075645990997	-0.08454002045274961	0.7443774879575484	-5.4971883952528244e-17	
1.425 	0.251803353721131	5.609728900968967e-17	-0.1292683921939809	0.06926233019358716	-0.12926839219398087	-0.06926233019358716	0.7481966462788694	-5.609728900968967e-17	
1.45 	0.248744606331499	5.947229464831223e-17	-0.13116327804835284	0.05412178935520483	-0.13116327804835282	-0.054121789355204834	0.7512553936685015	-5.2533400744405e-17	
1.475 	0.24643836799788407	5.4492554938580444e-17	-0.13303199353283798	0.039156363862056745	-0.133031993532838	-0.03915636386205675	0.7535616320021163	-4.7553661034673215e-17	
1.5 	0.24487494207051747	5.4763832096220007e-17	-0.13485226649066018	0.02440121580072851	-0.1348522664906601	-0.024401215800728515	0.755125057929483	-4.9559661668289585e-17	
1.525 	0.24404288827082002	5.409681493964707e-17	-0.13663037698712524	0.009891641650449666	-0.13663037698712516	-0.009891641650449673	0.7559571117291802	-5.011927924506335e-17	
1.55 	0.2439289064060154	5.3501506367255386e-17	-0.13837192330334325	-0.004334533864668987	-0.13837192330334327	0.004334533864668981	0.7560710935939852	-4.995765154166586e-17	
1.575 	0.2445179559020195	5.3629890423282803e-17	-0.14008123452657859	-0.01824528917671554	-0.1400812345265785	0.018245289176715532	0.755482044097981	-4.842571999535238e-17	
1.6 	0.24579347637840954	5.515475025116775e-17	-0.14175432110245134	-0.03181158250961533	-0.14175432110245134	0.03181158250961532	0.7542065236215909	-4.821585634726052e-17	
1.625 	0.24773746788268747	5.788530097472452e-17	-0.14339583046696291	-0.04500325884587216	-0.14339583046696291	0.045003258845872154	0.752262532117313	-5.4415854022770906e-17	
1.65 	0.2503303568605759	5.921261574197588e-17	-0.14499367160400192	-0.057789755537411	-0.1449936716040019	0.057789755537410996	0.7496696431394246	-5.2273721838068656e-17	
1.675 	0.2535511728220997	6.226440020379872e-17	-0.14655693816844215	-0.07014492113926361	-0.1465569381684421	0.0701449211392636	0.7464488271779007	-5.5325506299891495e-17	
1.7 	0.25737777367466286	6.184022813218432e-17	-0.14809421320937316	-0.08204748440416634	-0.1480942132093731	0.08204748440416633	0.7426222263253375	-5.4901334228277094e-17	
1.725 	0.2617868827219965	5.541807563550153e-17	-0.14961034379817387	-0.09347272467248548	-0.14961034379817387	0.09347272467248548	0.7382131172780039	-4.84791817315943e-17	
1.75 	0.26675400985507947	5.865477283398572e-17	-0.15107041734980606	-0.10439775091872011	-0.15107041734980595	0.1043977509187201	0.7332459901449206	-5.171587893007849e-17	
1.775 	0.2722536156876153	5.90085073872538e-17	-0.15250219858037625	-0.11480388363543582	-0.15250219858037625	0.11480388363543581	0.727746384312385	-5.2069613483346565e-17	
1.8 	0.2782593794225488	5.920001874367667e-17	-0.1539158515183506	-0.12467661386005924	-0.15391585151835058	0.12467661386005922	0.7217406205774514	-5.226112483976943e-17	
1.825 	0.2847441626970463	6.539587933724251e-17	-0.15531440171583238	-0.13399849389037488	-0.15531440171583233	0.13399849389037485	0.715255837302954	-5.151809152942805e-17	
1.85 	0.29167999551336377	5.853804434251477e-17	-0.15665961967027633	-0.14275360903389292	-0.15665961967027622	0.14275360903389292	0.7083200044866362	-5.853804434251477e-17	
1.875 	0.2990382299921413	5.2870363182377766e-17	-0.15795862181278006	-0.1509318382522617	-0.15795862181278	0.1509318382522617	0.7009617700078589	-5.2870363182377766e-17	
1.9 	0.3067898127116338	5.846710807956646e-17	-0.15927170283708358	-0.15852472744446655	-0.15927170283708347	0.15852472744446655	0.6932101872883663	-5.846710807956646e-17	
1.925 	0.3149052253853706	5.350076468047437e-17	-0.16055510042597174	-0.16552289768793516	-0.16055510042597163	0.16552289768793516	0.6850947746146291	-5.350076468047437e-17	
1.95 	0.3233544658730068	5.71423753241576e-17	-0.16178140482201453	-0.17191704665464147	-0.16178140482201445	0.17191704665464144	0.6766455341269928	-4.326458751634314e-17	
1.975 	0.3321072602679347	6.221659769731562e-17	-0.1629641335567175	-0.17770519134735913	-0.16296413355671735	0.1777051913473591	0.6678927397320649	-3.446102208168671e-17	
2.0 	0.34113326410590145	3.581900643826772e-17	-0.16418822248185358	-0.18288559413695948	-0.16418822248185344	0.18288559413695948	0.658866735894098	-3.581900643826772e-17	
2.025 	0.35039769556104366	3.6298558318859073e-17	-0.1653603087226863	-0.18746781922554612	-0.1653603087226863	0.18746781922554612	0.6496023044389562	-3.6298558318859073e-17	
2.05 	0.35987554579703834	1.3806414230228914e-17	-0.16647055634353444	-0.19143786859310494	-0.1664705563435343	0.19143786859310494	0.6401244542029614	-1.3806414230228914e-17	
2.075 	0.3695346848107541	3.7295419406720783e-17	-0.1675683690511614	-0.19480644205064707	-0.16756836905116135	0.19480644205064707	0.6304653151892459	-3.7295419406720783e-17	
2.1 	0.3793496229910891	1.2902893772862502e-17	-0.16869312920877935	-0.19756063077975713	-0.16869312920877919	0.19756063077975713	0.620650377008911	-1.2902893772862502e-17	
2.125 	0.3892855938176456	1.429170483134045e-17	-0.16977762762657822	-0.1997209726679926	-0.16977762762657805	0.1997209726679926	0.6107144061823544	-1.429170483134045e-17	
2.15 	0.39931430143048774	1.350964670707948e-17	-0.1707755580554261	-0.20128738418577344	-0.17077555805542602	0.20128738418577344	0.6006856985695125	-1.350964670707948e-17	
2.175 	0.4094063258968378	1.903317778120418e-17	-0.17179482600151375	-0.20226995241572193	-0.17179482600151363	0.20226995241572193	0.5905936741031624	-1.903317778120418e-17	
2.2 	0.4195327229106963	-4.016395521699525e-18	-0.17281440643001614	-0.2026801112933031	-0.17281440643001603	0.2026801112933031	0.580467277089304	4.016395521699525e-18	
2.225 	0.4296649249253205	-4.309636233161684e-18	-0.1738150381052644	-0.20252019654622477	-0.17381503810526427	0.20252019654622477	0.5703350750746796	1.818742404097614e-17	
2.25 	0.4397746229904511	2.4727179847669788e-17	-0.17472900464588437	-0.20180791420519248	-0.1747290046458842	0.20180791420519245	0.5602253770095489	3.028395767959126e-18	
2.275 	0.4498353082136316	2.597802374612814e-17	-0.1756869044927306	-0.20056443265563748	-0.17568690449273042	0.20056443265563745	0.5501646917863686	1.777551869500775e-18	
2.3 	0.45982042584550825	5.748138113265728e-18	-0.17666145702710895	-0.1987998527330336	-0.1766614570271088	0.1987998527330336	0.5401795741544919	-5.748138113265728e-18	
2.325 	0.4697041951300282	-8.170039752274587e-19	-0.17755231789226883	-0.19652758242638985	-0.17755231789226866	0.19652758242638985	0.5302958048699722	8.170039752274587e-19	
2.35 	0.4794601908583202	4.127005759015661e-18	-0.1783943317936239	-0.1937588999295272	-0.17839433179362374	0.1937588999295272	0.5205398091416803	-4.127005759015661e-18	
2.375 	0.4890653635011181	2.2854512735030487e-17	-0.17925798934767986	-0.19052019848919424	-0.17925798934767975	0.19052019848919421	0.5109346364988823	4.901062880598427e-18	
2.4 	0.4984986319639513	-6.476805538476939e-18	-0.1801441792722357	-0.18683422113586748	-0.18014417927223553	0.18683422113586748	0.5015013680360487	2.0354593346291396e-17	
2.425 	0.5077363997340808	-2.109441959258234e-18	-0.18095758884095742	-0.18271378885247722	-0.18095758884095736	0.18271378885247722	0.4922636002659193	2.109441959258234e-18	
2.45 	0.5167573845772386	2.5383587803632107e-17	-0.1817525701132916	-0.17817872148015929	-0.18175257011329143	0.17817872148015926	0.4832426154227614	2.371987811996807e-18	
2.475 	0.5255389841608875	4.720809306668642e-18	-0.18254025160933485	-0.17324987936542638	-0.18254025160933474	0.17324987936542638	0.4744610158391126	-4.720809306668642e-18	
2.5 	0.5340644064189415	5.575796061503383e-18	-0.18335338557102698	-0.1679523709649822	-0.18335338557102682	0.1679523709649822	0.4659355935810588	-5.575796061503383e-18	
2.525 	0.5423186314303143	-4.253472126008217e-19	-0.1841163412306991	-0.16230945494237956	-0.18411634123069898	0.16230945494237956	0.45768136856968633	1.430313502041528e-17	
2.55 	0.5502822490636348	-2.098904812856789e-18	-0.18483430122577696	-0.15634062070018107	-0.1848343012257768	0.15634062070018107	0.4497177509363658	1.5976692620671246e-17	
2.575 	0.5579332188725691	-3.0402453684445068e-18	-0.18557281618926302	-0.1500658985280403	-0.18557281618926286	0.1500658985280403	0.44206678112743164	3.0402453684445068e-18	
2.6 	0.5652629991009219	-4.17355317763475e-18	-0.18632349151733238	-0.143515176330331	-0.1863234915173322	0.143515176330331	0.4347370008990787	4.17355317763475e-18	
2.625 	0.572258332055091	-1.0994571027741975e-17	-0.18701779257204829	-0.13670890244033315	-0.18701779257204815	0.13670890244033315	0.4277416679449096	1.0994571027741975e-17	
2.65 	0.5789071073955614	-2.633536097590166e-17	-0.18765621235593993	-0.12967279569717316	-0.1876562123559397	0.12967279569717316	0.4210928926044392	2.633536097590166e-17	
2.675 	0.5851985298217749	-1.7854576048670518e-17	-0.1883519917284919	-0.12243285800088449	-0.1883519917284917	0.12243285800088448	0.41480147017822555	3.1732363856484974e-17	
2.7 	0.5911230643042976	-1.63633206310313e-17	-0.1890267801306714	-0.11501272370995855	-0.18902678013067123	0.11501272370995853	0.40887693569570294	3.0241108438845757e-17	
2.725 	0.5966722471211522	-2.9074307357531386e-17	-0.18966028080231662	-0.10743361352389968	-0.1896602808023165	0.10743361352389968	0.4033277528788483	3.6013201261438614e-17	
2.75 	0.6018388130506063	-3.6778609421838056e-17	-0.19027072870041928	-0.0997211941487064	-0.19027072870041914	0.09972119414870638	0.39816118694939445	5.065639722965251e-17	
2.775 	0.6066167972412497	-4.134933221266462e-17	-0.19089443240287257	-0.09190191906295511	-0.1908944324028724	0.0919019190629551	0.3933832027587507	4.828822611657185e-17	
2.8 	0.6110014643053439	-4.7188009004060596e-17	-0.19152283254894825	-0.08399749890416455	-0.19152283254894809	0.08399749890416454	0.3889985356946566	6.106579681187505e-17	
2.825 	0.6149891201694202	-4.8680686409542665e-17	-0.1920978404995286	-0.07602975409394284	-0.19209784049952844	0.07602975409394283	0.3850108798305802	5.561958031344989e-17	
2.85 	0.6185772329452938	-5.0012461936172045e-17	-0.19265712038206234	-0.06802285370513184	-0.19265712038206223	0.06802285370513182	0.3814227670547065	5.695135584007927e-17	
2.875 	0.6217645401289639	-5.5498110133265586e-17	-0.19322933568398454	-0.06000231054559426	-0.19322933568398443	0.060002310545594253	0.37823545987103674	6.243700403717281e-17	
2.9 	0.6245508967865089	-5.479137207271281e-17	-0.1938069066949796	-0.05198784246294978	-0.19380690669497938	0.05198784246294977	0.37544910321349173	6.519971292857365e-17	
2.925 	0.6269371477131594	-5.930129465381474e-17	-0.19433045316186337	-0.04399985158917011	-0.19433045316186318	0.043999851589170094	0.37306285228684105	6.970963550967558e-17	
2.95 	0.6289252070792685	-6.043319354857978e-17	-0.1948492919553073	-0.03606130046086082	-0.19484929195530717	0.036061300460860805	0.37107479292073214	7.084153440444062e-17	
2.975 	0.6305181811979108	-6.072125155774033e-17	-0.19538527249163798	-0.02819472516387336	-0.1953852724916378	0.02819472516387335	0.36948181880208975	6.939486893762437e-17	
3.0 	0.6317201494834672	-6.372090366905874e-17	-0.19589980356671832	-0.020418203257879436	-0.1958998035667182	0.020418203257879425	0.36827985051653356	7.412924452491959e-17	
3.025 	0.6325360731078427	-6.646076125682859e-17	-0.19639123482006232	-0.012748982199503156	-0.19639123482006215	0.012748982199503147	0.3674639268921581	7.600174037470103e-17	
3.05 	0.632971880683985	-7.032093056849055e-17	-0.19687137844967773	-0.005208789309944876	-0.19687137844967764	0.005208789309944867	0.3670281193160159	7.986190968636299e-17	
3.075 	0.6330345401041129	-7.341243628613306e-17	-0.19735504771597048	0.0021839060030512648	-0.19735504771597034	-0.0021839060030512747	0.366965459895888	8.33870962729997e-17	
3.1 	0.6327318510956018	-7.807423382522629e-17	-0.19782499626635394	0.009413631787475842	-0.19782499626635378	-0.009413631787475852	0.3672681489043988	8.848257468108713e-17	
3.125 	0.632072326936611	-8.077135641737477e-17	-0.19828245566802224	0.01646600813594098	-0.19828245566802208	-0.016466008135940992	0.3679276730633897	9.117969727323561e-17	
3.15 	0.6310653382649288	-8.326086888507877e-17	-0.19872843365245413	0.02332234785397572	-0.198728433652454	-0.02332234785397573	0.3689346617350718	9.366920974093962e-17	
3.175 	0.6297210996501725	-8.656237699309648e-17	-0.19916536761627998	0.029967569670972586	-0.1991653676162799	-0.029967569670972596	0.370278900349828	9.523599437298052e-17	
3.2 	0.6280504938129539	-8.664913197590985e-17	-0.19959330040619172	0.03639037169465792	-0.19959330040619166	-0.036390371694657926	0.37194950618704686	9.705747283177069e-17	
3.225 	0.626064937697093	-8.953248108174835e-17	-0.20002112131467642	0.042578499281775546	-0.20002112131467642	-0.04257849928177555	0.3739350623029075	9.647137498565558e-17	
3.25 	0.6237765546844003	-8.910595280298707e-17	-0.20043270683796985	0.048517776945775436	-0.20043270683796985	-0.04851777694577545	0.3762234453156003	9.951429365884792e-17	
3.275 	0.6211981238040551	-8.769624104415221e-17	-0.2008256872920507	0.05419613170019071	-0.2008256872920507	-0.054196131700190726	0.3788018761959457	9.810458190001305e-17	
3.3 	0.6183428785167817	-8.747297323575622e-17	-0.20121936781005592	0.059606954286268506	-0.20121936781005598	-0.05960695428626852	0.38165712148321895	1.0135076104357068e-16	
3.325 	0.6152244331298323	-9.07781298290326e-17	-0.20162341126464106	0.0647407496120943	-0.20162341126464103	-0.06474074961209432	0.3847755668701683	1.0465591763684706e-16	
3.35 	0.6118569113618728	-8.740408352682328e-17	-0.20199642401617704	0.06958728561961587	-0.20199642401617704	-0.06958728561961589	0.38814308863812774	1.0128187133463774e-16	
3.375 	0.6082549162634187	-8.837001601048629e-17	-0.20235617089918642	0.07413874159853104	-0.20235617089918645	-0.07413874159853105	0.3917450837365819	1.0224780381830075e-16	
3.4 	0.6044332733369434	-8.940754950949915e-17	-0.20271783889317244	0.07839214392288367	-0.20271783889317246	-0.07839214392288368	0.3955667266630574	1.0328533731731361e-16	
3.425 	0.6004070362272598	-9.153196017395517e-17	-0.20308601661472309	0.0823418437812228	-0.20308601661472306	-0.08234184378122282	0.39959296377274134	1.0540974798176962e-16	
3.45 	0.5961915744248032	-8.859764314639757e-17	-0.20343772078869654	0.08598057721290024	-0.20343772078869654	-0.08598057721290024	0.40380842557519786	9.55365370503048e-17	
3.475 	0.5918025378017501	-8.708300681216154e-17	-0.20374823096121228	0.08930583536253815	-0.20374823096121233	-0.08930583536253817	0.4081974621982511	1.00960794619976e-16	
3.5 	0.5872556012272562	-8.796223111800624e-17	-0.2040894429023745	0.09231727084023236	-0.2040894429023745	-0.09231727084023236	0.4127443987727449	9.490112502191346e-17	
3.525 	0.5825664837021733	-8.707973653915418e-17	-0.20444236102877	0.09501342774275838	-0.2044423610287701	-0.0950134277427584	0.41743351629782777	1.0095752434696864e-16	
3.55 	0.5777510665607608	-9.064035620186907e-17	-0.20476178576069046	0.09739023802014936	-0.20476178576069057	-0.09739023802014937	0.4222489334392404	9.75792501057763e-17	
3.575 	0.5728252865790003	-8.684408784555569e-17	-0.2050308960629584	0.09944952899156634	-0.20503089606295852	-0.09944952899156635	0.4271747134210013	1.0766076955727737e-16	
3.6 	0.5678049426185157	-8.621193399129169e-17	-0.20536251093288962	0.10119438552036235	-0.2053625109328898	-0.10119438552036236	0.4321950573814858	1.0702861570301338e-16	
3.625 	0.5627056946689449	-9.011209078640648e-17	-0.20568893836709945	0.1026261384115951	-0.2056889383670995	-0.1026261384115951	0.43729430533105657	9.705098469031371e-17	
3.65 	0.5575432241880506	-8.648985956864812e-17	-0.20595586717496225	0.10374483439268205	-0.2059558671749623	-0.10374483439268206	0.44245677581195075	1.0036764737646258e-16	
3.675 	0.5523330637177403	-8.948416274687374e-17	-0.20622054635023324	0.10455513920791094	-0.20622054635023335	-0.10455513920791094	0.44766693628226095	9.642305665078097e-17	
3.7 	0.5470904463552528	-7.522371659255961e-17	-0.2065113043139324	0.10506426199518396	-0.20651130431393255	-0.10506426199518397	0.45290955364474844	8.910150440037406e-17	
3.725 	0.5418303313725691	-7.802100370888304e-17	-0.20682667728719395	0.1052751103508726	-0.20682667728719406	-0.10527511035087263	0.45816966862743247	9.883768542060473e-17	
3.75 	0.5365675376065341	-6.762132676529622e-17	-0.20706997406922822	0.10519194852870462	-0.20706997406922828	-0.10519194852870464	0.4634324623934671	8.84380084770179e-17	
3.775 	0.5313165883883607	-6.01142698619779e-17	-0.20731185957133832	0.10482211245522134	-0.20731185957133838	-0.10482211245522134	0.46868341161164045	6.705316376588513e-17	
3.8 	0.526091538067783	-6.043407340585589e-17	-0.20757961527625476	0.10417558899274613	-0.20757961527625488	-0.10417558899274613	0.4739084619322183	6.737296730976312e-17	
3.825 	0.5209060792981148	-6.71164208679323e-17	-0.2078838455571105	0.10325755763939261	-0.20788384555711062	-0.10325755763939262	0.4790939207018866	8.099420867574676e-17	
3.85 	0.515773610645239	-6.014172194981386e-17	-0.2080952463129198	0.10207483551666516	-0.20809524631291995	-0.10207483551666516	0.48422638935476225	6.708061585372108e-17	
3.875 	0.510707115341528	-6.781700867040182e-17	-0.2082927521258404	0.10063801557927626	-0.2082927521258405	-0.10063801557927628	0.48929288465847354	8.169479647821628e-17	
3.9 	0.5057189760604832	-6.770616119349727e-17	-0.20857182658403117	0.09895811185975012	-0.2085718265840313	-0.09895811185975013	0.4942810239395183	8.158394900131172e-17	
3.925 	0.5008211339286199	-5.59704897081517e-17	-0.20882823805416503	0.09704316076577824	-0.2088282380541652	-0.09704316076577825	0.4991788660713816	6.984827751596616e-17	
3.95 	0.4960251350513898	-6.087644479142847e-17	-0.20902609281302334	0.09490121724874168	-0.20902609281302356	-0.09490121724874168	0.5039748649486119	6.78153386953357e-17	
3.975 	0.4913419834162676	-4.776732388895614e-17	-0.20922531281323756	0.09254587255779538	-0.2092253128132377	-0.0925458725577954	0.5086580165837341	6.16451116967706e-17	
4.0 	0.48678201959228223	-2.6457513768979772e-17	-0.20948786969639085	0.08998888940301418	-0.20948786969639102	-0.08998888940301421	0.5132179804077196	4.7274195480701457e-17	
4.025 	0.48235222725381055	-3.415766096640623e-17	-0.20970160864297072	0.08724361547793825	-0.20970160864297083	-0.08724361547793827	0.5176477727461913	4.8035448774220686e-17	
4.05 	0.4780644484497608	-3.390614043179673e-17	-0.20988728420109337	0.08431553593858716	-0.20988728420109354	-0.08431553593858718	0.5219355515502412	4.778392823961119e-17	
4.075 	0.47392744070317294	-3.680288699633668e-17	-0.21005398918640084	0.0812195268992964	-0.21005398918640103	-0.08121952689929642	0.5260725592968293	5.0680674804151136e-17	
4.1 	0.4699492673633655	-3.616485857928529e-17	-0.21027078655507106	0.07796847940247087	-0.21027078655507123	-0.07796847940247088	0.5300507326366367	5.004264638709975e-17	
4.125 	0.4661374139295106	-3.282749913990502e-17	-0.2104853672864301	0.07457190999870017	-0.21048536728643027	-0.07457190999870018	0.5338625860704915	4.6705286947719475e-17	
4.15 	0.4624988866518829	-3.6310432267824025e-17	-0.21064518887713823	0.07104154035734259	-0.21064518887713846	-0.0710415403573426	0.5375011133481191	5.018822007563848e-17	
4.175 	0.4590399944404506	-3.34336049508127e-17	-0.2108405585711397	0.06739206330400656	-0.21084055857113998	-0.06739206330400657	0.5409600055595517	4.7311392758627155e-17	
4.2 	0.45576632154664426	-3.503995541855998e-17	-0.21105301361823375	0.06363736025901506	-0.21105301361823398	-0.06363736025901508	0.5442336784533583	4.891774322637444e-17	
4.225 	0.4526828937562423	-3.466897989551051e-17	-0.21125385017702206	0.059786466389698874	-0.21125385017702228	-0.05978646638969889	0.5473171062437604	4.8546767703324964e-17	
4.25 	0.44979420745386245	-3.083244558803475e-17	-0.21137414353636766	0.05585227126993997	-0.21137414353636783	-0.05585227126993998	0.5502057925461401	4.471023339584921e-17	
4.275 	0.4471040624490788	-2.300736312533945e-17	-0.21155156287794402	0.051849356992205935	-0.21155156287794422	-0.05184935699220595	0.552895937550924	4.0354597885107525e-17	
4.3 	0.44461756541608977	-1.5743779105226184e-17	-0.21174505211086944	0.04779044993860108	-0.21174505211086958	-0.04779044993860109	0.555382434583913	2.962156691304064e-17	
4.325 	0.44233321157539723	-1.0796898812573196e-17	-0.21192619784014768	0.04368575035510856	-0.2119261978401479	-0.043685750355108584	0.5576667884246054	2.8144133572341265e-17	
4.35 	0.44025502212236906	-1.3196401949997437e-17	-0.21207058727478997	0.03954689748740347	-0.21207058727479014	-0.03954689748740348	0.5597449778776334	2.7074189757811893e-17	
4.375 	0.4383864111034648	-1.3224231164283161e-17	-0.2122306357566131	0.03538888614113948	-0.21223063575661333	-0.0353888861411395	0.5616135888965376	2.7102018972097618e-17	
4.4 	0.43672385556255133	-4.154969809035198e-18	-0.21241322994279468	0.031223129034375182	-0.2124132299427948	-0.0312231290343752	0.5632761444374514	2.150220456880327e-17	
4.425 	0.43527167330484506	-3.0338760606455524e-18	-0.2125607008146196	0.027058956227224717	-0.2125607008146198	-0.02705895622722473	0.5647283266951575	1.691166386846001e-17	
4.45 	0.43402535098597683	5.2007691990664785e-18	-0.2126810640597926	0.02290742296344477	-0.21268106405979276	-0.022907422963444786	0.5659746490140258	1.0411742084724785e-17	
4.475 	0.43298596115513294	1.2800033366171913e-17	-0.21281785053605942	0.018782990675538545	-0.21281785053605962	-0.018782990675538562	0.5670140388448698	4.547201393596158e-18	
4.5 	0.4321539273431485	1.7424932643200506e-17	-0.21299437003609312	0.014695541181293494	-0.2129943700360933	-0.014695541181293511	0.5678460726568539	-9.45059621420839e-19	
4.525 	0.43152311075422134	2.2573566202459952e-17	-0.21313246135493677	0.010652479191598091	-0.21313246135493694	-0.010652479191598107	0.568476889245781	-6.961054918668688e-18	
4.55 	0.43109506307964357	3.00170214214732e-17	-0.21325443837474262	0.006665651358445048	-0.21325443837474278	-0.006665651358445063	0.5689049369203586	-1.3970829268687734e-17	
4.575 	0.4308626750148868	3.45511698051108e-17	-0.21339248257547885	0.002746033948543486	-0.21339248257547902	-0.0027460339485435017	0.5691373249851155	-1.819831896898866e-17	
4.6 	0.4308243432032865	3.968235079894225e-17	-0.21353233756919524	-0.0010972880117283543	-0.2135323375691954	0.0010972880117283384	0.5691756567967156	-2.2959330186654673e-17	
4.625 	0.43097795647898657	4.45472925510737e-17	-0.2136562913992875	-0.0048574744146416046	-0.2136562913992876	0.004857474414641588	0.5690220435210157	-2.7454102162620682e-17	
4.65 	0.4313153874567536	4.8671051460956184e-17	-0.2137756519967158	-0.00852580565584886	-0.21377565199671597	0.008525805655848843	0.5686846125432484	-3.2191178439176517e-17	
4.675 	0.43183539793097686	5.392917633485274e-17	-0.2139005281219252	-0.012090583107146688	-0.21390052812192537	0.012090583107146672	0.568164602069025	-3.831666505106148e-17	
4.7 	0.4325290980579665	5.788987131183903e-17	-0.21402444433237527	-0.015547174172018464	-0.21402444433237539	0.015547174172018447	0.5674709019420353	-4.054263655207096e-17	
4.725 	0.43339274500151914	5.852746623324051e-17	-0.21414449194349652	-0.018890203396396063	-0.21414449194349675	0.018890203396396046	0.5666072549984829	-4.118023147347244e-17	
4.75 	0.4344220167640327	5.802724012826016e-17	-0.2142605341850623	-0.022109459513145833	-0.21426053418506247	0.02210945951314582	0.5655779832359693	-4.2414728844468904e-17	
4.775 	0.4356073526702203	6.093103634720755e-17	-0.21437279798432918	-0.025199396649919555	-0.21437279798432937	0.025199396649919537	0.5643926473297814	-4.358380158743949e-17	
4.8 	0.436945190653814	7.402899313857256e-17	-0.21447928642551883	-0.028153710097319564	-0.21447928642551906	0.028153710097319547	0.5630548093461878	-5.668175837880449e-17	
4.825 	0.4384257815947799	7.652870641331237e-17	-0.21459994646981792	-0.030971334208946284	-0.2145999464698181	0.030971334208946266	0.561574218405222	-5.91814716535443e-17	
4.85 	0.44004358102484054	7.952288161723061e-17	-0.2147120792580941	-0.03364477975985583	-0.21471207925809424	0.03364477975985581	0.5599564189751611	-6.217564685746254e-17	
4.875 	0.44179242327027074	8.873529659044363e-17	-0.2148080518422995	-0.03616571123689359	-0.21480805184229962	0.03616571123689357	0.5582075767297311	-6.791861487872195e-17	
4.9 	0.4436621954055175	9.46249179331379e-17	-0.21489355344727315	-0.038536535610926174	-0.21489355344727326	0.03853653561092616	0.5563378045944842	-7.727768317336983e-17	
4.925 	0.4456476385984082	9.964306734559575e-17	-0.21501075955629861	-0.0407516483812103	-0.2150107595562987	0.04075164838121028	0.5543523614015937	-8.229583258582768e-17	
4.95 	0.44773872158748984	1.0109070456920566e-16	-0.2151085936497722	-0.04280976582630659	-0.2151085936497723	0.04280976582630657	0.5522612784125118	-8.027402285748398e-17	
4.975 	0.44992853010734707	9.898444123960042e-17	-0.21519072435471884	-0.044705011898382656	-0.2151907243547189	0.044705011898382635	0.5500714698926548	-7.816775952787873e-17	
5.0 	0.45220977969065645	1.0278102155631632e-16	-0.2152884553476542	-0.046436735291525255	-0.21528845534765426	0.046436735291525234	0.5477902203093451	-8.196433984459464e-17	
5.025 	0.4545726356842778	1.0372914894492852e-16	-0.21540131456979114	-0.04800822901899149	-0.21540131456979114	0.04800822901899147	0.5454273643157239	-8.291246723320683e-17	
5.05 	0.4570105008100959	1.0209767291324961e-16	-0.21549902032281015	-0.049412445150965045	-0.2154990203228102	0.04941244515096503	0.5429894991899059	-8.475043815348154e-17	
5.075 	0.4595136282519463	1.0273397618517621e-16	-0.2155440032408221	-0.05065188280014517	-0.2155440032408221	0.05065188280014515	0.5404863717480556	-8.191729447345453e-17	
5.1 	0.46207449973509557	1.0410553290166572e-16	-0.21562113116110967	-0.051726985687022456	-0.21562113116110967	0.051726985687022435	0.5379255002649063	-8.328885118994403e-17	
5.125 	0.4646853844670402	1.0378089525408634e-16	-0.21572751465534315	-0.05263813725347405	-0.2157275146553431	0.05263813725347403	0.5353146155329618	-8.296421354236465e-17	
5.15 	0.46733785607111583	1.0344212475129796e-16	-0.21582518125285793	-0.05338281163003144	-0.21582518125285788	0.05338281163003142	0.532662143928886	-8.262544303957628e-17	
5.175 	0.47002320065390124	1.0397632925023726e-16	-0.21585561273627976	-0.0539643769192641	-0.21585561273627976	0.053964376919264076	0.5299767993461008	-8.315964753851557e-17	
5.2 	0.47273335434077574	9.901329522923792e-17	-0.21594069501839122	-0.054386837737050796	-0.21594069501839117	0.05438683773705078	0.5272666456592263	-8.513550742142346e-17	
5.225 	0.47546046951779414	9.889275309857946e-17	-0.21606326767351752	-0.05465292283860442	-0.21606326767351744	0.0546529228386044	0.5245395304822081	-7.807607138685777e-17	
5.25 	0.4781967118441276	9.97262178283958e-17	-0.21613693848248527	-0.05476263789698011	-0.21613693848248516	0.05476263789698009	0.5218032881558748	-7.890953611667412e-17	
5.275 	0.48093432357600935	9.672413133677706e-17	-0.21618240731493782	-0.05471866678473544	-0.2161824073149378	0.05471866678473543	0.5190656764239933	-7.937689657700899e-17	
5.3 	0.4836657851798729	9.775647835641193e-17	-0.21624441287070625	-0.054527622720443654	-0.2162444128707062	0.05452762272044363	0.5163342148201294	-7.693979664469025e-17	
5.325 	0.4863838412487344	9.783155743857826e-17	-0.2163595571268629	-0.05419227053455547	-0.21635955712686278	0.05419227053455545	0.5136161587512678	-7.701487572685658e-17	
5.35 	0.48908132525043685	9.656415664329839e-17	-0.21642195723132449	-0.05371457086196192	-0.21642195723132437	0.05371457086196191	0.5109186747495654	-7.921692188353032e-17	
5.375 	0.491751206677587	9.808145436119146e-17	-0.21645788207263247	-0.05309864858824572	-0.21645788207263242	0.0530986485882457	0.508248793322415	-7.726477264946978e-17	
5.4 	0.4943867946884541	8.947500180056842e-17	-0.2165097926529854	-0.05235247114441753	-0.21650979265298528	0.05235247114441751	0.5056132053115481	-6.865832008884674e-17	
5.425 	0.4969816786558211	8.839797170333507e-17	-0.21662909509820172	-0.051479601341298774	-0.21662909509820166	0.05147960134129875	0.5030183213441812	-6.758128999161338e-17	
5.45 	0.4995296069661255	8.299343104132932e-17	-0.2166901909320104	-0.05048271333055639	-0.21669019093201028	0.05048271333055637	0.5004703930338767	-6.217674932960764e-17	
5.475 	0.5020245164566063	8.68934257190442e-17	-0.21670514228149007	-0.04936828396532442	-0.21670514228149002	0.049368283965324396	0.4979754835433961	-6.260729705536891e-17	
5.5 	0.5044607517613698	8.708986508522725e-17	-0.21679012323120828	-0.04814402997996023	-0.21679012323120814	0.04814402997996021	0.4955392482386324	-6.280373642155195e-17	
5.525 	0.5068329635688921	7.934061909006049e-17	-0.21687789748554145	-0.04681502441745519	-0.21687789748554134	0.04681502441745517	0.4931670364311101	-5.852393737833881e-17	
5.55 	0.5091359851947822	6.760248733764687e-17	-0.2169264799797505	-0.04538398396791983	-0.2169264799797504	0.045383983967919816	0.49086401480521996	-5.0255252577878796e-17	
5.575 	0.5113649137652242	7.447055954370996e-17	-0.2169395074002328	-0.04385907641764043	-0.21693950740023266	0.04385907641764041	0.48863508623477786	-5.365387783198827e-17	
5.6 	0.5135152693818456	7.032898104480169e-17	-0.2170240428708251	-0.04224809778819861	-0.21702404287082494	0.04224809778819859	0.4864847306181566	-4.951229933308e-17	
5.625 	0.5155829140936822	6.651396145820112e-17	-0.2170916919416553	-0.040556463262484695	-0.21709169194165515	0.040556463262484674	0.48441708590632	-4.5697279746479437e-17	
5.65 	0.5175638870558531	6.35667159843256e-17	-0.21714022077426806	-0.03878763442663331	-0.21714022077426784	0.03878763442663329	0.48243611294414934	-4.275003427260392e-17	
5.675 	0.5194545578074489	6.309675801620572e-17	-0.2171639333142658	-0.03695014937968934	-0.21716393331426564	0.036950149379689316	0.4805454421925537	-4.2280076304484045e-17	
5.7 	0.5212517202581857	6.26819087361433e-17	-0.2172320303790212	-0.03505273380371871	-0.21723203037902106	0.03505273380371869	0.478748279741817	-4.1865227024421626e-17	
5.725 	0.5229525140348948	6.291476391579936e-17	-0.21732198738333253	-0.03309954916018614	-0.2173219873833324	0.03309954916018611	0.4770474859651077	-3.862863525212406e-17	
5.75 	0.5245542647509668	5.808092770904127e-17	-0.21734235100161692	-0.03109565400225888	-0.2173423510016167	0.03109565400225886	0.47544573524903555	-3.726424599731958e-17	
5.775 	0.5260546458993294	5.3631922715545723e-17	-0.21736532152817642	-0.02904914250021603	-0.21736532152817628	0.029049142500216004	0.4739453541006728	-3.108051752784723e-17	
5.8 	0.5274517744074148	4.6646038891561905e-17	-0.21743138485796926	-0.02696894957540822	-0.2174313848579691	0.026968949575408196	0.4725482255925877	-2.4094633703863413e-17	
5.825 	0.5287440680517386	4.1254689652848815e-17	-0.21751088004481836	-0.024858499362404345	-0.21751088004481822	0.024858499362404324	0.4712559319482639	-2.043800794112713e-17	
5.85 	0.529930155327446	3.4135918972188104e-17	-0.21751953982918829	-0.022723332096001136	-0.21751953982918812	0.022723332096001112	0.4700698446725564	-9.849790308512806e-18	
5.875 	0.5310089978231229	3.312741560474667e-17	-0.21755269754841006	-0.020571626449201397	-0.21755269754840992	0.020571626449201377	0.46899100217687945	-6.388017474377973e-18	
5.9 	0.5319800091153939	3.0014999684630376e-17	-0.21762100227511014	-0.018411272534396443	-0.21762100227511	0.018411272534396422	0.4680199908846087	-3.2756015542616816e-18	
5.925 	0.5328428508507059	2.3253275353093735e-17	-0.21767744056196828	-0.016245998465978805	-0.21767744056196806	0.016245998465978788	0.46715714914929685	1.7513993012981553e-18	
5.95 	0.5335973940837417	1.8457264992434742e-17	-0.21770556529078547	-0.014080278682741875	-0.2177055652907853	0.014080278682741854	0.46640260591626104	8.282133137933954e-18	
5.975 	0.5342438405146757	1.345370016100962e-17	-0.21772359765022317	-0.01192317383622804	-0.217723597650223	0.01192317383622802	0.4657561594853272	1.3285697969359078e-17	
6.0 	0.5347828033692963	6.961834228090048e-18	-0.21778798254531812	-0.00978072417046951	-0.21778798254531795	0.009780724170469487	0.4652171966307067	1.855092916893195e-17	
6.025 	0.5352151169621069	4.76439874663119e-19	-0.2178348125287158	-0.00765648189036794	-0.21783481252871564	0.007656481890367918	0.46478488303789595	2.626295825570558e-17	
6.05 	0.535541780625711	-3.2135232687561057e-18	-0.21785961198306641	-0.005554441316084738	-0.21785961198306625	0.005554441316084716	0.4644582193742922	2.99529213991248e-17	
6.075 	0.535764136976257	-7.594400828764715e-18	-0.21787939148370147	-0.0034833318198371275	-0.2178793914837013	0.003483331819837104	0.46423586302374653	3.4371002895951367e-17	
6.1 	0.5358838697308469	-1.2237446223255697e-17	-0.21793832816752426	-0.0014480018756562393	-0.2179383281675241	0.0014480018756562168	0.4641161302691565	3.910386653928192e-17	
6.125 	0.5359028544081194	-1.6749245586790368e-17	-0.2179792227029691	0.0005491799145757144	-0.21797922270296893	-0.0005491799145757372	0.4640971455918839	4.3755841666479526e-17	
6.15 	0.5358230855786855	-2.0988483297758568e-17	-0.21800097904698512	0.002503649884950688	-0.21800097904698493	-0.002503649884950711	0.46417691442131764	4.8288584482778997e-17	
6.175 	0.5356468881322446	-2.5102692070324742e-17	-0.21803432538167186	0.004408635538889569	-0.2180343253816717	-0.004408635538889592	0.4643531118677587	5.270945193868184e-17	
6.2 	0.5353768728056153	-2.8089028733235436e-17	-0.21807445913561266	0.006259452053123983	-0.2180744591356125	-0.0062594520531240065	0.46462312719438814	5.656315033958094e-17	
6.225 	0.5350157733017493	-3.0981119566126874e-17	-0.2181106154451786	0.008055514612344257	-0.21811061544517849	-0.00805551461234428	0.46498422669825396	5.858787943448398e-17	
6.25 	0.5345664285791413	-3.331293026228266e-17	-0.21813782666188664	0.009792124490076824	-0.21813782666188647	-0.009792124490076846	0.4654335714208621	6.178705186862816e-17	
6.275 	0.5340319527801264	-3.6634870270518137e-17	-0.21816862144242716	0.011463969399532637	-0.21816862144242702	-0.01146396939953266	0.465968047219877	6.510899187686364e-17	
6.3 	0.533415709914287	-3.7779678535088346e-17	-0.21819945830786447	0.0130674548249985	-0.21819945830786433	-0.013067454824998524	0.4665842900857161	6.712116187942225e-17	
6.325 	0.5327210966725914	-4.3116518668219434e-17	-0.21823110563195042	0.014602899519156455	-0.2182311056319503	-0.014602899519156477	0.4672789033274118	7.072327853657654e-17	
6.35 	0.5319516072065691	-4.48757490770445e-17	-0.21826480679672036	0.01606664085853016	-0.2182648067967202	-0.016066640858530185	0.468048392793434	7.508459415936681e-17	
6.375 	0.5311109548225521	-4.8430693339166575e-17	-0.21829115684497521	0.01745356923300408	-0.2182911568449751	-0.017453569233004104	0.46888904517745106	7.690481494551208e-17	
6.4 	0.5302030437991334	-5.4561812942132816e-17	-0.21830834344778682	0.01876260611864727	-0.21830834344778668	-0.018762606118647294	0.46979695620086953	8.303593454847832e-17	
6.425 	0.5292317475860316	-5.2685303671299366e-17	-0.2183457516541811	0.019993854745623693	-0.218345751654181	-0.019993854745623717	0.4707682524139714	8.289414875362168e-17	
6.45 	0.5282009977624708	-5.2085854255405846e-17	-0.21838249033900473	0.021145287502497702	-0.21838249033900461	-0.021145287502497726	0.47179900223753246	8.229469933772817e-17	
6.475 	0.5271149189426335	-5.228195951131969e-17	-0.21840213168913974	0.022212287786492167	-0.2184021316891396	-0.022212287786492188	0.47288508105736954	8.32093505843586e-17	
6.5 	0.525977730268743	-5.4608033438454064e-17	-0.21841362947630122	0.02319553318696703	-0.2184136294763012	-0.02319553318696705	0.47402226973126016	8.553542451149297e-17	
6.525 	0.5247935895474557	-5.677926269375339e-17	-0.21845544527829414	0.024095936003987354	-0.21845544527829408	-0.024095936003987375	0.4752064104525475	8.770665376679228e-17	
6.55 	0.5235666571561641	-5.953830703981262e-17	-0.2184906878561565	0.024911976013339377	-0.21849068785615644	-0.024911976013339398	0.4764333428438391	9.046569811285152e-17	
6.575 	0.5223012622116573	-6.101935868101984e-17	-0.2185011126537575	0.025640565945960057	-0.2185011126537575	-0.02564056594596008	0.4776987377883457	9.368147323003555e-17	
6.6 	0.5210017386871634	-6.126562473163456e-17	-0.21851024237728262	0.02628302258942813	-0.21851024237728262	-0.026283022589428155	0.4789982613128397	9.392773928065026e-17	
6.625 	0.5196723216513494	-5.844978206834972e-17	-0.21853922562703287	0.026842143020364372	-0.21853922562703285	-0.026842143020364397	0.4803276783486536	9.284662009334224e-17	
6.65 	0.5183172170856194	-6.139135603354419e-17	-0.2185937550213962	0.027315697576856996	-0.21859375502139614	-0.02731569757685702	0.4816827829143835	9.405347058255989e-17	
6.675 	0.5169407431889479	-6.15928971066607e-17	-0.2185946545692041	0.02770279242944667	-0.21859465456920402	-0.02770279242944669	0.48305925681105477	9.252028817969961e-17	
6.7 	0.5155471762101628	-6.444263175387571e-17	-0.21859837982035946	0.028005627300279792	-0.21859837982035943	-0.028005627300279817	0.48445282378984	9.537002282691461e-17	
6.725 	0.5141406247561536	-6.411783790600691e-17	-0.21863561393719325	0.028227699014601038	-0.21863561393719325	-0.02822769901460106	0.4858593752438491	9.504522897904582e-17	
6.75 	0.512725168451849	-6.16440568989757e-17	-0.2186972170973739	0.028367121111776923	-0.2186972170973739	-0.028367121111776947	0.4872748315481536	9.604089492396822e-17	
6.775 	0.5113049298343054	-6.14449956427698e-17	-0.21867754237251436	0.02842441914476236	-0.21867754237251436	-0.028424419144762385	0.4886950701656969	9.584183366776232e-17	
6.8 	0.5098839540131328	-6.295522614419804e-17	-0.2186754345131855	0.028403106531626077	-0.21867543451318552	-0.0284031065316261	0.4901160459868697	9.735206416919055e-17	
6.825 	0.5084660587064687	-6.316272113231718e-17	-0.21872750791266504	0.02830613424214576	-0.21872750791266504	-0.028306134242145783	0.4915339412935341	9.75595591573097e-17	
6.85 	0.5070550281376148	-6.167374344516283e-17	-0.21875536598525755	0.02813350214805348	-0.21875536598525758	-0.028133502148053505	0.4929449718623877	9.607058147015535e-17	
6.875 	0.5056546488686772	-6.127888319965164e-17	-0.21875089038582726	0.027885514768871248	-0.2187508903858273	-0.027885514768871272	0.4943453511313254	9.567572122464415e-17	
6.9 	0.5042685627760373	-5.839659763313542e-17	-0.21874823653358333	0.02756742595870479	-0.21874823653358333	-0.027567425958704813	0.4957314372239653	9.279343565812793e-17	
6.925 	0.502900175425676	-5.84122527242471e-17	-0.21880975972663327	0.027182075435301798	-0.21880975972663333	-0.027182075435301822	0.49709982457432655	9.28090907492396e-17	
6.95 	0.5015528282462124	-5.974118790279379e-17	-0.21883447347011192	0.02673020396109432	-0.21883447347011198	-0.02673020396109434	0.4984471717537905	9.24033024518095e-17	
6.975 	0.5002298490436418	-5.4805507419004704e-17	-0.21883132961249124	0.026212654405950307	-0.21883132961249127	-0.026212654405950334	0.499770150956361	9.093706891997402e-17	
7.0 	0.4989343473630637	-5.3244210072413724e-17	-0.2188232803966818	0.02563564065537567	-0.21882328039668186	-0.025635640655375696	0.5010656526369391	8.764104809740624e-17	
7.025 	0.49766921178212137	-4.946969555487011e-17	-0.21888161171206205	0.025002369997446296	-0.2188816117120622	-0.02500236999744632	0.5023307882178816	8.560125705583943e-17	
7.05 	0.49643723635712034	-4.6063248319126957e-17	-0.21890776731899075	0.024312865968366466	-0.2189077673189908	-0.024312865968366494	0.5035627636428823	8.392953329607309e-17	
7.075 	0.49524117943094714	-4.5836171022229425e-17	-0.218873458576749	0.023570174097948274	-0.21887345857674909	-0.0235701740979483	0.5047588205690555	8.370245599917556e-17	
7.1 	0.49408354846396163	-4.3843885310808193e-17	-0.21889255770702754	0.02277983656188775	-0.2188925577070277	-0.022779836561887777	0.5059164515360411	8.171017028775433e-17	
7.125 	0.492966613711128	-4.2896508498205704e-17	-0.21894585723385648	0.021945590900584757	-0.21894585723385665	-0.02194559090058478	0.507033386288875	7.902806999917503e-17	
7.15 	0.4918925653828341	-3.9037999346890203e-17	-0.21896811897715773	0.021067355270615557	-0.21896811897715787	-0.02106735527061558	0.5081074346171687	7.516956084785953e-17	
7.175 	0.49086351428060465	-3.695153841312402e-17	-0.2189371381822392	0.02014929351396543	-0.21893713818223937	-0.02014929351396546	0.5091364857193982	7.308309991409335e-17	
7.2 	0.4898813162997117	-3.5954261293337473e-17	-0.21896564692615256	0.019196664114935282	-0.21896564692615264	-0.019196664114935306	0.5101186837002912	7.20858227943068e-17	
7.225 	0.4889475672752424	-3.5897412598471047e-17	-0.21901271802556319	0.018213180757207743	-0.21901271802556324	-0.018213180757207768	0.5110524327247606	7.202897409944037e-17	
7.25 	0.4880638205856311	-3.422983859203206e-17	-0.21902231417170007	0.017199291535016967	-0.21902231417170018	-0.017199291535016994	0.5119361794143718	7.036140009300138e-17	
7.275 	0.48723150354290057	-3.188614515034121e-17	-0.21899917150399384	0.01615860607976999	-0.21899917150399392	-0.016158606079770016	0.5127684964571023	6.801770665131054e-17	
7.3 	0.4864517841319451	-2.7199076054159145e-17	-0.21900621272341	0.01509771206760299	-0.21900621272341012	-0.015097712067603018	0.5135482158680578	6.419799929311687e-17	
7.325 	0.4857255907705803	-2.24977390061901e-17	-0.21906897417085783	0.014018731593116182	-0.219068974170858	-0.01401873159311621	0.5142744092294227	6.036402398313623e-17	
7.35 	0.4850538073757336	-1.9312939763892952e-17	-0.21906601387479946	0.012922870838813725	-0.21906601387479957	-0.012922870838813754	0.5149461926242695	5.804658647882748e-17	
7.375 	0.48443719022801324	-1.5935855808222822e-17	-0.2190500089161349	0.011813833100333303	-0.21905000891613507	-0.011813833100333331	0.51556280977199	5.3802140785168953e-17	
7.4 	0.4838762161894758	-1.1581217211993331e-17	-0.21906559685685909	0.010698311160312323	-0.21906559685685925	-0.01069831116031235	0.5161237838105273	4.944750218893946e-17	
7.425 	0.483371167590174	-1.0313380310396156e-17	-0.21912176218513477	0.009577375094044323	-0.21912176218513493	-0.009577375094044351	0.516628832409829	4.817966528734229e-17	
7.45 	0.4829222692342821	-8.063226425644286e-18	-0.21911078673368584	0.008452588386394531	-0.21911078673368595	-0.008452588386394561	0.5170777307657208	4.5929511402590416e-17	
7.475 	0.4825296400555149	-4.271517199271614e-18	-0.21909629699886846	0.007328118253898339	-0.21909629699886862	-0.007328118253898367	0.5174703599444881	4.3005163914206146e-17	
7.5 	0.48219309712063313	-1.3634453951325527e-18	-0.21912141964924817	0.0062091379352342884	-0.2191214196492483	-0.006209137935234317	0.5178069028793697	3.966341124107289e-17	
7.525 	0.4819123096734075	2.0276709865761006e-18	-0.2191485261683974	0.0050975683339032135	-0.2191485261683976	-0.005097568333903243	0.5180876903265951	3.6705975728358435e-17	
7.55 	0.4816869097601784	5.214008903716732e-18	-0.21915541595514018	0.0039935208691936844	-0.2191554159551403	-0.003993520869193713	0.5183130902398243	3.35196378112178e-17	
7.575 	0.48151640282028657	9.516145813751868e-18	-0.21914580272567413	0.002902056850495434	-0.21914580272567427	-0.0029020568504954636	0.5184835971797163	2.965118177017687e-17	
7.6 	0.48140002605044113	1.3478933142322828e-17	-0.2191696663388934	0.0018275350200660594	-0.21916966633889354	-0.0018275350200660887	0.5185999739495618	2.6211893559439684e-17	
7.625 	0.48133688905568695	1.7350981065013594e-17	-0.2191949003282062	0.0007712215924555035	-0.21919490032820635	-0.000771221592455533	0.5186631109443159	2.255668607124602e-17	
7.65 	0.48132610033022716	2.1051205382756485e-17	-0.21919911727180383	-0.0002671074560692981	-0.219199117271804	0.00026710745606926855	0.5186738996697758	1.9041546641585847e-17	
7.675 	0.481366621069287	2.457245514788548e-17	-0.21919083639104947	-0.0012820413578881575	-0.2191908363910497	0.0012820413578881276	0.5186333789307159	1.5922222199036674e-17	
7.7 	0.48145719215829047	2.852609687543438e-17	-0.2192126280130325	-0.002270118653768181	-0.21921262801303268	0.0022701186537681514	0.5185428078417125	1.2121909813156114e-17	
7.725 	0.48159644111074257	3.2534029778341515e-17	-0.2192297178230473	-0.0032314666395703126	-0.21922971782304737	0.0032314666395702827	0.5184035588892604	8.330817344746079e-18	
7.75 	0.48178303643326004	3.564022643059439e-17	-0.21922866229785332	-0.004165063844660538	-0.21922866229785348	0.004165063844660508	0.5182169635667432	5.007780257996099e-18	
7.775 	0.48201549486399015	3.862215272935355e-17	-0.2192360881324495	-0.005067329470127357	-0.21923608813244963	0.0050673294701273274	0.5179845051360132	2.459534828231142e-18	
7.8 	0.4822921306934711	4.30816757618729e-17	-0.21924748711857256	-0.005934403888221138	-0.21924748711857273	0.005934403888221107	0.5177078693065322	-5.193090996264504e-19	
7.825 	0.482611214384849	4.4799014958314896e-17	-0.21925964585546806	-0.006767678900920431	-0.21925964585546823	0.006767678900920401	0.5173887856151542	-2.2366482960684508e-18	
7.85 	0.4829710465975109	4.729397476595958e-17	-0.2192675990844113	-0.007566263133979032	-0.21926759908441135	0.0075662631339790025	0.5170289534024923	-4.731608103713137e-18	
7.875 	0.4833698081275021	4.985500244769619e-17	-0.2192744613114945	-0.008326660183015942	-0.21927446131149458	0.008326660183015913	0.5166301918725015	-7.292635785449745e-18	
7.9 	0.48380549270615153	5.307993249810612e-17	-0.21928017021716056	-0.009046098384843788	-0.2192801702171606	0.009046098384843758	0.5161945072938517	-1.0517565835859673e-17	
7.925 	0.48427611013486904	5.60844749405363e-17	-0.21928736694040252	-0.009726577630802116	-0.21928736694040252	0.009726577630802084	0.5157238898651343	-1.3522108278289866e-17	
7.95 	0.48477970238728585	5.773783337555709e-17	-0.21930371478786592	-0.010367597096967393	-0.21930371478786603	0.010367597096967362	0.5152202976127175	-1.430810497532224e-17	
7.975 	0.4853142170486486	6.104885063560398e-17	-0.21931538094122818	-0.010965386033470102	-0.21931538094122835	0.010965386033470071	0.5146857829513547	-1.7619122235369132e-17	
8.0 	0.4858774383726741	6.46644727834496e-17	-0.21930587607945823	-0.011519276220576656	-0.21930587607945837	0.011519276220576627	0.5141225616273292	-2.0875471387856452e-17	
8.025 	0.4864664783636258	6.543186685656031e-17	-0.21932308622820074	-0.012031953611215717	-0.21932308622820085	0.012031953611215687	0.5135335216363773	-1.990814198499036e-17	
8.05 	0.4870803312166316	6.638924106301128e-17	-0.21934199749319078	-0.012502294960419024	-0.21934199749319083	0.012502294960418993	0.5129196687833717	-2.173287792942973e-17	
8.075 	0.4877167340179879	6.830813592489093e-17	-0.21935445522300076	-0.012926312679657173	-0.21935445522300084	0.012926312679657142	0.5122832659820149	-2.365177279130938e-17	
8.1 	0.4883727869914209	6.863438675878963e-17	-0.21933095403506933	-0.01330583526292094	-0.21933095403506933	0.013305835262920911	0.5116272130085818	-2.3110661887219673e-17	
8.125 	0.48904702852928067	7.227512522497409e-17	-0.21934882859282442	-0.013641233098784256	-0.21934882859282448	0.013641233098784226	0.5109529714707222	-2.6751400353404134e-17	
8.15 	0.48973665310776904	7.578473402073952e-17	-0.2193699634461873	-0.013934343680251418	-0.21936996344618742	0.013934343680251388	0.5102633468922337	-3.026100914916957e-17	
8.175 	0.490439900901078	7.710956305025621e-17	-0.21937627625875458	-0.014181228663045185	-0.21937627625875458	0.014181228663045152	0.5095600990989251	-3.071847644069785e-17	
8.2 	0.49115441495208173	7.841851873305656e-17	-0.21936403737023807	-0.014382476323849156	-0.21936403737023807	0.014382476323849125	0.5088455850479215	-3.202743212349821e-17	
8.225 	0.49187774205155	7.836938694977281e-17	-0.21936828905030806	-0.014542574596739301	-0.2193682890503081	0.01454257459673927	0.5081222579484532	-3.1978300340214454e-17	
8.25 	0.49260812123594155	7.76581731154129e-17	-0.2194064186797459	-0.014659591554611029	-0.21940641867974595	0.014659591554610996	0.5073918787640618	-3.039972476786614e-17	
8.275 	0.493343142711781	7.767970882098028e-17	-0.21938622882188866	-0.01473331391058674	-0.21938622882188877	0.014733313910586706	0.5066568572882225	-3.042126047343352e-17	
8.3 	0.49408076074406976	7.752580812051158e-17	-0.2193640759653261	-0.01476360557417055	-0.2193640759653261	0.01476360557417052	0.5059192392559334	-3.026735977296482e-17	
8.325 	0.49481887262819263	7.972399746289663e-17	-0.21935915995920435	-0.01475461863093539	-0.2193591599592043	0.014754618630935357	0.5051811273718106	-3.159818737736147e-17	
8.35 	0.49555555988156363	7.81429031969016e-17	-0.21942467162721746	-0.014706528387329753	-0.21942467162721752	0.014706528387329722	0.5044444401184396	-3.175181658734324e-17	
8.375 	0.4962887148719803	8.014516335636855e-17	-0.21939817366733222	-0.014616721759028208	-0.21939817366733216	0.014616721759028175	0.5037112851280232	-3.201935327083339e-17	
8.4 	0.49701648757501526	7.84366208596465e-17	-0.21939951422531265	-0.014489096938033928	-0.2193995142253127	0.014489096938033897	0.5029835124249884	-3.204553425008815e-17	
8.425 	0.4977368982197314	7.808290824957708e-17	-0.21944506542799797	-0.014325633129845387	-0.21944506542799797	0.014325633129845354	0.5022631017802722	-3.082445990203033e-17	
8.45 	0.49844813777605196	7.93490065589501e-17	-0.21945759409543666	-0.014127011269683812	-0.21945759409543672	0.01412701126968378	0.5015518622239515	-3.2090558211403355e-17	
8.475 	0.49914872955345396	7.980079008967871e-17	-0.21943926763223282	-0.013892259739934564	-0.21943926763223282	0.01389225973993453	0.5008512704465496	-3.167498000414354e-17	
8.5 	0.49983645545934524	8.003274724002157e-17	-0.21940378293188004	-0.013623940916217488	-0.21940378293188	0.013623940916217455	0.5001635445406584	-3.190693715448642e-17	
8.525 	0.5005102786611476	7.935381200779051e-17	-0.21944437879046683	-0.013326194904550991	-0.21944437879046677	0.013326194904550956	0.49948972133885605	-3.036064018426695e-17	
8.55 	0.5011683059209314	7.829753199064197e-17	-0.21947070167335284	-0.012998336340471307	-0.2194707016733527	0.012998336340471274	0.49883169407907213	-3.103908364309521e-17	
8.575 	0.5018089530118277	7.737414197085764e-17	-0.21945632072565346	-0.01263946905003331	-0.21945632072565335	0.012639469050033277	0.49819104698817573	-2.924833188532248e-17	
8.6 	0.5024311375251003	7.83956468494417e-17	-0.2194299144697111	-0.012253887948919701	-0.21942991446971113	0.012253887948919667	0.49756886247490295	-2.9402475025918135e-17	
8.625 	0.5030332254740748	7.602978433506213e-17	-0.2194857105725051	-0.011844732022151801	-0.2194857105725051	0.011844732022151767	0.4969667745259283	-2.703661251153856e-17	
8.65 	0.5036144582627576	7.449285341664641e-17	-0.21950859899895925	-0.011411713466387075	-0.21950859899895908	0.01141171346638704	0.49638554173724564	-2.549968159312284e-17	
8.675 	0.5041734165395605	7.296652263413358e-17	-0.219468321848032	-0.01095495616743549	-0.219468321848032	0.010954956167435454	0.49582658346044284	-2.310598907262161e-17	
8.7 	0.5047087584683859	7.143668185499136e-17	-0.2194383908111497	-0.01047780354144285	-0.21943839081114963	0.010477803541442815	0.49529124153161735	-2.244351003146779e-17	
8.725 	0.5052200544973775	7.273504991192769e-17	-0.2194865962637779	-0.009984388126983962	-0.21948659626377778	0.009984388126983929	0.49477994550262605	-2.1647881617069022e-17	
8.75 	0.5057059708902115	7.084833724961513e-17	-0.21950050344662722	-0.009472976293872629	-0.21950050344662714	0.009472976293872596	0.49429402910979175	-2.062853069274486e-17	
8.775 	0.5061661452738165	6.915584040049037e-17	-0.21947448307205705	-0.00894535461370331	-0.2194744830720569	0.008945354613703277	0.49383385472618674	-1.8068672105631697e-17	
8.8 	0.5065995745581138	6.751647112955721e-17	-0.2194727171980653	-0.008404523509178186	-0.2194727171980652	0.008404523509178152	0.4934004254418898	-1.5561941096710144e-17	
8.825 	0.5070054508639482	6.676211296829503e-17	-0.21950152034807402	-0.00785416440768958	-0.21950152034807396	0.007854164407689544	0.4929945491360555	-1.4807582935447955e-17	
8.85 	0.5073838045457556	6.420768195230939e-17	-0.21953374209464155	-0.007293198572508637	-0.2195337420946415	0.007293198572508602	0.49261619545424795	-1.2253151919462316e-17	
8.875 	0.5077335640139047	6.173023465381913e-17	-0.219511599218291	-0.006722182780119701	-0.21951159921829094	0.006722182780119665	0.4922664359860988	-9.342023751977853e-18	
8.9 	0.5080549052962248	5.842004810603498e-17	-0.21947863323908073	-0.006146264095292571	-0.21947863323908068	0.006146264095292535	0.4919450947037787	-5.598156335199506e-18	
8.925 	0.5083473646989776	5.82241847032696e-17	-0.21953084269858952	-0.005566856436901283	-0.21953084269858936	0.005566856436901247	0.4916526353010259	-5.40229293243412e-18	
8.95 	0.5086104727369748	5.576710649099206e-17	-0.21954430892540547	-0.004983841972135049	-0.21954430892540536	0.004983841972135013	0.49138952726302876	-2.945214720156587e-18	
8.975 	0.5088446202332264	5.4451558076176677e-17	-0.2195073503509757	-0.004397591429506779	-0.21950735035097566	0.004397591429506744	0.4911553797667774	-1.6296663053412046e-18	
9.0 	0.509049201519185	5.241634721760495e-17	-0.21951294837866495	-0.0038133188388981207	-0.21951294837866484	0.0038133188388980847	0.49095079848081885	8.392254222247266e-19	
9.025 	0.5092249351004418	5.0517730203507194e-17	-0.21953465170205927	-0.003232164745471154	-0.21953465170205927	0.003232164745471117	0.49077506489956185	3.1715233053166822e-18	
9.05 	0.5093716770117558	4.908315341969722e-17	-0.21954231782976813	-0.0026531411408860415	-0.21954231782976807	0.002653141140886005	0.49062832298824766	4.912758772463331e-18	
9.075 	0.5094892573080847	4.758886720195439e-17	-0.21951281489326635	-0.0020779879356400063	-0.21951281489326632	0.00207798793563997	0.4905107426919188	6.840725859200363e-18	
9.1 	0.5095785539049025	4.649627066081453e-17	-0.21952772270147136	-0.0015104390082402537	-0.2195277227014713	0.0015104390082402168	0.49042144609510113	8.150162834837327e-18	
9.125 	0.5096394409881498	4.487517775341116e-17	-0.21953439440570865	-0.0009523568238805619	-0.2195343944057086	0.0009523568238805251	0.49036055901185366	9.97879519253331e-18	
9.15 	0.5096728930789526	4.3361426047227285e-17	-0.2195576199709591	-0.0004016209624516184	-0.2195576199709591	0.00040162096245158137	0.4903271069210506	1.176359744183856e-17	
9.175 	0.5096790398095312	4.173331106526024e-17	-0.21953636035459734	0.00013940594332559775	-0.2195363603545972	-0.00013940594332563486	0.49032096019047217	1.3631007420512594e-17	
9.2 	0.5096582010320968	4.011093649047555e-17	-0.21954299537726205	0.0006670600074098754	-0.21954299537726202	-0.0006670600074099127	0.4903417989679065	1.554688710062856e-17	
9.225 	0.5096116116923017	3.874004916996016e-17	-0.21955620312029356	0.0011806867639022618	-0.21955620312029356	-0.001180686763902299	0.4903883883077016	1.7080404747016772e-17	
9.25 	0.5095394039782514	3.675197580163702e-17	-0.21956258517015598	0.0016820306962893818	-0.21956258517015592	-0.0016820306962894195	0.49046059602175185	1.928531854983702e-17	
9.275 	0.5094427401455827	3.5183898788997456e-17	-0.21954489506439837	0.0021688922430553995	-0.21954489506439842	-0.0021688922430554373	0.4905572598544206	2.1376894680310353e-17	
9.3 	0.5093221801665749	3.429097408847432e-17	-0.21955262949863708	0.002637870418024892	-0.21955262949863696	-0.0026378704180249303	0.4906778198334285	2.2703500249827697e-17	
9.325 	0.5091784218522875	3.283320150447291e-17	-0.21956543692256036	0.0030887871050977274	-0.21956543692256034	-0.003088787105097765	0.49082157814771643	2.4467931517165772e-17	
9.35 	0.5090127510354128	3.2261739002184115e-17	-0.2195630074999387	0.003523684705127939	-0.21956300749993873	-0.0035236847051279773	0.490987248964591	2.5473074888448777e-17	
9.375 	0.5088255888571249	3.000796536708831e-17	-0.21956150217305248	0.003940079796674348	-0.21956150217305243	-0.003940079796674386	0.491174411142879	2.794368895804168e-17	
9.4 	0.5086183555614212	2.982401601697097e-17	-0.21956213685902246	0.004335062138757698	-0.21956213685902234	-0.004335062138757737	0.49138164443858257	2.856131917715323e-17	
9.425 	0.5083919091425589	2.8688232228902873e-17	-0.2195660175585247	0.0047097338458351595	-0.21956601755852467	-0.0047097338458351986	0.49160809085744495	2.969710296522132e-17	
9.45 	0.508147047773214	2.8354596408667605e-17	-0.2195703930161122	0.0050648779759846245	-0.21957039301611214	-0.005064877975984663	0.49185295222679004	3.0030738785456587e-17	
9.475 	0.5078851137970638	2.7507167968415296e-17	-0.2195716893205081	0.005399534950550336	-0.21957168932050805	-0.005399534950550374	0.49211488620294036	3.0878167225708896e-17	
9.5 	0.5076069210692769	2.781554045921608e-17	-0.21957280624734343	0.0057098251959433926	-0.21957280624734343	-0.0057098251959434325	0.49239307893072704	3.143715647289651e-17	
9.525 	0.5073139332288573	2.6809622047490343e-17	-0.21956404139505845	0.0059983332985621045	-0.2195640413950584	-0.005998333298562144	0.4926860667711466	3.2443074884622256e-17	
9.55 	0.5070070578397078	2.6871042743253013e-17	-0.2195713444320709	0.0062662249419302	-0.2195713444320709	-0.00626622494193024	0.49299294216029627	3.2381654188859586e-17	
9.575 	0.506687242825026	2.691095331305476e-17	-0.21958389913677098	0.006510670962925365	-0.21958389913677087	-0.006510670962925405	0.4933127571749781	3.2341743619057834e-17	
9.6 	0.5063559601177591	2.7398781259079518e-17	-0.21956811775338836	0.006730762111046722	-0.21956811775338836	-0.006730762111046762	0.49364403988224514	3.272127741102148e-17	
9.625 	0.506014181706914	2.7464224058731116e-17	-0.2195671349161103	0.006927479744547545	-0.21956713491611024	-0.0069274797445475845	0.4939858182930902	3.388246934471658e-17	
9.65 	0.5056631930908554	2.7583766735192116e-17	-0.21957868960712829	0.0071036126296579434	-0.21957868960712829	-0.0071036126296579825	0.4943368069091489	3.376292666825558e-17	
9.675 	0.5053040073091096	2.842257178524859e-17	-0.2195989563450581	0.00725561540618522	-0.21959895634505816	-0.00725561540618526	0.49469599269089465	3.379148335618751e-17	
9.7 	0.5049377885942	2.833152999810795e-17	-0.21957110522514467	0.007382913785380248	-0.21957110522514472	-0.007382913785380288	0.49506221140580436	3.388252514332815e-17	
9.725 	0.5045658652917213	2.9416835677952783e-17	-0.21957190714466046	0.007487879586033037	-0.21957190714466052	-0.0074878795860330765	0.49543413470828307	3.236353859448912e-17	
9.75 	0.5041891778891722	3.0534491379322324e-17	-0.219580270819654	0.007571731043296399	-0.21958027081965403	-0.007571731043296439	0.49581082211083216	3.167956376211378e-17	
9.775 	0.5038089270166842	3.0462455101557776e-17	-0.21959992254262078	0.007632799919899038	-0.2195999225426208	-0.007632799919899078	0.4961910729833199	3.1751600039878324e-17	
9.8 	0.5034262484744398	3.195442789076338e-17	-0.2195836386093346	0.007669491800353612	-0.2195836386093346	-0.007669491800353653	0.49657375152556393	3.112698898866113e-17	
9.825 	0.5030422723518426	3.3681516874559296e-17	-0.21957205350676096	0.00768560378357471	-0.21957205350676107	-0.007685603783574751	0.4969577276481611	2.939990000486521e-17	
9.85 	0.5026580064046366	3.455226339102294e-17	-0.21961132447011997	0.007681654401822622	-0.21961132447011997	-0.007681654401822663	0.4973419935953669	2.896283435739576e-17	
9.875 	0.5022744936798543	3.450365108410059e-17	-0.21962486574497994	0.007656063101583051	-0.21962486574498	-0.007656063101583093	0.49772550632014956	2.9011446664318123e-17	
9.9 	0.5018928350580939	3.610864941525933e-17	-0.21958092689004738	0.007608214764585749	-0.21958092689004738	-0.007608214764585789	0.49810716494190976	2.8633083066506077e-17	
9.925 	0.5015140411826617	3.7377513803737705e-17	-0.2195618367431207	0.0075421363470276745	-0.21956183674312063	-0.007542136347027715	0.498485958817342	2.8231580416016107e-17	
9.95 	0.501139064628402	3.783417143939534e-17	-0.21961093982380048	0.007457919473457378	-0.21961093982380053	-0.007457919473457419	0.4988609353716018	2.7774922780358473e-17	
9.975 	0.5007687476586791	3.871312485740799e-17	-0.2196038063726731	0.0073538526286930864	-0.21960380637267302	-0.007353852628693127	0.49923125234132476	2.6895969362345822e-17	
10.0 	0.5004042085648271	3.862098568722161e-17	-0.21955748041633677	0.00723065382607405	-0.21955748041633677	-0.007230653826074091	0.4995957914351767	2.69881085325322e-17	
10.025 	0.5000461856278885	4.097345897970936e-17	-0.21957351055555088	0.007091367196727087	-0.21957351055555083	-0.007091367196727129	0.4999538143721152	2.5069316109038654e-17	
10.05 	0.4996954999791535	4.165820823326258e-17	-0.21960890814489245	0.006937393525795785	-0.21960890814489248	-0.006937393525795828	0.5003045000208501	2.5251928593473835e-17	
10.075 	0.4993530549977215	4.3331807973916085e-17	-0.21961350080140857	0.006765434197991597	-0.21961350080140862	-0.006765434197991639	0.5006469450022822	2.3144647983826127e-17	
10.1 	0.49901952542098504	4.2983273320260417e-17	-0.21957928789128045	0.006578169105193471	-0.21957928789128037	-0.006578169105193513	0.5009804745790187	2.3926863506476e-17	
10.125 	0.4986958065934934	4.4052718494655024e-17	-0.21957803008273544	0.006377943494500948	-0.21957803008273555	-0.00637794349450099	0.5013041934065102	2.3291099201075594e-17	
10.15 	0.49838228747490726	4.463861439159278e-17	-0.21963958471705938	0.0061658963067102125	-0.2196395847170594	-0.006165896306710254	0.5016177125250961	2.3931838037484532e-17	
10.175 	0.4980797448097633	4.532867199244197e-17	-0.21962615061044838	0.005939672715586429	-0.21962615061044838	-0.00593967271558647	0.50192025519024	2.324178043663535e-17	
10.2 	0.49778895920927474	4.558359274072458e-17	-0.21958843784818297	0.005700932207020258	-0.21958843784818302	-0.0057009322070203	0.5022110407907285	2.385422142634114e-17	
10.225 	0.49751022497732017	4.6713766046722056e-17	-0.21958417504642255	0.005453780308729146	-0.21958417504642244	-0.005453780308729188	0.5024897750226833	2.3157728989337865e-17	
10.25 	0.49724420755939625	4.6728948371468473e-17	-0.2196520547710673	0.0051970589668478276	-0.21965205477106736	-0.00519705896684787	0.5027557924406071	2.3142546664591447e-17	
10.275 	0.49699142739620716	4.708685631211287e-17	-0.21961127422852808	0.0049301918761426805	-0.21961127422852808	-0.004930191876142724	0.5030085726037961	2.2784638723947052e-17	
10.3 	0.49675224436963433	4.7220246681804974e-17	-0.21959552798125254	0.004654491918660154	-0.21959552798125248	-0.004654491918660198	0.5032477556303687	2.2651248354254947e-17	
10.325 	0.4965269699782229	4.7971052435593484e-17	-0.21960928768625818	0.004374230168051737	-0.21960928768625818	-0.004374230168051781	0.50347303002178	2.3381121705128195e-17	
10.35 	0.49631586661905014	4.789318048665093e-17	-0.21965316431595094	0.004087890149098666	-0.219653164315951	-0.004087890149098709	0.5036841333809529	2.345899365407074e-17	
10.375 	0.4961192512317657	4.750753550481654e-17	-0.21962437088713846	0.003794905651976725	-0.2196243708871385	-0.003794905651976768	0.5038807487682372	2.384463863590513e-17	
10.4 	0.49593743374647464	4.6708151867373384e-17	-0.2196003034876968	0.003497480723244935	-0.21960030348769685	-0.0034974807232449785	0.5040625662535283	2.486086270784539e-17	
10.425 	0.49577052106577457	4.7006885987278755e-17	-0.2196160452045155	0.003198573243602118	-0.2196160452045156	-0.003198573243602162	0.5042294789342285	2.4778969022437123e-17	
10.45 	0.49561860860188184	4.6972952738270864e-17	-0.21963812482389103	0.0028976068911325077	-0.21963812482389103	-0.002897606891132552	0.5043813913981212	2.5246583140439215e-17	
10.475 	0.49548184655745847	4.689965935503997e-17	-0.21963373472322917	0.0025926841988658683	-0.21963373472322922	-0.002592684198865912	0.5045181534425446	2.562653520700678e-17	
10.5 	0.4953603471293079	4.693028188519771e-17	-0.21958635686147007	0.0022878832342373406	-0.2195863568614701	-0.002287883234237385	0.5046396528706953	2.6029593545843248e-17	
10.525 	0.4952540482615349	4.686500418780251e-17	-0.21963081181270577	0.0019846251138724742	-0.2196308118127058	-0.0019846251138725185	0.5047459517384683	2.661837036107222e-17	
10.55 	0.4951628657990696	4.680344169532979e-17	-0.21964573368989773	0.0016825854412759649	-0.2196457336898977	-0.0016825854412760091	0.5048371342009335	2.700519350529059e-17	
10.575 	0.49508680920323395	4.633334862331548e-17	-0.21962989356461007	0.0013800203530068493	-0.21962989356461005	-0.0013800203530068935	0.5049131907967692	2.7737036136221793e-17	
10.6 	0.49502579345017633	4.601783014059509e-17	-0.2196019719463938	0.0010810256951879545	-0.21960197194639386	-0.001081025695187999	0.5049742065498267	2.842272439510762e-17	
10.625 	0.4949796062352431	4.5604848603634593e-17	-0.2196371247705679	0.0007870294750017747	-0.21963712477056796	-0.0007870294750018192	0.5050203937647597	2.926008581685783e-17	
10.65 	0.49494800560137686	4.515518469617135e-17	-0.21964290959325558	0.000496507793437027	-0.2196429095932555	-0.0004965077934370718	0.5050519943986259	3.0057464938276616e-17	
10.675 	0.4949308631049539	4.470904974251468e-17	-0.21961891754952936	0.0002092465906695372	-0.2196189175495294	-0.00020924659066958208	0.5050691368950487	3.0824210051576695e-17	
10.7 	0.49492793351939146	4.417954247051167e-17	-0.21961711216384525	-7.214074795294162e-05	-0.21961711216384527	7.214074795289665e-05	0.5050720664806112	3.1708690375338395e-17	
10.725 	0.4949388512016186	4.372298459660552e-17	-0.21962685138155547	-0.0003450992566135168	-0.21962685138155535	0.00034509925661347176	0.505061148798384	3.2501055133294695e-17	
10.75 	0.4949632651315097	4.334995318203278e-17	-0.21964688917332698	-0.0006127804117082798	-0.21964688917332698	0.0006127804117082346	0.5050367348684929	3.329846643265715e-17	
10.775 	0.4950009041191224	4.2797506694505814e-17	-0.2196256746721323	-0.000874221095227553	-0.21962567467213231	0.0008742210952275075	0.5049990958808803	3.419862813413966e-17	
10.8 	0.4950514042557626	4.201911584045521e-17	-0.21962389492069806	-0.0011271659507516235	-0.2196238949206981	0.0011271659507515782	0.5049485957442401	3.529297865573143e-17	
10.825 	0.4951142593576362	4.1666605561233293e-17	-0.21963480813320002	-0.001369570342830483	-0.21963480813319994	0.0013695703428304375	0.5048857406423666	3.6015658711118787e-17	
10.85 	0.4951890413264905	4.10583573193044e-17	-0.2196453155571137	-0.0016046103648726358	-0.21964531555711375	0.00160461036487259	0.5048109586735123	3.7102496946461666e-17	
10.875 	0.4952753600032219	4.046493471737187e-17	-0.21963016938027136	-0.0018315918105297172	-0.2196301693802713	0.0018315918105296714	0.5047246399967809	3.79127599828913e-17	
10.9 	0.49537275140277165	4.0155269344327446e-17	-0.21962888440014464	-0.0020473463688951313	-0.21962888440014464	0.0020473463688950853	0.5046272485972311	3.854768600768137e-17	
10.925 	0.49548061342872324	3.993637281278383e-17	-0.21963814483031527	-0.002251854809277115	-0.21963814483031527	0.002251854809277069	0.5045193865712796	3.907324122256166e-17	
10.95 	0.49559844749051374	3.880025876967136e-17	-0.21963843366619829	-0.0024468520694262475	-0.21963843366619817	0.002446852069426201	0.5044015525094893	4.0643036134668334e-17	
10.975 	0.4957257946213249	3.79616102669631e-17	-0.21963726440915107	-0.0026327403838395476	-0.21963726440915102	0.0026327403838395016	0.5042742053786782	4.1788343320713266e-17	
11.0 	0.49586209512081647	3.775619200666084e-17	-0.21963596889271497	-0.002805478355089007	-0.21963596889271486	0.0028054783550889605	0.5041379048791866	4.1903943332175957e-17	
11.025 	0.4960067022177353	3.676109651683382e-17	-0.21963505464491112	-0.002966247719643884	-0.21963505464491118	0.0029662477196438376	0.5039932977822676	4.3946037057670526e-17	
11.05 	0.49615905971493196	3.6094239718013903e-17	-0.2196389747741662	-0.003116537358921927	-0.21963897477416613	0.00311653735892188	0.5038409402850709	4.4829734290987544e-17	
11.075 	0.4963186760661678	3.566122386509986e-17	-0.21964242348424576	-0.0032565397259524563	-0.21964242348424576	0.0032565397259524094	0.5036813239338352	4.547959057839869e-17	
11.1 	0.4964849213475735	3.5342960521929525e-17	-0.219642977763527	-0.0033827057891828473	-0.21964297776352698	0.0033827057891828	0.5035150786524294	4.6014694356066124e-17	
11.125 	0.49665713275433476	3.437776719613062e-17	-0.21963462033664327	-0.003496138715119818	-0.21963462033664324	0.003496138715119771	0.5033428672456681	4.719672811636214e-17	
11.15 	0.4968347344542478	3.398614257608729e-17	-0.2196387498138125	-0.0035994428850916506	-0.21963874981381248	0.0035994428850916037	0.503165265545755	4.841851053757591e-17	
11.175 	0.4970172132292051	3.410342849450029e-17	-0.2196540919639448	-0.0036912470194748223	-0.2196540919639447	0.003691247019474775	0.5029827867707978	4.873490548815711e-17	
11.2 	0.49720391672283315	3.3483758917570276e-17	-0.2196429815221267	-0.003769403458887961	-0.21964298152212663	0.003769403458887914	0.5027960832771701	4.9354575065087125e-17	
11.225 	0.49739417725105345	3.2559389508049574e-17	-0.21962923601323234	-0.0038347966144948987	-0.21962923601323223	0.003834796614494851	0.5026058227489495	5.0495784909104934e-17	
11.25 	0.49758744193291277	3.131682638499906e-17	-0.2196395814786964	-0.003890411108618827	-0.2196395814786964	0.003890411108618779	0.5024125580670903	5.173834803215544e-17	
11.275 	0.4977831879459899	3.1869285086433154e-17	-0.2196574455542179	-0.003934327597803976	-0.21965744555421793	0.003934327597803928	0.5022168120540128	5.140272976521845e-17	
11.3 	0.49798077629137244	3.2141969264555245e-17	-0.21963880729602164	-0.003964872109204893	-0.21963880729602153	0.003964872109204845	0.5020192237086304	5.2177043822763914e-17	
11.325 	0.4981795582869118	3.0766048421265934e-17	-0.2196311881266275	-0.003983534571665476	-0.21963118812662744	0.003983534571665428	0.501820441713091	5.3552964666053225e-17	
11.35 	0.4983790268194	2.9007539054098664e-17	-0.21964789185518424	-0.0039928046873831365	-0.21964789185518416	0.003992804687383088	0.501620973180603	5.574515490221469e-17	
11.375 	0.4985786789505117	2.676738651022853e-17	-0.2196651307496547	-0.003991182082656824	-0.2196651307496547	0.003991182082656776	0.501421321049491	5.841898831507904e-17	
11.4 	0.4987779024956182	2.595488675598845e-17	-0.21964743680609283	-0.00397662348847226	-0.2196474368060929	0.003976623488472212	0.5012220975043842	5.923148806931911e-17	
11.425 	0.498976107562213	2.4329721139550734e-17	-0.2196215208786435	-0.0039516702808660605	-0.21962152087864337	0.003951670280866012	0.5010238924377893	6.129033455475102e-17	
11.45 	0.49917283766350773	2.3395460633791296e-17	-0.21964685291776098	-0.003918235684346463	-0.2196468529177609	0.0039182356843464146	0.5008271623364947	6.327159329617802e-17	
11.475 	0.49936764111603826	2.2315820164205738e-17	-0.21966994426632436	-0.003874661136265582	-0.21966994426632436	0.003874661136265533	0.5006323588839642	6.435123376576357e-17	
11.5 	0.4995599460698883	2.1242292568271438e-17	-0.21963679551386175	-0.003819497968241545	-0.21963679551386164	0.003819497968241496	0.5004400539301145	6.564160179619498e-17	
11.525 	0.4997492454841561	2.079998061892762e-17	-0.21961740008021316	-0.0037553596476850677	-0.2196174000802131	0.0037553596476850182	0.5002507545158468	6.6517594614533e-17	
11.55 	0.49993515084197954	2.0309305774172795e-17	-0.21965452859004048	-0.0036843454900266615	-0.2196545285900404	0.003684345490026612	0.5000648491580233	6.722510989378492e-17	
11.575 	0.5001172710911901	1.9850992420462343e-17	-0.21968499813319364	-0.0036038762861201248	-0.2196849981331936	0.0036038762861200753	0.49988272890881286	6.768342324749538e-17	
11.6 	0.5002951046084968	1.8966952865669613e-17	-0.2196313347290547	-0.0035140000503182524	-0.2196313347290546	0.003514000050318203	0.4997048953915063	6.878430323678521e-17	
11.625 	0.5004682271971813	1.8806008533557992e-17	-0.21963768600883257	-0.003416495138164262	-0.21963768600883252	0.003416495138164212	0.4995317728028218	6.999224580456437e-17	
11.65 	0.5006363485124374	1.7862170203262627e-17	-0.21965422463760215	-0.0033140382764621883	-0.2196542246376021	0.0033140382764621384	0.49936365148756556	7.115292456935685e-17	
11.675 	0.5007991325805674	1.7441892259541472e-17	-0.21968277216489338	-0.0032033498283732713	-0.21968277216489332	0.0032033498283732214	0.4992008674194355	7.17900429475751e-17	
11.7 	0.5009561748114488	1.738927724189264e-17	-0.21962843614033056	-0.0030850390598294	-0.21962843614033062	0.0030850390598293497	0.49904382518855434	7.205949839972103e-17	
11.725 	0.5011071364295644	1.7082324405860583e-17	-0.2196279050640229	-0.002961313298282401	-0.21962790506402288	0.0029613132982823503	0.4988928635704389	7.258329167025019e-17	
11.75 	0.5012518353093736	1.7554727406398738e-17	-0.21965674324206255	-0.0028340199746226926	-0.2196567432420626	0.0028340199746226414	0.4987481646906297	7.276140997320333e-17	
11.775 	0.5013899992685108	1.7794083220955718e-17	-0.2196809305670461	-0.0027004657160875356	-0.21968093056704605	0.002700465716087485	0.4986100007314925	7.282871284198304e-17	
11.8 	0.5015213234991607	1.7846808303493198e-17	-0.21963665041772581	-0.0025607698550032367	-0.21963665041772576	0.002560769855003186	0.49847867650084265	7.277598775944556e-17	
11.825 	0.5016455738117261	1.824359596302827e-17	-0.2196249851103157	-0.002418554717374209	-0.21962498511031564	0.0024185547173741577	0.49835442618827713	7.281288096890468e-17	
11.85 	0.5017626606783463	1.8610442168196283e-17	-0.21967789263371648	-0.002273786239553196	-0.21967789263371654	0.002273786239553145	0.4982373393216571	7.318637431606754e-17	
11.875 	0.5018724002848419	1.8760409816815037e-17	-0.21966315386517038	-0.0021249488496877162	-0.21966315386517032	0.0021249488496876646	0.49812759971516185	7.303640666744879e-17	
11.9 	0.501974571685948	1.9881191100477446e-17	-0.21963376195065124	-0.001971696505348807	-0.21963376195065126	0.0019716965053487552	0.49802542831405566	7.213246581828348e-17	
11.925 	0.5020690635517712	2.058944110091417e-17	-0.21962806699147921	-0.0018182216911203988	-0.21962806699147921	0.001818221691120347	0.49793093644823233	7.174947646959242e-17	
11.95 	0.5021558647459594	2.179464671242256e-17	-0.21967345577311417	-0.0016637809597375946	-0.21967345577311423	0.001663780959737543	0.4978441352540441	7.095934975866925e-17	
11.975 	0.5022348857504476	2.2806842294584675e-17	-0.21965660728345374	-0.0015068831385366577	-0.21965660728345376	0.0015068831385366057	0.497765114249556	7.027241482825278e-17	
