0.0 	1.0	0.0	-2.5860532068485732e-17	0.0	-2.509858598950547e-17	0.0	-8.783069273710706e-19	0.0	
0.025 	0.9993343029585565	1.1630189528308382e-18	0.0006559461660168082	0.02493585619036634	0.0006559461660167793	-0.024935856190366344	0.0006656970414434094	1.2703349990532575e-18	
0.05 	0.9974286220036133	-2.8456716665928534e-18	0.0024862325029582663	0.04958186425229149	0.002486232502958303	-0.04958186425229149	0.002571377996386519	-2.7875956006676606e-18	
0.075 	0.9943146935567754	3.665998161304e-18	0.0053844914793235955	0.07375351297362419	0.005384491479323612	-0.0737535129736242	0.005685306443224316	2.4253460658183273e-18	
0.1 	0.9899965000181281	4.064516760196159e-18	0.009281564265460455	0.09728574483913757	0.009281564265460496	-0.09728574483913757	0.0100034999818718	6.942282156860017e-18	
0.125 	0.9845216753909626	-7.416015751011274e-19	0.01408624509666759	0.12004821205696783	0.014086245096667591	-0.12004821205696783	0.015478324609037336	1.2965348077939779e-18	
0.15 	0.9779534592428758	1.0902770865158253e-18	0.019722601815357635	0.14194241134740876	0.01972260181535763	-0.14194241134740876	0.022046540757124262	-1.834761892642957e-18	
0.175 	0.9702947924983156	3.826548337755641e-18	0.026120847674466704	0.16283676390597457	0.026120847674466714	-0.16283676390597457	0.029705207501684407	3.91745984948344e-18	
0.2 	0.9616194453899839	7.169312249262581e-18	0.03318231286336588	0.18266721231608807	0.03318231286336589	-0.18266721231608807	0.038380554610016084	1.3299937044058902e-17	
0.225 	0.9519826943155788	9.872813541758766e-18	0.040847447821478484	0.20135473237694057	0.04084744782147847	-0.20135473237694057	0.04801730568442126	8.775746145668782e-18	
0.25 	0.941443742920071	6.501905503988959e-18	0.04907309709868516	0.2188275797951243	0.049073097098685126	-0.2188275797951243	0.058556257079929064	-7.081140540141838e-19	
0.275 	0.9300645021549078	8.201060165592516e-18	0.05775799106841103	0.2350409565782739	0.05775799106841105	-0.2350409565782739	0.06993549784509236	1.2376596712997737e-17	
0.3 	0.9179377997610345	8.029642524413212e-18	0.06678139589712997	0.2500170140880596	0.06678139589712997	-0.2500170140880596	0.08206220023896584	1.230775921491854e-17	
0.325 	0.9050690291811495	5.968973027188182e-19	0.07617373017227398	0.2635926834136628	0.07617373017227398	-0.2635926834136628	0.09493097081885095	5.669176605054758e-18	
0.35 	0.8915582164875443	-6.930827842566683e-18	0.08584787592255531	0.27578912536633193	0.08584787592255533	-0.27578912536633193	0.1084417835124561	2.367563395878118e-18	
0.375 	0.8774746485309443	-4.211347160883145e-18	0.09571590644758392	0.2865972312310366	0.09571590644758389	-0.2865972312310366	0.12252535146905622	-4.845696908643444e-19	
0.4 	0.8628874515318543	-5.703568950767461e-18	0.10567121533003618	0.2960236831329464	0.10567121533003616	-0.2960236831329464	0.13711254846814602	-2.458473394203232e-18	
0.425 	0.8478668047217375	-6.329722386058623e-19	0.11572988875981141	0.304027874477033	0.11572988875981145	-0.304027874477033	0.15213319527826275	6.50943596323635e-18	
0.45 	0.8324837904901431	1.0373433943924706e-17	0.12582192026073594	0.3106119155054488	0.12582192026073594	-0.31061191550544887	0.16751620950985727	1.795728427670869e-17	
0.475 	0.816808907509396	4.165219406286106e-18	0.1358454785124146	0.3158085171250953	0.13584547851241457	-0.3158085171250953	0.1831910924906042	-1.4161663205517197e-18	
0.5 	0.8009102837405014	8.919024295740358e-18	0.14573502335066887	0.3196389127010399	0.14573502335066887	-0.3196389127010399	0.1990897162594988	1.2134612653649465e-17	
0.525 	0.7848594402686643	4.056751102586155e-18	0.15547432073698073	0.32214346380285713	0.1554743207369807	-0.32214346380285713	0.2151405597313359	-1.1544263186332489e-18	
0.55 	0.7687175232939742	2.1057350575903368e-18	0.1650379373767817	0.3232712014208069	0.1650379373767817	-0.3232712014208069	0.23128247670602586	-1.0010798120998225e-18	
0.575 	0.7525529886735877	-1.649325398653109e-18	0.1742811346653253	0.32310335342192403	0.17428113466532527	-0.323103353421924	0.24744701132641242	-2.7471344166256814e-18	
0.6 	0.7364263213974495	-6.778450466164882e-18	0.1832095489623278	0.3217319467147741	0.18320954896232783	-0.3217319467147741	0.26357367860255054	6.3365099414751196e-18	
0.625 	0.7204048230156839	-8.407128408591123e-18	0.1917625712058704	0.31908712093309877	0.19176257120587037	-0.31908712093309877	0.279595176984316	-1.4572713754069573e-18	
0.65 	0.704548360553552	-9.635563180138695e-18	0.19994638638067253	0.31523393147951984	0.1999463863806725	-0.3152339314795198	0.2954516394464479	-8.393659409481634e-18	
0.675 	0.6889133484382726	6.247190054417715e-18	0.20762596764708227	0.31031119701356075	0.2076259676470823	-0.31031119701356075	0.3110866515617275	-4.8073888390251965e-18	
0.7 	0.6735526782255364	4.310543318800781e-18	0.2148010563908869	0.30434457253650105	0.21480105639088687	-0.30434457253650105	0.32644732177446345	3.187971390474339e-18	
0.725 	0.6585175434084043	3.648382950392045e-19	0.22148258538465726	0.2973413613758866	0.2214825853846572	-0.2973413613758866	0.3414824565915956	-1.4978764763916536e-18	
0.75 	0.6438585130125708	1.3209478106634158e-17	0.22761149218615914	0.2893938905439565	0.22761149218615911	-0.2893938905439565	0.3561414869874288	8.907818158518519e-18	
0.775 	0.6296192945777764	-1.7328162374292233e-17	0.23312494453015276	0.280615633713322	0.23312494453015276	-0.280615633713322	0.3703807054222233	-9.360625090316159e-18	
0.8 	0.6158396114238452	-1.3769442134170527e-18	0.23800497244554866	0.27107136301494206	0.2380049724455487	-0.271071363014942	0.3841603885761543	-6.3451557228757146e-18	
0.825 	0.6025581743319708	3.521979969390447e-18	0.24228998032641832	0.2607429657606173	0.2422899803264183	-0.2607429657606173	0.39744182566802894	-4.496697587221259e-19	
0.85 	0.5898113191125096	6.7221423797225664e-18	0.24592319919625505	0.24976092635426167	0.24592319919625508	-0.24976092635426167	0.41018868088748983	-4.620262244699735e-18	
0.875 	0.5776287648137974	-9.844067049995977e-19	0.24887539768255457	0.23823271352991351	0.2488753976825546	-0.23823271352991354	0.4223712351862021	1.853025077231226e-18	
0.9 	0.5660349755539011	9.155052269612514e-19	0.2511388969534607	0.22623258746545405	0.2511388969534607	-0.22623258746545405	0.43396502444609836	6.682945132743601e-18	
0.925 	0.5550550971594963	5.8702438099297564e-18	0.25275128153325505	0.2137379632763702	0.25275128153325505	-0.2137379632763702	0.44494490284050314	2.4282576467537813e-18	
0.95 	0.5447099849438504	-2.560477346295524e-19	0.2536874229124737	0.20086696886112357	0.2536874229124737	-0.2008669688611236	0.4552900150561488	6.868083881338088e-18	
0.975 	0.5350144078469699	-4.6782792071955465e-19	0.25391670546923406	0.18779568403062438	0.25391670546923406	-0.1877956840306244	0.46498559215302937	-4.562759035753119e-19	
1.0 	0.52597782630903	5.677250726014162e-18	0.25347323983393977	0.17450830348273816	0.2534732398339398	-0.17450830348273816	0.47402217369096944	1.0058044482244048e-17	
1.025 	0.5176038375979986	2.8222091872276823e-18	0.2523766884680939	0.16104918454439013	0.2523766884680939	-0.16104918454439013	0.4823961624020009	4.610467432091887e-19	
1.05 	0.5098923017303688	2.010984795390185e-18	0.25063931313589516	0.1475015570134008	0.2506393131358951	-0.1475015570134008	0.49010769826963063	-5.925211133854349e-19	
1.075 	0.5028631456073197	-4.8304781743830654e-18	0.24824268605101993	0.1340305057846528	0.24824268605101993	-0.1340305057846528	0.4971368543926797	-5.6067594330762215e-18	
1.1 	0.4965130818782595	-5.042805817197443e-19	0.24521585185736594	0.1206125328800201	0.24521585185736594	-0.1206125328800201	0.5034869181217398	-1.3624508474232934e-18	
1.125 	0.49082471114494713	-5.9485178530085824e-18	0.24158951576839538	0.10728321679801772	0.2415895157683954	-0.10728321679801772	0.5091752888550524	-4.1171246183439814e-18	
1.15 	0.4858054130781166	1.3423806726921579e-18	0.23737370180891942	0.09415763738282913	0.2373737018089194	-0.09415763738282913	0.5141945869218826	-3.328325931223323e-18	
1.175 	0.48142773809979794	-2.9220877238700312e-18	0.23260692960147475	0.08132766906814747	0.23260692960147475	-0.08132766906814747	0.5185722619002012	-3.909902156662254e-18	
1.2 	0.47768319289733363	-5.122736027031367e-18	0.22731239409159196	0.06882586505368923	0.22731239409159193	-0.06882586505368923	0.5223168071026657	-1.9989965467998813e-18	
1.225 	0.4745628595341564	-5.215671619155562e-18	0.2214930108957925	0.05659377547865345	0.2214930108957925	-0.05659377547865344	0.5254371404658427	-6.093828055157453e-19	
1.25 	0.4720374594606926	2.6325714003949787e-19	0.21521532971968868	0.044813787540276914	0.21521532971968863	-0.044813787540276914	0.5279625405393065	2.4289059290474216e-18	
1.275 	0.4700941634815876	-2.3014380006700767e-18	0.20850304166991007	0.0335290636764101	0.2085030416699101	-0.0335290636764101	0.5299058365184114	5.290842220803476e-19	
1.3 	0.46870690295953443	1.598342746516964e-19	0.20138701329233508	0.02275781617178339	0.20138701329233508	-0.022757816171783397	0.5312930970404646	-2.281931542601807e-18	
1.325 	0.46784656568583693	4.39449845572932e-20	0.19387157982240208	0.012442392185023849	0.19387157982240205	-0.012442392185023854	0.5321534343141621	-2.911951249540938e-18	
1.35 	0.4674857402393263	-6.29051798240051e-19	0.18604351408580183	0.002746096595172662	0.1860435140858018	-0.0027460965951726667	0.5325142597606727	-2.4605849657433133e-18	
1.375 	0.46759326420205105	-4.951773576963117e-19	0.17793650942058237	-0.006318091074936305	0.17793650942058237	0.006318091074936302	0.5324067357979481	-2.0690682174905003e-18	
1.4 	0.46813744682520486	-1.5713487490431693e-18	0.16955222560531685	-0.014793575656208246	0.16955222560531683	0.01479357565620824	0.5318625531747944	-2.732940495717391e-18	
1.425 	0.4690894495851095	-5.129551651297156e-19	0.16093123147007982	-0.0226507215327209	0.16093123147007984	0.022650721532720894	0.5309105504148898	-2.2772477670379726e-18	
1.45 	0.4704162718386728	1.3928036557200694e-18	0.152140282706763	-0.029822756830469834	0.152140282706763	0.02982275683046983	0.5295837281613264	-3.0975987456944648e-18	
1.475 	0.4720825472968611	1.787904673132542e-18	0.1432351971022798	-0.03627705572545185	0.14323519710227986	0.03627705572545185	0.527917452703138	-1.977655175654216e-18	
1.5 	0.47405408817664013	-4.765228313903869e-18	0.1341904242671877	-0.04208850541036803	0.1341904242671877	0.04208850541036803	0.5259459118233589	-1.957584470470237e-18	
1.525 	0.47629856347976146	-2.5915118897995265e-18	0.12506014643803487	-0.04722706322468828	0.12506014643803487	0.04722706322468828	0.5237014365202375	-1.0884007363803384e-18	
1.55 	0.4787814743748375	-1.823774505284816e-18	0.1159028321619654	-0.051662345602736734	0.11590283216196541	0.051662345602736734	0.5212185256251616	-4.285558807999269e-18	
1.575 	0.48146615057765696	-3.171351773034568e-18	0.10678884660906254	-0.055365188179763054	0.10678884660906258	0.055365188179763054	0.5185338494223422	5.973909712603129e-19	
1.6 	0.4843189345080932	-4.680937139632875e-18	0.09766949912043063	-0.05842390051635991	0.0976694991204307	0.05842390051635991	0.515681065491906	7.84440866053215e-19	
1.625 	0.48730718120368105	-2.3791292623198433e-18	0.08858128286740763	-0.060837869032302386	0.08858128286740762	0.060837869032302386	0.5126928187963182	7.44969178828367e-19	
1.65 	0.49039750523584397	-1.074549853204415e-18	0.0796453478804229	-0.06254478688839354	0.07964534788042295	0.06254478688839354	0.5096024947641553	2.9354941882032556e-18	
1.675 	0.4935554038085	-6.211302934031339e-19	0.07084708372286788	-0.06359858714455233	0.07084708372286785	0.06359858714455233	0.5064445961914996	2.102580262077817e-18	
1.7 	0.49674969006455333	-4.342388355977836e-18	0.062183376537058944	-0.06404305964575331	0.062183376537058944	0.06404305964575331	0.5032503099354465	5.823589812051941e-19	
1.725 	0.49995065890919027	-6.430992911816648e-18	0.053670304593556505	-0.06390132846433666	0.053670304593556505	0.06390132846433666	0.5000493410908098	-2.1720970629368076e-18	
1.75 	0.5031280565651556	2.5982043090917027e-18	0.045421684584458326	-0.06314105872943636	0.04542168458445835	0.06314105872943636	0.4968719434348447	-7.419056248655589e-19	
1.775 	0.506252389150464	2.0371874151970284e-18	0.0374025997929777	-0.06182501365127003	0.03740259979297773	0.06182501365127003	0.4937476108495362	2.3002074658328993e-18	
1.8 	0.5092968180330564	-1.7988792186089753e-18	0.02962133002625831	-0.05998995996895808	0.029621330026258327	0.05998995996895808	0.49070318196694374	-1.7949931624640503e-18	
1.825 	0.512236648668413	1.0391293554595088e-18	0.022089481849659916	-0.05766583936043169	0.02208948184965995	0.05766583936043169	0.48776335133158716	-1.3131476188796023e-18	
1.85 	0.5150469378267516	-7.662753527766849e-19	0.014884036037855318	-0.0548544340438517	0.014884036037855328	0.0548544340438517	0.4849530621732485	1.3948708209910984e-18	
1.875 	0.5177046090801144	-1.0493010238180247e-18	0.008009066213272166	-0.05159795040839818	0.008009066213272168	0.05159795040839818	0.48229539091988577	9.54676569803149e-19	
1.9 	0.5201889822531621	-1.4998014617623184e-18	0.0014152533541338544	-0.047955904540134306	0.0014152533541338858	0.047955904540134306	0.4798110177468383	1.4423584634896102e-18	
1.925 	0.5224814179684664	-6.059049522563564e-18	-0.004843582396903923	-0.04394509911055394	-0.004843582396903935	0.043945099110553956	0.477518582031534	2.2609259954289606e-18	
1.95 	0.524563993525405	-6.195954911566515e-18	-0.010734045172252495	-0.03959151286801431	-0.010734045172252508	0.03959151286801431	0.47543600647459555	2.958573639278701e-18	
1.975 	0.5264207059350443	-9.067967632794373e-18	-0.016258505202907104	-0.034938690192685355	-0.016258505202907093	0.03493869019268537	0.47357929406495625	2.507412799655875e-18	
2.0 	0.5280380370151884	-4.814194138646623e-18	-0.021466950985105697	-0.030038445771930503	-0.021466950985105683	0.030038445771930506	0.4719619629848123	2.7356745496241073e-18	
2.025 	0.5294093677803444	-5.180291606082989e-18	-0.02630614756958783	-0.024914947627772452	-0.026306147569587816	0.024914947627772455	0.47059063221965614	3.3044557738161075e-18	
2.05 	0.5305194144243467	-3.042300733600517e-18	-0.030765427010532025	-0.019598317547796798	-0.030765427010532056	0.0195983175477968	0.4694805855756538	5.23354052762873e-19	
2.075 	0.5313623007916194	-2.2785407744345486e-18	-0.034866623829481476	-0.014132770419621363	-0.034866623829481476	0.014132770419621361	0.4686376992083814	-7.344103492259666e-19	
2.1 	0.5319233819609088	-2.0668590907753385e-18	-0.03861636119989937	-0.008554037349678606	-0.03861636119989936	0.008554037349678606	0.4680766180390917	4.390822059680611e-19	
2.125 	0.532206123424344	-1.936807494396553e-18	-0.04200665145075883	-0.0028948181210818823	-0.04200665145075883	0.0028948181210818828	0.46779387657565663	-1.0974150880886686e-19	
2.15 	0.5322045188649456	-1.9983208417306965e-18	-0.04503014170243837	0.002812529158535017	-0.04503014170243837	-0.0028125291585350165	0.46779548113505515	-2.0212905728459522e-20	
2.175 	0.5319171221589948	-1.4245976245941556e-18	-0.0477127918379834	0.008530492026509944	-0.04771279183798341	-0.008530492026509944	0.4680828778410059	-6.342335953069466e-19	
2.2 	0.5313443025050394	-2.1692887929291123e-18	-0.05005913005286091	0.014225044739077661	-0.050059130052860876	-0.014225044739077661	0.46865569749496117	2.434735448868189e-19	
2.225 	0.5304851486687224	-2.241019717656208e-18	-0.05207456679939369	0.01986729273009647	-0.05207456679939372	-0.019867292730096475	0.46951485133127807	-1.9230300909959934e-19	
2.25 	0.5293458967015694	-2.2522369897589533e-18	-0.053771124824355164	0.02542770571060605	-0.053771124824355164	-0.025427705710606055	0.4706541032984311	5.112135507903652e-19	
2.275 	0.527934144106431	-3.966891237626564e-18	-0.05516114726237214	0.030876509673779296	-0.055161147262372125	-0.030876509673779293	0.4720658558935694	2.044136360154963e-18	
2.3 	0.5262534645889622	-2.9223499093255566e-18	-0.05625269323131632	0.03618437195259054	-0.056252693231316334	-0.036184371952590534	0.4737465354110382	3.355022193290692e-18	
2.325 	0.5243114879437615	-1.4979272045914843e-18	-0.05707620311745751	0.0413294539674031	-0.057076203117457536	-0.04132945396740309	0.47568851205623913	7.085636618116168e-19	
2.35 	0.522114463906841	-2.2631790286502747e-18	-0.05763825543690964	0.046287007948089216	-0.05763825543690969	-0.04628700794808921	0.4778855360931595	1.4252018497655233e-18	
2.375 	0.5196750270416195	-8.657009808296356e-19	-0.05794262043498889	0.05103119679185279	-0.057942620434988934	-0.05103119679185279	0.48032497295838067	5.070120633479601e-18	
2.4 	0.5170066487924742	-9.019899978953435e-19	-0.05800679825698459	0.055543764807059595	-0.05800679825698457	-0.05554376480705958	0.4829933512075262	1.6009391930117223e-18	
2.425 	0.5141188546384526	-2.082061636987512e-18	-0.057876303487732504	0.05981200600612726	-0.057876303487732525	-0.05981200600612725	0.48588114536154775	-6.557309743234286e-20	
2.45 	0.5110243559050546	-8.63795125385412e-18	-0.05754880618796445	0.06381688937771826	-0.05754880618796442	-0.06381688937771825	0.4889756440949455	3.112132524108231e-18	
2.475 	0.5077349352964211	3.8409815518040045e-19	-0.05703625911311679	0.06753648404127216	-0.05703625911311677	-0.06753648404127216	0.49226506470357895	-1.7280383354031869e-18	
2.5 	0.5042674216297106	-4.824541834629022e-18	-0.05634624700455244	0.07095764777324699	-0.056346247004552444	-0.07095764777324699	0.49573257837028956	-1.5345322557951962e-18	
2.525 	0.5006380147937219	-2.9058736871225914e-18	-0.05553250554475818	0.07408507391229328	-0.05553250554475814	-0.07408507391229328	0.49936198520627834	-5.637300272540106e-19	
2.55 	0.4968599777030191	-5.262168668561441e-18	-0.054610771252059605	0.07690770821125266	-0.05461077125205962	-0.07690770821125266	0.5031400222969815	-4.596536312580177e-18	
2.575 	0.49294673906833436	-3.934470590303769e-18	-0.053559588694806835	0.07939664522295793	-0.053559588694806856	-0.07939664522295793	0.5070532609316664	7.630409079189795e-20	
2.6 	0.48891797395451947	-1.9472945562071877e-18	-0.05240679803326245	0.08155470065759557	-0.05240679803326244	-0.08155470065759557	0.511082026045481	-5.013626032791582e-19	
2.625 	0.48478965265539864	-7.903604467567947e-19	-0.05121412120059316	0.08340062705136764	-0.051214121200593155	-0.08340062705136764	0.515210347344602	-8.5133722158721945e-19	
2.65 	0.48057728313120107	8.697518299447155e-19	-0.05000092925722207	0.08493533880491604	-0.050000929257222104	-0.08493533880491605	0.5194227168687996	-1.5585654802666454e-18	
2.675 	0.47629753151829735	8.621175698052199e-18	-0.048698687350949156	0.08611613438221973	-0.04869868735094916	-0.08611613438221974	0.5237024684817029	-3.495221207739497e-18	
2.7 	0.4719673850248646	4.840282636001916e-18	-0.04738786378274412	0.08697595137354713	-0.04738786378274414	-0.08697595137354715	0.5280326149751354	-5.72694762910974e-18	
2.725 	0.46760264535829554	3.0050530383729086e-18	-0.04610201829681478	0.08753327377907238	-0.04610201829681477	-0.0875332737790724	0.5323973546417046	-8.333777128447733e-18	
2.75 	0.4632177715732524	3.7510711052273706e-18	-0.04483796176598483	0.087782516579654	-0.04483796176598481	-0.087782516579654	0.5367822284267475	-1.0209267846672302e-17	
2.775 	0.45882913817364634	8.375507863211655e-18	-0.04358023272004378	0.08770843629865033	-0.043580232720043764	-0.08770843629865034	0.5411708618263535	-3.4699805389633673e-19	
2.8 	0.4544526509829258	8.246636252126233e-18	-0.04235049550231464	0.08732417218605817	-0.04235049550231466	-0.08732417218605819	0.545547349017074	-3.519474893949856e-18	
2.825 	0.450102285724856	7.652943690945623e-18	-0.04122423665040037	0.08668828182647824	-0.041224236650400405	-0.08668828182647824	0.5498977142751439	-6.7542269670577985e-18	
2.85 	0.4457907401960741	4.401934847723124e-19	-0.040170717799396315	0.08577996755826006	-0.040170717799396294	-0.08577996755826008	0.5542092598039259	-1.0604952420159281e-17	
2.875 	0.44153248000468953	7.106419083869115e-18	-0.03917047992310949	0.08458081480132203	-0.03917047992310949	-0.08458081480132204	0.5584675199953106	-6.8807840317911404e-18	
2.9 	0.43734178848246685	3.709875989578029e-18	-0.03824316486659808	0.08311083966080485	-0.03824316486659804	-0.08311083966080485	0.5626582115175335	-8.371855492750862e-18	
2.925 	0.43322923625996496	-3.468896713584779e-18	-0.03747800117237225	0.08146536658198715	-0.03747800117237224	-0.08146536658198714	0.5667707637400354	-5.9194950591430045e-18	
2.95 	0.42920531852814203	1.323351610556125e-18	-0.036814438987903195	0.07958990646906078	-0.03681443898790321	-0.07958990646906078	0.5707946814718582	-9.130341826553963e-18	
2.975 	0.42528167429559544	-1.8294922073301836e-18	-0.036223887159684685	0.07745007445504071	-0.03622388715968471	-0.07745007445504071	0.5747183257044048	-2.0807597988041508e-18	
3.0 	0.4214699969096448	3.3342976112485457e-18	-0.03578346182031789	0.07514842334034683	-0.03578346182031785	-0.07514842334034685	0.5785300030903556	-5.5179126513857555e-18	
3.025 	0.41777701533200967	9.664364437208709e-18	-0.03549923492152494	0.07270870727158196	-0.035499234921524916	-0.07270870727158199	0.5822229846679908	-1.199058179214305e-17	
3.05 	0.41421002519590566	9.738222796290318e-18	-0.0353538797782145	0.07011608067112869	-0.035353879778214484	-0.07011608067112872	0.585789974804095	-1.4210598693698132e-17	
3.075 	0.4107780718408238	8.818796907592585e-18	-0.03531459336492966	0.06732286762259411	-0.035314593364929626	-0.06732286762259412	0.5892219281591767	-1.1470836669095098e-17	
3.1 	0.40748876391591754	7.353654115557959e-18	-0.03543829172743997	0.0644401111531124	-0.035438291727439945	-0.06444011115311243	0.592511236084083	-1.330423792226289e-17	
3.125 	0.4043456279490825	8.915414026016451e-18	-0.03572023524730067	0.06147913486256872	-0.03572023524730068	-0.06147913486256874	0.5956543720509181	-1.4350720495374716e-17	
3.15 	0.4013519194931983	7.743924218796606e-18	-0.03615663239648383	0.0584470373270118	-0.036156632396483805	-0.05844703732701181	0.5986480805068023	-1.2085984277577527e-17	
3.175 	0.3985143311791732	8.919849792306198e-18	-0.03671381045810032	0.05527099244671731	-0.03671381045810033	-0.055270992446717335	0.6014856688208275	-1.0821356927671633e-17	
3.2 	0.39583600265042707	1.194029711127831e-17	-0.03742763221047125	0.05206270056126209	-0.03742763221047123	-0.05206270056126211	0.6041639973495737	-1.1064045186801719e-17	
3.225 	0.39331717514681763	5.660846943169005e-18	-0.038307931444046144	0.048896410728759325	-0.03830793144404609	-0.04889641072875933	0.6066828248531831	-7.65687293181151e-18	
3.25 	0.3909576697338792	4.785557360671132e-18	-0.03932403200283417	0.04567520768302411	-0.039324032002834165	-0.04567520768302411	0.6090423302661216	-6.366553970955857e-18	
3.275 	0.38876104792177896	8.026937987527895e-19	-0.04047438084837816	0.04240305996524621	-0.04047438084837812	-0.042403059965246216	0.6112389520782221	-7.56498655686925e-18	
3.3 	0.386727075235273	3.7758045333382006e-19	-0.041767804900886954	0.03917953093327935	-0.04176780490088694	-0.03917953093327935	0.6132729247647278	-6.881273357254846e-18	
3.325 	0.38485191013077313	5.90047511139918e-19	-0.04319812689088219	0.03604729327772805	-0.04319812689088219	-0.03604729327772804	0.6151480898692276	-4.28679782518192e-18	
3.35 	0.3831335575176548	-4.679482747202387e-19	-0.044755589752709476	0.03289704052486981	-0.044755589752709435	-0.03289704052486981	0.6168664424823458	-4.780806571603124e-18	
3.375 	0.3815717512235569	-8.853260952674931e-19	-0.04643751959170169	0.02979151768541526	-0.04643751959170167	-0.02979151768541526	0.6184282487764438	-3.561547820716751e-18	
3.4 	0.38016380187279036	-4.775228865077562e-18	-0.04823515344293697	0.026775875676695336	-0.04823515344293692	-0.02677587567669533	0.6198361981272101	-1.6882113972757121e-18	
3.425 	0.378902398777613	-2.5950802077145084e-18	-0.05013988822757007	0.02387713767203414	-0.05013988822757	-0.023877137672034136	0.6210976012223876	-8.166306979972437e-19	
3.45 	0.37778390282919305	-3.5115313613506695e-18	-0.05214997298874223	0.021056917900471907	-0.05214997298874221	-0.021056917900471903	0.6222160971708077	-3.479312289911929e-18	
3.475 	0.37680533087561213	-3.840431886393565e-18	-0.05427037368815732	0.01828497338942323	-0.0542703736881573	-0.018284973389423222	0.6231946691243887	-3.6949932012155333e-19	
3.5 	0.3759611126427322	-3.882072829691804e-18	-0.05646335418981598	0.015687212723657515	-0.056463354189815955	-0.015687212723657508	0.6240388873572685	-7.49169114189191e-19	
3.525 	0.3752424185856565	-4.734737796793275e-18	-0.05872669962953338	0.01324153634679584	-0.058726699629533356	-0.01324153634679583	0.6247575814143441	-7.358977798445787e-20	
3.55 	0.37464348307994333	-5.333625459566236e-18	-0.06107439633015451	0.010891605340141976	-0.061074396330154476	-0.010891605340141965	0.6253565169200577	7.893901454798358e-19	
3.575 	0.3741601129489317	-6.208391906308222e-18	-0.06351112029100311	0.00862595582229891	-0.0635111202910031	-0.0086259558222989	0.6258398870510691	7.287765185254699e-19	
3.6 	0.37378400130510936	-6.391861056263414e-18	-0.06596346581103484	0.006586691369187156	-0.0659634658110348	-0.006586691369187144	0.6262159986948914	1.6633268208719789e-18	
3.625 	0.37350606174261114	-7.712778714051658e-18	-0.06846045433229175	0.0046976622112594795	-0.06846045433229171	-0.0046976622112594665	0.6264939382573899	2.08764136222136e-18	
3.65 	0.37331901232379155	-8.410668857628873e-18	-0.07102758638291343	0.002909550796098815	-0.07102758638291343	-0.0029095507960988	0.6266809876762096	2.9759954479037422e-18	
3.675 	0.3732177532184361	-9.192952584547927e-18	-0.07362200603658126	0.0012817261390198511	-0.0736220060365812	-0.0012817261390198353	0.626782246781565	3.653905628479927e-18	
3.7 	0.3731927280209849	-9.506467905526919e-18	-0.07621699558626577	-0.00015695734156186153	-0.07621699558626574	0.00015695734156187768	0.626807271979016	3.986093157720495e-18	
3.725 	0.3732345099751457	-1.0321079432499802e-17	-0.0788021519533016	-0.001409881779982439	-0.07880215195330162	0.0014098817799824564	0.6267654900248554	4.845123417512126e-18	
3.75 	0.37333595320472157	-1.0532369448302065e-17	-0.08143533573660762	-0.0025546751719192785	-0.08143533573660759	0.0025546751719192962	0.6266640467952792	5.165216864871534e-18	
3.775 	0.3734906859249704	-1.0639528668564868e-17	-0.08406174533984322	-0.0035358515382412615	-0.08406174533984317	0.0035358515382412792	0.6265093140750304	5.085574644135757e-18	
3.8 	0.3736896330542948	-1.1063836972080037e-17	-0.08665541053747969	-0.00433499097411548	-0.08665541053747966	0.004334990974115498	0.6263103669457057	5.85778698016169e-18	
3.825 	0.3739232827813877	-1.2127289870737175e-17	-0.08919801819451739	-0.004950418863117608	-0.08919801819451734	0.0049504188631176275	0.6260767172186128	6.372964618401409e-18	
3.85 	0.37418535013667364	-1.2511530511914511e-17	-0.09177443304073153	-0.005465820815692179	-0.0917744330407315	0.0054658208156922	0.6258146498633271	7.387164258248218e-18	
3.875 	0.3744689813213083	-1.3414625316988404e-17	-0.09432357695826878	-0.005833342605999285	-0.09432357695826882	0.0058333426059993055	0.6255310186786923	7.003465801135262e-18	
3.9 	0.3747659618826262	-1.3873360509880453e-17	-0.09677144530102758	-0.006008079089584976	-0.09677144530102755	0.006008079089584998	0.6252340381173748	8.001707818090155e-18	
3.925 	0.3750678404569737	-1.352470385821436e-17	-0.09918349378329769	-0.006050226857739598	-0.09918349378329765	0.0060502268577396195	0.624932159543027	7.779656044827865e-18	
3.95 	0.37536897844259154	-1.4149223160619696e-17	-0.10157887771652108	-0.005981400032804764	-0.10157887771652106	0.005981400032804787	0.6246310215574091	8.392288815668088e-18	
3.975 	0.3756632737060275	-1.4309796874350787e-17	-0.10391269374910837	-0.005778438386200655	-0.10391269374910839	0.0057784383862006785	0.6243367262939732	9.019930933712522e-18	
4.0 	0.37594342690055077	-1.4774681686560487e-17	-0.10613693201813273	-0.005424837772945039	-0.10613693201813276	0.005424837772945061	0.6240565730994501	8.795568963611467e-18	
4.025 	0.3762035355232228	-1.4825556978436604e-17	-0.10832389089036976	-0.004972139246837456	-0.1083238908903698	0.0049721392468374806	0.6237964644767776	9.274381367291239e-18	
4.05 	0.37643838391200296	-1.4603853915136505e-17	-0.11045313246552055	-0.004417551485647248	-0.11045313246552052	0.004417551485647271	0.6235616160879974	9.41446775303072e-18	
4.075 	0.3766432128101698	-1.465760708560688e-17	-0.11251781563731982	-0.0037629661813267474	-0.11251781563731984	0.003762966181326769	0.6233567871898305	9.02702125808166e-18	
4.1 	0.37681217944850576	-1.4382082960342937e-17	-0.11446885329360831	-0.0029966604560745505	-0.11446885329360834	0.002996660456074572	0.6231878205514947	8.78158351885927e-18	
4.125 	0.37694051819388535	-1.3821686646831066e-17	-0.11633579338280174	-0.002144021584789368	-0.11633579338280176	0.0021440215847893873	0.6230594818061151	8.008928161697728e-18	
4.15 	0.37702439752863504	-1.355802478144436e-17	-0.11814796649097539	-0.0012243089613762066	-0.11814796649097534	0.0012243089613762255	0.6229756024713652	7.710708927851236e-18	
4.175 	0.3770603341417517	-1.3012845249043651e-17	-0.1198524475056787	-0.00022685390599648883	-0.1198524475056787	0.00022685390599650642	0.6229396658582484	7.229214512673627e-18	
4.2 	0.3770445680972862	-1.2598345365712449e-17	-0.12145846942597839	0.0008369197272030813	-0.12145846942597836	-0.0008369197272030646	0.6229554319027141	6.7798119347854886e-18	
4.225 	0.37697426595393246	-1.1807707800432407e-17	-0.12297935543745038	0.001951009918682326	-0.1229793554374504	-0.001951009918682311	0.6230257340460678	6.0073370783323325e-18	
4.25 	0.3768473630384963	-1.1110451421696325e-17	-0.12444955859516932	0.0031004094794272706	-0.12444955859516935	-0.003100409479427257	0.6231526369615037	5.26860148243769e-18	
4.275 	0.3766618748651897	-1.0935250850168357e-17	-0.12580342387881652	0.004293174995544721	-0.1258034238788165	-0.004293174995544709	0.6233381251348102	4.5371757528601615e-18	
4.3 	0.37641531697251457	-1.0746822750537616e-17	-0.12706053960168362	0.005516797206179196	-0.12706053960168365	-0.0055167972061791835	0.6235846830274853	4.4246679256093045e-18	
4.325 	0.37610768315583015	-1.0049066578446937e-17	-0.12823310084863618	0.006757604370458513	-0.12823310084863615	-0.006757604370458504	0.6238923168441695	3.8826680001415724e-18	
4.35 	0.37573778331759083	-9.082062375432367e-18	-0.12933188675689872	0.008006699199184715	-0.12933188675689875	-0.008006699199184706	0.6242622166824086	3.1631808623658535e-18	
4.375 	0.3753046300155243	-9.821248144198199e-18	-0.13034042395904735	0.009261590290924163	-0.13034042395904735	-0.009261590290924155	0.624695369984475	3.1187249742857822e-18	
4.4 	0.3748093839492266	-9.06463464390403e-18	-0.1312613910776732	0.010513693038799433	-0.13126139107767315	-0.010513693038799425	0.6251906160507728	2.83152181578556e-18	
4.425 	0.3742512086750358	-9.390273217343321e-18	-0.13210500783741486	0.011752732648159929	-0.13210500783741486	-0.011752732648159922	0.6257487913249635	2.7411007814741854e-18	
4.45 	0.3736321918249793	-6.793632576916635e-18	-0.13287369502838586	0.01297204828281745	-0.13287369502838595	-0.012972048282817448	0.6263678081750201	4.725624839907049e-19	
4.475 	0.3729527795429962	-6.446965665674329e-18	-0.13356749413749816	0.014168285162818362	-0.13356749413749822	-0.014168285162818359	0.6270472204570031	4.477980934829596e-19	
4.5 	0.3722137292345452	-6.1635166152854986e-18	-0.13419282143816477	0.0153337309931583	-0.1341928214381648	-0.015333730993158297	0.6277862707654541	2.6739195164452814e-20	
4.525 	0.37141795149792417	-4.54501301437063e-18	-0.1347427757891993	0.01646030016830622	-0.1347427757891993	-0.01646030016830622	0.6285820485020751	-1.502219847474169e-18	
4.55 	0.370566446881975	-2.4063914178656407e-18	-0.13522115528733858	0.01754191962605597	-0.13522115528733855	-0.017541919626055974	0.6294335531180243	-2.865482749020607e-18	
4.575 	0.36966254284928696	-3.7551687202608615e-18	-0.13565211919965883	0.018578858318766607	-0.13565211919965883	-0.018578858318766607	0.6303374571507122	-2.1094614843572092e-18	
4.6 	0.3687080563066126	-1.80229575234182e-18	-0.13602600704222512	0.01956428424438994	-0.13602600704222512	-0.019564284244389944	0.6312919436933867	-2.920848136625727e-18	
4.625 	0.3677054146657525	-1.7701931243533653e-18	-0.13632863587434318	0.020486889712219042	-0.13632863587434316	-0.020486889712219045	0.6322945853342465	-4.911361240368739e-18	
4.65 	0.3666587162414209	8.569753134743141e-19	-0.13658004365654752	0.021347698223119438	-0.13658004365654755	-0.021347698223119445	0.6333412837585783	-6.689257138024077e-18	
4.675 	0.3655700955851626	3.618628613018664e-18	-0.1368124154099343	0.02215054250316817	-0.13681241540993433	-0.02215054250316818	0.6344299044148364	-1.0302309200020727e-17	
4.7 	0.3644433111707106	3.76002421114552e-18	-0.13700875375881397	0.022889405778617377	-0.137008753758814	-0.02288940577861739	0.6355566888292885	-1.0001172148421009e-17	
4.725 	0.36328145916371374	5.374101414709554e-18	-0.13715332849278838	0.023553097789613512	-0.13715332849278844	-0.023553097789613526	0.6367185408362852	-1.0512402500453805e-17	
4.75 	0.36208829785135827	3.725883630766974e-18	-0.13724475188998575	0.02413789417295216	-0.13724475188998578	-0.024137894172952173	0.6379117021486407	-1.0783753535155232e-17	
4.775 	0.36086767905915335	4.091576249969629e-18	-0.1373310068253724	0.02465885116386055	-0.13733100682537244	-0.024658851163860563	0.6391323209408456	-8.783137369361457e-18	
4.8 	0.3596225335666371	3.3871299018730784e-18	-0.13741052744939505	0.025111216589050227	-0.13741052744939503	-0.02511121658905024	0.6403774664333618	-1.011373309714509e-17	
4.825 	0.35835740280154504	3.221972941955296e-18	-0.1374169925378849	0.0254661390589547	-0.13741699253788492	-0.025466139058954715	0.6416425971984538	-1.1143398259693703e-17	
4.85 	0.357076581848441	3.219782722746564e-18	-0.13742495197041288	0.025750741819691548	-0.13742495197041285	-0.025750741819691565	0.6429234181515581	-9.716250200990702e-18	
4.875 	0.3557828166900922	4.38694441374414e-18	-0.13745513532369125	0.02597703402109149	-0.13745513532369122	-0.025977034021091503	0.6442171833099066	-1.0672409261686085e-17	
4.9 	0.35447942886453726	4.111067860823836e-18	-0.13749592989398915	0.02613911231523005	-0.13749592989398912	-0.02613911231523007	0.6455205711354616	-1.3764719664032419e-17	
4.925 	0.353170705968054	5.1126866577768574e-18	-0.13746983752956818	0.026192045554243388	-0.13746983752956812	-0.026192045554243405	0.6468292940319447	-1.4027003805918923e-17	
4.95 	0.3518609665289496	1.0830708645689638e-17	-0.13747280904348158	0.026189003394487563	-0.1374728090434816	-0.026189003394487584	0.6481390334710492	-1.5828712098535066e-17	
4.975 	0.3505528726679009	1.2544213857368575e-17	-0.13749831552698016	0.02612981741777951	-0.13749831552698014	-0.026129817417779533	0.6494471273320978	-1.6926181455656092e-17	
5.0 	0.34924947093157965	1.119114621134304e-17	-0.1375088519614742	0.025985834652769265	-0.13750885196147417	-0.025985834652769286	0.6507505290684189	-1.7832328467987346e-17	
5.025 	0.3479556204236729	8.577028187019968e-18	-0.1375091429988823	0.025758185665762733	-0.13750914299888228	-0.02575818566576275	0.6520443795763259	-1.350007156859954e-17	
5.05 	0.34667475009071436	8.084952305249116e-18	-0.13753892004018817	0.025477772472108945	-0.13753892004018808	-0.025477772472108962	0.6533252499092842	-1.6485716802152897e-17	
5.075 	0.3454082577223534	7.756895437629755e-18	-0.13763932243829832	0.02518505830099992	-0.13763932243829832	-0.025185058300999937	0.6545917422776453	-1.4753701446832316e-17	
5.1 	0.344158430809426	9.503064136116048e-18	-0.13772189559355844	0.0248046260062313	-0.13772189559355846	-0.02480462600623132	0.6558415691905728	-1.5418565480504483e-17	
5.125 	0.3429302733578309	7.242732201678317e-18	-0.13779651781167937	0.024339172394842942	-0.13779651781167931	-0.024339172394842963	0.6570697266421679	-1.7057400220921353e-17	
5.15 	0.3417269733355742	9.298602456285323e-18	-0.13790050937670953	0.0238280732215509	-0.13790050937670956	-0.023828073221550918	0.6582730266644244	-1.6639228033565365e-17	
5.175 	0.34054882842552153	7.286600681813702e-18	-0.13808339495894875	0.023331097638109664	-0.13808339495894878	-0.02333109763810968	0.6594511715744772	-1.5468236581380312e-17	
5.2 	0.3393981968339466	8.033512594833372e-18	-0.13824837205845159	0.022738678324599776	-0.13824837205845153	-0.022738678324599793	0.6606018031660521	-1.583591363447908e-17	
5.225 	0.3382787127828267	7.472869421087475e-18	-0.1384162196329431	0.022069082141221486	-0.13841621963294304	-0.022069082141221497	0.6617212872171723	-1.5186562086897866e-17	
5.25 	0.33719296260383874	7.452656716726421e-18	-0.13864497600952227	0.02140731521962463	-0.1386449760095222	-0.02140731521962464	0.6628070373961602	-1.3581713779223931e-17	
5.275 	0.3361398727093708	6.22522253874672e-18	-0.13891972134160263	0.02073976157798783	-0.13891972134160266	-0.02073976157798784	0.6638601272906282	-1.382304982461602e-17	
5.3 	0.33512137500172806	5.44757892691393e-18	-0.1392154427100779	0.020027641590040005	-0.1392154427100779	-0.02002764159004002	0.6648786249982709	-1.4575754770650705e-17	
5.325 	0.33414085237677077	4.2612079672858805e-18	-0.13951606841041064	0.01923942639290621	-0.13951606841041064	-0.019239426392906215	0.6658591476232284	-1.2065559642021416e-17	
5.35 	0.3331991908348547	4.036342534441813e-18	-0.1398723966983184	0.018480476051670632	-0.1398723966983184	-0.018480476051670643	0.6668008091651443	-1.284673452997685e-17	
5.375 	0.33229489314710403	5.4438506760970534e-18	-0.14026997814331962	0.0177307598421741	-0.14026997814331962	-0.01773075984217411	0.667705106852895	-1.4366747139070202e-17	
5.4 	0.3314287838700895	5.039491894897315e-18	-0.14069305460459733	0.016953072664831752	-0.14069305460459733	-0.01695307266483176	0.6685712161299094	-1.2538905532868963e-17	
5.425 	0.3306044290921427	3.2938707869711218e-18	-0.1411271623179386	0.016100804314143364	-0.1411271623179386	-0.016100804314143367	0.6693955709078561	-1.2924734848130548e-17	
5.45 	0.3298206517462062	4.408024961033956e-18	-0.14160883444777939	0.015300460000611457	-0.14160883444777933	-0.015300460000611462	0.6701793482537929	-1.2688698323786899e-17	
5.475 	0.32907573132812756	3.379103134093128e-18	-0.1421291607754021	0.014544719619764328	-0.14212916077540214	-0.014544719619764333	0.6709242686718715	-1.2391598927384084e-17	
5.5 	0.32836981738310406	3.540584447632131e-18	-0.1426682302317431	0.013722350397914272	-0.14266823023174313	-0.013722350397914277	0.6716301826168951	-1.2444667674316808e-17	
5.525 	0.32770568242492076	2.9564714080949405e-18	-0.1432364107948832	0.01290346431049732	-0.1432364107948831	-0.012903464310497324	0.6722943175750782	-1.1966308147838167e-17	
5.55 	0.32708129834990696	2.334789465202464e-18	-0.14383488457239638	0.012133472114119649	-0.14383488457239632	-0.012133472114119652	0.6729187016500918	-1.183062378566644e-17	
5.575 	0.32649372798552145	2.847130602268922e-18	-0.1444592625695113	0.01141191691730972	-0.14445926256951125	-0.011411916917309726	0.6735062720144774	-1.2272290128912813e-17	
5.6 	0.3259436656651495	2.945157446035715e-18	-0.14511126358866663	0.010633942994933735	-0.14511126358866658	-0.01063394299493374	0.6740563343348496	-1.2350168786276606e-17	
5.625 	0.32543220839336234	1.4266280769102077e-18	-0.14578570108127045	0.009892328367979153	-0.1457857010812704	-0.009892328367979153	0.6745677916066366	-1.0694783090516549e-17	
5.65 	0.32495723130511955	1.00860717729407e-18	-0.14647947792396693	0.009192068081065659	-0.1464794779239669	-0.009192068081065659	0.6750427686948793	-1.0062180400684483e-17	
5.675 	0.3245146616363085	9.181684177365001e-19	-0.14718949746801582	0.008540499990098852	-0.14718949746801582	-0.008540499990098854	0.6754853383636906	-1.0568294658082602e-17	
5.7 	0.3241056736179759	3.651363861280173e-19	-0.1479280070274377	0.00786937360879934	-0.14792800702743766	-0.00786937360879934	0.6758943263820233	-9.43144755896687e-18	
5.725 	0.323730151739375	4.756776248401558e-19	-0.14869158261154	0.007204375314033638	-0.14869158261154	-0.0072043753140336375	0.6762698482606239	-9.633458831972646e-18	
5.75 	0.3233852186874423	4.354480131882557e-19	-0.14944565888554456	0.00664278318265029	-0.14944565888554454	-0.006642783182650288	0.6766147813125566	-9.78222927670821e-18	
5.775 	0.3230671069357246	-4.296443505915703e-19	-0.15021338809019696	0.006109271762901847	-0.15021338809019696	-0.0061092717629018444	0.6769328930642743	-8.859129949636693e-18	
5.8 	0.32277627997966324	-1.4707297925508436e-18	-0.15101178875328766	0.005563032612354955	-0.15101178875328763	-0.005563032612354951	0.6772237200203355	-8.630032751552566e-18	
5.825 	0.3225125775415245	-1.6059390836046373e-18	-0.15182794329900998	0.005038014748809416	-0.15182794329900995	-0.005038014748809412	0.6774874224584743	-8.423621746554404e-18	
5.85 	0.322271952861618	-2.8826966776425795e-18	-0.15260892441376653	0.004624992281933945	-0.15260892441376647	-0.0046249922819339385	0.677728047138381	-7.333022151922208e-18	
5.875 	0.32205166108899075	-3.1869917566120374e-18	-0.1534109510992507	0.004220298953456149	-0.15341095109925068	-0.004220298953456142	0.6779483389110084	-7.144523077780703e-18	
5.9 	0.32185133341809463	-3.4068649985059276e-18	-0.1542432189716902	0.003812888216092624	-0.15424321897169008	-0.0038128882160926164	0.6781486665819044	-6.487394254373914e-18	
5.925 	0.3216707065752926	-3.824959606150062e-18	-0.15506690116350616	0.003457658468393422	-0.1550669011635062	-0.0034576584683934145	0.6783292934247067	-6.348010359208747e-18	
5.95 	0.32150538309997456	-4.183154824722859e-18	-0.15586673635486306	0.0031712898748215237	-0.15586673635486306	-0.0031712898748215155	0.6784946169000247	-6.260227388722739e-18	
5.975 	0.3213530042297716	-4.769641940765356e-18	-0.15665281688232352	0.002932125059563121	-0.15665281688232352	-0.002932125059563113	0.6786469957702276	-5.921352564191594e-18	
6.0 	0.32121334610608565	-5.3478748934116796e-18	-0.15748575042035556	0.002675094370286728	-0.1574857504203556	-0.0026750943702867186	0.6787866538939137	-5.4270844743788186e-18	
6.025 	0.3210851920607631	-5.426114589215781e-18	-0.15829184960174877	0.0024771912894753813	-0.15829184960174875	-0.002477191289475372	0.6789148079392361	-5.27880122584407e-18	
6.05 	0.3209650010548747	-5.974824799072729e-18	-0.15906248985057553	0.002342250100112295	-0.15906248985057553	-0.0023422501001122845	0.6790349989451248	-4.672217074064264e-18	
6.075 	0.3208504039747944	-6.459569346434007e-18	-0.15981537696357892	0.0022464217738130975	-0.1598153769635789	-0.0022464217738130863	0.679149596025205	-4.105431225174297e-18	
6.1 	0.3207415229452251	-7.155810015945489e-18	-0.16062267366323477	0.002132756226948037	-0.1606226736632347	-0.002132756226948025	0.6792584770547744	-3.512447188638324e-18	
6.125 	0.32063648812575035	-7.545434385663028e-18	-0.16138664380868323	0.0020781493706912937	-0.1613866438086832	-0.0020781493706912807	0.6793635118742493	-3.1957884649361938e-18	
6.15 	0.32053264154060723	-7.754516532063695e-18	-0.16209492381027077	0.002084410785613363	-0.1620949238102708	-0.00208441078561335	0.6794673584593925	-2.758099420824999e-18	
6.175 	0.32042797307007004	-7.961136712485376e-18	-0.16282201400240215	0.002098106769234341	-0.16282201400240212	-0.0020981067692343275	0.6795720269299296	-2.4834648213476377e-18	
6.2 	0.32032242623682305	-8.563072536646132e-18	-0.16355194412500776	0.002128781041924506	-0.1635519441250077	-0.002128781041924492	0.6796775737631764	-1.8638937951954226e-18	
6.225 	0.3202143753907676	-8.643679160958776e-18	-0.16425197032873867	0.0021967395589416244	-0.1642519703287387	-0.0021967395589416105	0.6797856246092321	-1.8901951238516724e-18	
6.25 	0.3201015453562943	-8.647887878941684e-18	-0.1648900179978579	0.0023130129361936206	-0.16489001799785794	-0.0023130129361936067	0.6798984546437056	-1.7877260017948756e-18	
6.275 	0.31998274423006634	-8.578803425240022e-18	-0.1655505929064914	0.0024321214675244404	-0.1655505929064914	-0.0024321214675244265	0.6800172557699333	-1.8632706888823924e-18	
6.3 	0.31985757431726947	-8.764446052098032e-18	-0.16620048760240297	0.0025688975374878603	-0.1662004876024029	-0.0025688975374878464	0.6801424256827303	-1.6548681377657504e-18	
6.325 	0.3197249349535392	-8.644184868840353e-18	-0.1668189028270711	0.0027331103251532897	-0.1668189028270711	-0.0027331103251532767	0.6802750650464607	-1.9544120253617777e-18	
6.35 	0.31958304827705514	-8.683769439434455e-18	-0.16738274856324856	0.0029288383982023283	-0.16738274856324858	-0.0029288383982023153	0.6804169517229448	-1.9263617729551742e-18	
6.375 	0.31943130654751484	-8.646842662708e-18	-0.16795528543652655	0.0031286830217908375	-0.1679552854365266	-0.0031286830217908245	0.6805686934524848	-1.7087182575976064e-18	
6.4 	0.3192693171840966	-8.48833255557213e-18	-0.16852792976640382	0.003336679570384041	-0.16852792976640382	-0.0033366795703840286	0.6807306828159031	-1.9623701674549522e-18	
6.425 	0.3190963261777717	-8.680428624374605e-18	-0.1690382729282552	0.0035702890261250057	-0.1690382729282552	-0.0035702890261249936	0.6809036738222282	-1.9979259823629564e-18	
6.45 	0.31891130994899114	-8.361941715447356e-18	-0.16952581082883406	0.003815246433878497	-0.16952581082883408	-0.003815246433878485	0.6810886900510086	-1.7307751443081347e-18	
6.475 	0.3187139474675186	-8.362178229485138e-18	-0.17000940100714487	0.004062614958163002	-0.1700094010071449	-0.00406261495816299	0.6812860525324813	-2.0804351223611225e-18	
6.5 	0.3185041144192913	-8.694035488186935e-18	-0.17047974675754352	0.004315168657164887	-0.17047974675754352	-0.004315168657164876	0.6814958855807085	-2.150757209459356e-18	
6.525 	0.3182813929769783	-8.54405271430297e-18	-0.17090593365924972	0.0045780164714709255	-0.17090593365924978	-0.004578016471470915	0.6817186070230212	-2.4228233988852606e-18	
6.55 	0.31804540988331964	-8.313125016189917e-18	-0.17131341086357252	0.0048438959548465135	-0.17131341086357257	-0.004843895954846503	0.68195459011668	-2.4603405253150035e-18	
6.575 	0.3177961604487123	-8.693572332610424e-18	-0.17170757020823815	0.005108022211058727	-0.1717075702082382	-0.005108022211058716	0.6822038395512873	-2.4989420163112035e-18	
6.6 	0.31753375402762585	-8.236710502001003e-18	-0.1720836560046857	0.005370896614913656	-0.1720836560046857	-0.005370896614913645	0.6824662459723738	-2.2420241976911836e-18	
6.625 	0.31725818460701544	-7.616625518777335e-18	-0.17243367594008346	0.005634218043077385	-0.17243367594008344	-0.005634218043077377	0.6827418153929842	-3.1479698529945298e-18	
6.65 	0.31696953647139237	-8.13482343974852e-18	-0.17275975319026354	0.00589342767367449	-0.17275975319026357	-0.0058934276736744805	0.6830304635286072	-3.24193010315719e-18	
6.675 	0.3166681184953725	-6.9337355532889955e-18	-0.17306979578353665	0.006145258469523147	-0.17306979578353665	-0.00614525846952314	0.6833318815046272	-3.80168353627622e-18	
6.7 	0.316354311717691	-6.344808623079327e-18	-0.17336262426683374	0.006389709853388348	-0.17336262426683371	-0.006389709853388342	0.6836456882823087	-4.507050411145038e-18	
6.725 	0.31602843757939436	-6.395363377187093e-18	-0.17364031699353277	0.006628163211085273	-0.17364031699353277	-0.006628163211085267	0.6839715624206054	-4.339881038182415e-18	
6.75 	0.3156908898486444	-6.021711306527496e-18	-0.17390449341908734	0.006856652992056472	-0.17390449341908729	-0.006856652992056465	0.6843091101513554	-4.4655074347594675e-18	
6.775 	0.3153422823070296	-6.37897711057406e-18	-0.1741373463337274	0.007071195071626742	-0.1741373463337274	-0.007071195071626735	0.6846577176929702	-4.63263895828415e-18	
6.8 	0.31498327324882475	-6.004560482234012e-18	-0.17435906724042935	0.007273972191967512	-0.17435906724042938	-0.007273972191967507	0.685016726751175	-4.893198525308463e-18	
6.825 	0.3146143716577296	-5.3807006452037525e-18	-0.17458345753295995	0.007467664057823902	-0.17458345753295987	-0.0074676640578238964	0.6853856283422701	-5.275162546546044e-18	
6.85 	0.3142361325216461	-4.750411910449277e-18	-0.17478492937760198	0.007645880676537426	-0.17478492937760198	-0.007645880676537422	0.6857638674783537	-6.103475816547556e-18	
6.875 	0.3138495049942391	-5.135582822763977e-18	-0.17496322787402413	0.007804829837869968	-0.17496322787402419	-0.0078048298378699645	0.6861504950057608	-6.069304967886139e-18	
6.9 	0.31345536676233615	-5.288912913090708e-18	-0.1751317884520072	0.007948922906838452	-0.17513178845200714	-0.007948922906838449	0.6865446332376638	-5.492185670527623e-18	
6.925 	0.3130542249362352	-5.982281250244068e-18	-0.17531944962861348	0.008085778177597537	-0.17531944962861343	-0.008085778177597534	0.6869457750637645	-5.722144722549502e-18	
6.95 	0.312646728537515	-5.297856915685017e-18	-0.1754793660297407	0.008201262381200815	-0.17547936602974068	-0.00820126238120081	0.6873532714624848	-6.673258374414625e-18	
6.975 	0.3122341161672604	-4.163136610721861e-18	-0.17561849452052078	0.008293477189421538	-0.1756184945205208	-0.008293477189421536	0.6877658838327394	-7.970654682446467e-18	
7.0 	0.31181751768014243	-3.8019227223048476e-18	-0.1757489136780164	0.008368445475034125	-0.17574891367801643	-0.008368445475034124	0.6881824823198573	-7.553688179761488e-18	
7.025 	0.31139706829122954	-2.6252007860412495e-18	-0.17590971282028126	0.008441093350374004	-0.17590971282028126	-0.008441093350374006	0.6886029317087703	-8.894853886029373e-18	
7.05 	0.3109736336630853	-3.0645643329350566e-18	-0.1760467463896935	0.008488441918080205	-0.17604674638969356	-0.008488441918080207	0.6890263663369147	-9.211497573275925e-18	
7.075 	0.310548719694892	-2.1235771155441314e-18	-0.17614317822992548	0.00850047220979259	-0.17614317822992548	-0.008500472209792593	0.6894512803051079	-9.795823822005914e-18	
7.1 	0.3101234092394463	-2.6566854921847327e-18	-0.1762717397062962	0.008511617120675044	-0.17627173970629617	-0.008511617120675044	0.6898765907605535	-9.715435795117926e-18	
7.125 	0.3096975403742655	-2.4658756124059087e-18	-0.17641922239197838	0.008518691760859008	-0.17641922239197846	-0.008518691760859011	0.6903024596257344	-1.056641093874091e-17	
7.15 	0.30927199311739895	-9.351735699299214e-19	-0.17654488901747628	0.008497149475064233	-0.17654488901747625	-0.008497149475064239	0.6907280068826009	-1.1710405290386808e-17	
7.175 	0.30884867817638556	-1.4470151187871043e-18	-0.17663450472563463	0.008436734288477908	-0.17663450472563463	-0.008436734288477913	0.6911513218236143	-1.1523403162404192e-17	
7.2 	0.30842825169330096	-1.3098788293770203e-18	-0.1767673278299795	0.008387282395124401	-0.17676732782997948	-0.008387282395124405	0.691571748306699	-1.200193385019676e-17	
7.225 	0.3080105174656726	-1.279935543982268e-18	-0.17691353461479836	0.008333372505869182	-0.1769135346147984	-0.008333372505869185	0.6919894825343275	-1.1923349389465642e-17	
7.25 	0.30759596349122503	-1.4034210993271107e-18	-0.1770337721199467	0.008243617188089122	-0.17703377211994678	-0.008243617188089126	0.6924040365087751	-1.2041985532898593e-17	
7.275 	0.3071872072982723	-8.384088288395674e-19	-0.17713456165097105	0.00812042800338708	-0.17713456165097105	-0.008120428003387083	0.6928127927017277	-1.217320814820006e-17	
7.3 	0.3067843235230979	-7.1209756777049e-19	-0.17726084288916347	0.00800258244661083	-0.17726084288916352	-0.008002582446610833	0.693215676476902	-1.2612808321976254e-17	
7.325 	0.3063865508346957	-1.0067638205414728e-18	-0.17743242070287632	0.00791101793572787	-0.17743242070287635	-0.007911017935727873	0.6936134491653043	-1.287790455532107e-17	
7.35 	0.30599476107011947	-1.1160892906681852e-18	-0.17755767300468575	0.00775883517980107	-0.1775576730046858	-0.007758835179801073	0.6940052389298806	-1.2572699034043081e-17	
7.375 	0.3056115191271675	-1.1999463211495273e-18	-0.17767993107742366	0.007584994578155511	-0.17767993107742358	-0.007584994578155514	0.6943884808728326	-1.2376795607498083e-17	
7.4 	0.305236546950251	-1.8001858710515582e-18	-0.17783135448241538	0.007428898795914181	-0.17783135448241538	-0.0074288987959141815	0.6947634530497493	-1.225445735893072e-17	
7.425 	0.30486831795559793	-2.062529135995515e-18	-0.17801853548645966	0.007302029340680743	-0.1780185354864596	-0.007302029340680745	0.6951316820444022	-1.2203826869815573e-17	
7.45 	0.30450864858479204	-1.937084713729646e-18	-0.17815991440569293	0.007099294417483097	-0.17815991440569298	-0.0070992944174830975	0.6954913514152086	-1.221378165253301e-17	
7.475 	0.30415918956165	-1.994931138790172e-18	-0.17830637591647788	0.0068838712083173865	-0.17830637591647788	-0.006883871208317386	0.6958408104383504	-1.19286286715554e-17	
7.5 	0.3038198693527693	-2.189482183380584e-18	-0.17848965377433693	0.006711358561750671	-0.1784896537743369	-0.006711358561750672	0.6961801306472308	-1.1969862613039215e-17	
7.525 	0.3034884459442492	-2.293078642662516e-18	-0.17867905933159567	0.006534345456689521	-0.17867905933159564	-0.00653434545668952	0.6965115540557509	-1.217423035423207e-17	
7.55 	0.30316686661317105	-2.016197393943832e-18	-0.17886077372012468	0.006324579658402916	-0.17886077372012468	-0.006324579658402915	0.6968331333868292	-1.1556254026739223e-17	
7.575 	0.30285708027863584	-2.708808508256775e-18	-0.17903847896044928	0.0060873305837677765	-0.17903847896044928	-0.006087330583767775	0.6971429197213643	-1.1604093572444441e-17	
7.6 	0.3025578349931505	-2.1994356712174177e-18	-0.17924645448792123	0.005906352348819495	-0.1792464544879212	-0.0059063523488194925	0.6974421650068495	-1.1720983519957838e-17	
7.625 	0.30226711881258045	-2.9784692887190928e-18	-0.17946026742428256	0.005725062833710964	-0.17946026742428253	-0.005725062833710961	0.6977328811874196	-1.0966670488358801e-17	
7.65 	0.301986899163708	-3.9030199229271565e-18	-0.17966727216889497	0.005499645145073211	-0.179667272168895	-0.005499645145073206	0.6980131008362919	-1.0775519632370364e-17	
7.675 	0.30171927332643256	-3.930359459031744e-18	-0.17987446540386112	0.005247468765274777	-0.17987446540386112	-0.005247468765274771	0.6982807266735673	-1.077405203583463e-17	
7.7 	0.30146147982826443	-3.520026780625129e-18	-0.1801046006357888	0.005076417236054724	-0.18010460063578876	-0.005076417236054719	0.6985385201717355	-1.061949704192517e-17	
7.725 	0.30121273838026	-3.766051739763344e-18	-0.18033687825206934	0.0048941519396760134	-0.1803368782520693	-0.004894151939676008	0.6987872616197399	-1.081504432530503e-17	
7.75 	0.3009742568034738	-4.325292583812747e-18	-0.18056868132118448	0.004640043005419521	-0.18056868132118442	-0.004640043005419515	0.699025743196526	-1.0264952759338327e-17	
7.775 	0.30074788428734617	-4.20470464652262e-18	-0.18080894941082254	0.004437741161402739	-0.1808089494108226	-0.004437741161402733	0.6992521157126538	-1.0301965384162212e-17	
7.8 	0.3005309331703877	-3.973290890493002e-18	-0.1810536484547263	0.0042668216530616955	-0.18105364845472624	-0.004266821653061689	0.699469066829612	-1.0570455370881856e-17	
7.825 	0.30032180313924417	-4.2150638921739955e-18	-0.1813027954527043	0.004096319346401099	-0.18130279545270428	-0.004096319346401093	0.6996781968607555	-1.06145871604537e-17	
7.85 	0.30012278516941476	-4.307336590729959e-18	-0.1815614092279924	0.003877011631778797	-0.1815614092279924	-0.0038770116317787913	0.6998772148305848	-1.0500396059145095e-17	
7.875 	0.29993460008678713	-4.568768155113868e-18	-0.18182156493641533	0.003684740702411674	-0.18182156493641538	-0.0036847407024116667	0.7000653999132127	-1.0131483951983835e-17	
7.9 	0.29975461661020203	-4.991921172742157e-18	-0.18207798984088205	0.0035373536339568406	-0.18207798984088205	-0.0035373536339568337	0.7002453833897979	-9.889875556072856e-18	
7.925 	0.29958116544552466	-4.803261570401979e-18	-0.18233734433535906	0.0033946369801922996	-0.18233734433535903	-0.0033946369801922923	0.7004188345544752	-9.990034971047983e-18	
7.95 	0.2994171774306976	-5.495442903372834e-18	-0.18262118646804973	0.0031859099184966535	-0.1826211864680497	-0.0031859099184966457	0.7005828225693022	-9.584404308660505e-18	
7.975 	0.29926199145001836	-5.647483220942237e-18	-0.1828995439832758	0.0030155923391911774	-0.18289954398327582	-0.0030155923391911683	0.7007380085499816	-9.327367318825673e-18	
8.0 	0.2991134759491573	-5.95089219720649e-18	-0.1831466580761471	0.0029319526693314933	-0.18314665807614716	-0.002931952669331484	0.7008865240508427	-9.198539940080011e-18	
8.025 	0.29897025171889424	-5.879057766003772e-18	-0.18343209498655955	0.002775347240768173	-0.18343209498655957	-0.0027753472407681637	0.7010297482811056	-9.239933771693068e-18	
8.05 	0.2988350324123141	-5.940892968572391e-18	-0.18372149453472333	0.002623356501374432	-0.18372149453472333	-0.002623356501374422	0.7011649675876858	-8.981675997012789e-18	
8.075 	0.29870754164360885	-6.452563331592236e-18	-0.18400602864285476	0.002493338022805075	-0.18400602864285473	-0.002493338022805065	0.7012924583563909	-8.532771205756672e-18	
8.1 	0.29858392277878437	-6.628282485810837e-18	-0.1842445415919652	0.0024439816539541296	-0.18424454159196516	-0.002443981653954119	0.7014160772212151	-8.467221335932963e-18	
8.125 	0.29846480802722336	-7.173662005502979e-18	-0.1845311492767936	0.00233059587039483	-0.18453114927679357	-0.0023305958703948187	0.7015351919727761	-7.912332936977723e-18	
8.15 	0.2983509726380051	-7.92065291164201e-18	-0.18482051706731625	0.0022221843164192084	-0.18482051706731623	-0.002222184316419195	0.7016490273619945	-7.143235752213083e-18	
8.175 	0.29824275227471425	-8.104189173201798e-18	-0.1850951358171485	0.002141287637624936	-0.18509513581714843	-0.002141287637624922	0.7017572477252855	-6.926678378149516e-18	
8.2 	0.29813667744555034	-8.356482775647103e-18	-0.185346458714591	0.0020946689828615006	-0.18534645871459102	-0.002094668982861487	0.7018633225544495	-6.7592574562291034e-18	
8.225 	0.2980334519553937	-8.476410359802434e-18	-0.1856115863436304	0.002037841136900645	-0.1856115863436304	-0.0020378411369006313	0.7019665480446059	-6.6123804344956296e-18	
8.25 	0.2979337144121626	-8.830979011318645e-18	-0.1859082261731308	0.001957229003822079	-0.18590822617313082	-0.0019572290038220646	0.7020662855878372	-6.215432139952952e-18	
8.275 	0.2978368541635981	-9.350822829361874e-18	-0.18614745765802176	0.001935272526861796	-0.18614745765802174	-0.0019352725268617804	0.7021631458364018	-5.48786758143616e-18	
8.3 	0.29774034037891134	-9.74429073941473e-18	-0.18638059982548788	0.0019229910837509484	-0.18638059982548788	-0.001922991083750932	0.7022596596210886	-5.172490388876212e-18	
8.325 	0.29764478632797897	-9.903966567625452e-18	-0.18662404465570262	0.0019042805767702517	-0.18662404465570265	-0.0019042805767702355	0.7023552136720208	-4.9414718398572034e-18	
8.35 	0.2975512683954863	-1.011469324238664e-17	-0.18692660310549586	0.0018486785083488841	-0.18692660310549586	-0.0018486785083488674	0.7024487316045138	-4.636735175969899e-18	
8.375 	0.2974587575401206	-1.0273811489358265e-17	-0.18714768127988116	0.0018557766604643633	-0.18714768127988116	-0.001855776660464346	0.7025412424598794	-4.2473517752044475e-18	
8.4 	0.29736614781936843	-1.0774023154139177e-17	-0.18738722174212713	0.0018553178863625346	-0.18738722174212716	-0.001855317886362517	0.7026338521806315	-4.016574062721229e-18	
8.425 	0.297273125616342	-1.0955584148873858e-17	-0.1876530374000154	0.001843596951519711	-0.18765303740001546	-0.0018435969515196928	0.7027268743836577	-3.663425825493516e-18	
8.45 	0.2971807782554716	-1.0887402439463525e-17	-0.18789039605004745	0.001851192625755146	-0.18789039605004745	-0.0018511926257551285	0.702819221744528	-3.715421486057424e-18	
8.475 	0.29708746604374114	-1.0970599712774331e-17	-0.18810174266884486	0.00187683045005977	-0.1881017426688449	-0.0018768304500597517	0.7029125339562589	-3.5099963957262586e-18	
8.5 	0.29699256821104353	-1.1145903862800021e-17	-0.1882950170561085	0.001912714926600951	-0.18829501705610852	-0.0019127149266009327	0.7030074317889564	-3.388418648026434e-18	
8.525 	0.29689642954759404	-1.1384034791976637e-17	-0.18853202245613088	0.0019306787760601028	-0.18853202245613088	-0.0019306787760600846	0.7031035704524062	-3.262466548503329e-18	
8.55 	0.2967993842727567	-1.1243554117317118e-17	-0.18875516636099127	0.0019574353296361387	-0.1887551663609913	-0.001957435329636121	0.7032006157272436	-3.240611025093125e-18	
8.575 	0.2967005216396378	-1.1218685082441474e-17	-0.18894968219713013	0.0019988327860639343	-0.18894968219713013	-0.001998832786063917	0.7032994783603623	-3.3307839996668585e-18	
8.6 	0.2965993671769397	-1.1133810647555537e-17	-0.18913044890608374	0.0020461546847116586	-0.18913044890608374	-0.0020461546847116417	0.7034006328230605	-3.308163647702238e-18	
8.625 	0.2964961086176702	-1.1000773655349459e-17	-0.18934646610682276	0.0020824062013321794	-0.1893464661068228	-0.002082406201332162	0.7035038913823303	-3.4337989900519997e-18	
8.65 	0.2963908690544607	-1.0812946061910255e-17	-0.18954100879249638	0.0021268827558921168	-0.1895410087924964	-0.002126882755892101	0.7036091309455395	-3.844076223543573e-18	
8.675 	0.296283126606998	-1.0607858759934876e-17	-0.1897028228071954	0.0021815376032866454	-0.1897028228071954	-0.00218153760328663	0.7037168733930024	-3.957834515042061e-18	
8.7 	0.29617259565423404	-1.0695904297733459e-17	-0.1898621974284997	0.002236451982097547	-0.18986219742849975	-0.0022364519820975317	0.703827404345766	-4.067705348776602e-18	
8.725 	0.29605952207126546	-1.0262328056955938e-17	-0.1900436500545911	0.002285134784990554	-0.1900436500545911	-0.00228513478499054	0.7039404779287344	-4.455683355304932e-18	
8.75 	0.29594390406681526	-9.895345581179513e-18	-0.1902088292648439	0.0023377229022117324	-0.19020882926484384	-0.002337722902211719	0.7040560959331846	-4.9086379894715744e-18	
8.775 	0.29582560466260094	-9.748831256565365e-18	-0.1903578831619599	0.002393495274481082	-0.1903578831619599	-0.0023934952744810683	0.704174395337399	-5.027871588655539e-18	
8.8 	0.2957044944575773	-9.805722372052738e-18	-0.19050528018141621	0.002448564096838095	-0.1905052801814162	-0.0024485640968380826	0.7042955055424226	-5.085199178054695e-18	
8.825 	0.29558070223852084	-9.819505011443044e-18	-0.1906522605941594	0.0025006364472501563	-0.19065226059415946	-0.0025006364472501433	0.7044192977614789	-5.063515284392106e-18	
8.85 	0.29545433923676573	-9.784854627660528e-18	-0.1907961020202016	0.002552711242428753	-0.19079610202020164	-0.0025527112424287403	0.7045456607632342	-5.292423645033835e-18	
8.875 	0.2953253151880873	-9.617028535534136e-18	-0.1909277644988637	0.0026058740627321513	-0.19092776449886367	-0.0026058740627321387	0.7046746848119124	-5.674554668364075e-18	
8.9 	0.295193714380158	-9.527080211431832e-18	-0.1910543083223263	0.0026561061645365763	-0.19105430832232634	-0.002656106164536564	0.7048062856198416	-5.906936228062398e-18	
8.925 	0.2950596929094684	-8.673946078249571e-18	-0.19117454615647167	0.0027030621956603755	-0.1911745461564717	-0.0027030621956603655	0.7049403070905312	-7.045261239916556e-18	
8.95 	0.29492335471705494	-8.76763576365605e-18	-0.19129308089916205	0.0027483185554412776	-0.19129308089916205	-0.0027483185554412677	0.7050766452829446	-6.907200308726068e-18	
8.975 	0.2947847680971538	-8.770284219823196e-18	-0.19141464373044578	0.002793651022755713	-0.19141464373044578	-0.0027936510227557034	0.7052152319028457	-7.303452912765352e-18	
9.0 	0.2946440015589657	-8.323284438147245e-18	-0.19152120712734472	0.0028338635705956075	-0.19152120712734477	-0.0028338635705955984	0.7053559984410338	-7.436233325207943e-18	
9.025 	0.29450139545317755	-8.469602123819567e-18	-0.19162135141560088	0.0028691247534831966	-0.19162135141560088	-0.002869124753483187	0.7054986045468218	-7.718853635681891e-18	
9.05 	0.29435707998612815	-8.69092024213528e-18	-0.19172277340479915	0.0029029565793827817	-0.19172277340479912	-0.0029029565793827726	0.7056429200138709	-8.09130209369405e-18	
9.075 	0.2942110318012436	-8.412235638333113e-18	-0.19183721534998371	0.0029376029412680627	-0.19183721534998374	-0.0029376029412680536	0.7057889681987557	-8.359456720546288e-18	
9.1 	0.2940634362345118	-8.694605780177425e-18	-0.19192162260836124	0.0029625281410663893	-0.1919216226083613	-0.0029625281410663807	0.7059365637654874	-8.692416398194538e-18	
9.125 	0.2939147445028474	-8.620757031538524e-18	-0.19201093946304346	0.0029833180537301414	-0.1920109394630435	-0.0029833180537301328	0.7060852554971516	-8.779062716955739e-18	
9.15 	0.2937652156360523	-8.270721450438542e-18	-0.19208501908769438	0.0029983684708760664	-0.19208501908769432	-0.002998368470876058	0.7062347843639472	-9.384581672374589e-18	
9.175 	0.2936146479187614	-8.005825907795627e-18	-0.19219279207735723	0.003020205180569476	-0.19219279207735726	-0.003020205180569468	0.7063853520812379	-9.52677968936525e-18	
9.2 	0.29346339178391406	-8.019733996241718e-18	-0.1922694625244075	0.0030278940263603225	-0.1922694625244075	-0.0030278940263603147	0.7065366082160851	-9.910553153650934e-18	
9.225 	0.29331199046717216	-8.013664894402351e-18	-0.19233803125860277	0.0030276639378383732	-0.1923380312586028	-0.0030276639378383654	0.7066880095328271	-9.960638077832626e-18	
9.25 	0.29316068057976585	-8.245991699886389e-18	-0.19241531944876109	0.003028364146431287	-0.19241531944876114	-0.0030283641464312794	0.7068393194202336	-1.0220522696711429e-17	
9.275 	0.29300883751455453	-7.996466272101962e-18	-0.1925286250449164	0.0030414347964256077	-0.1925286250449164	-0.0030414347964256004	0.7069911624854449	-1.1003308600747209e-17	
9.3 	0.2928572420757141	-7.533871003698295e-18	-0.1925912426062267	0.003027783501504898	-0.19259124260622668	-0.003027783501504891	0.7071427579242853	-1.1502866032756043e-17	
9.325 	0.29270644163661463	-7.33971974815908e-18	-0.1926376267242478	0.0030008231884674657	-0.1926376267242478	-0.003000823188467459	0.7072935583633849	-1.1822127160977972e-17	
9.35 	0.29255670343311174	-7.163042028949558e-18	-0.19273810871486582	0.0029989666238887007	-0.19273810871486585	-0.0029989666238886947	0.7074432965668879	-1.2320145890324867e-17	
9.375 	0.29240698504869034	-6.88138305913231e-18	-0.19282478681804302	0.002987783439272626	-0.19282478681804296	-0.002987783439272621	0.707593014951309	-1.2859332598681154e-17	
9.4 	0.29225818923153724	-6.5936260715629065e-18	-0.19289993180151585	0.0029646037329461744	-0.19289993180151588	-0.0029646037329461696	0.7077418107684622	-1.3610850283524652e-17	
9.425 	0.29211124697160723	-6.318361112953995e-18	-0.1929444424454248	0.002917729161408427	-0.19294444244542477	-0.0029177291614084218	0.7078887530283925	-1.3738852224005718e-17	
9.45 	0.29196576679102504	-6.6511136598896674e-18	-0.19305468799443995	0.0029133806354125834	-0.19305468799443998	-0.0029133806354125786	0.7080342332089749	-1.4165138557177386e-17	
9.475 	0.29182089397807626	-6.786126723133595e-18	-0.1931298647779079	0.00288240721789728	-0.19312986477790786	-0.002882407217897275	0.7081791060219235	-1.4255271771403412e-17	
9.5 	0.2916774670908732	-6.263663761904556e-18	-0.1932099137355927	0.00284941379565625	-0.1932099137355927	-0.0028494137956562456	0.7083225329091266	-1.483926961412495e-17	
9.525 	0.29153751681689694	-5.896288547450613e-18	-0.19323532218025852	0.0027660632059578042	-0.19323532218025852	-0.0027660632059578008	0.7084624831831026	-1.5820420842312393e-17	
9.55 	0.2913991076101504	-5.905964079830487e-18	-0.19332940217143457	0.0027403773372278867	-0.1933294021714345	-0.002740377337227883	0.7086008923898492	-1.6053895783399752e-17	
9.575 	0.29126246404225226	-5.566190494388732e-18	-0.19343435516515733	0.002723560807227331	-0.19343435516515736	-0.002723560807227327	0.7087375359577474	-1.6493828712480597e-17	
9.6 	0.29112791531583376	-5.2676453438979636e-18	-0.1934791558960961	0.0026390666211867516	-0.19347915589609613	-0.0026390666211867485	0.7088720846841657	-1.696710881771072e-17	
9.625 	0.290997687243141	-5.65852038528129e-18	-0.1935513880029501	0.00257980536402867	-0.1935513880029501	-0.002579805364028667	0.7090023127568585	-1.696885700405167e-17	
9.65 	0.2908695101287007	-5.718644609383305e-18	-0.1936437025903223	0.002544452721036307	-0.1936437025903223	-0.002544452721036303	0.7091304898712988	-1.7106567111643605e-17	
9.675 	0.2907428782556652	-5.811903411930486e-18	-0.1937485764163199	0.002523637389173454	-0.1937485764163199	-0.00252363738917345	0.7092571217443344	-1.7358105627597684e-17	
9.7 	0.2906194411448338	-5.323624682035614e-18	-0.19379832800710714	0.0024188719599171063	-0.1937983280071072	-0.0024188719599171037	0.7093805588551658	-1.8220006067332255e-17	
9.725 	0.2905004798117455	-5.5061395571245384e-18	-0.1938797411095892	0.0023576638575525414	-0.19387974110958922	-0.0023576638575525375	0.7094995201882541	-1.829259912532549e-17	
9.75 	0.2903845779655532	-5.743367834570151e-18	-0.19396749178053116	0.002306812445071308	-0.1939674917805311	-0.002306812445071304	0.7096154220344462	-1.8473334755054312e-17	
9.775 	0.29026956540402077	-5.957373876736839e-18	-0.1940670255307743	0.002274617118527345	-0.19406702553077423	-0.0022746171185273408	0.709730434595979	-1.8252184571513595e-17	
9.8 	0.29015814804865525	-5.992415879679396e-18	-0.1941430059704922	0.0021892025180593987	-0.1941430059704922	-0.002189202518059394	0.7098418519513443	-1.8544061414605745e-17	
9.825 	0.29005103316081293	-5.925830508994961e-18	-0.1942233621716029	0.00210938049640929	-0.1942233621716029	-0.0021093804964092853	0.7099489668391867	-1.8818397397060504e-17	
9.85 	0.28994620905423923	-5.924257122893541e-18	-0.19432741294287637	0.002096624867219714	-0.19432741294287642	-0.0020966248672197093	0.7100537909457599	-1.907903584502043e-17	
9.875 	0.2898426666611884	-5.809160743148201e-18	-0.1944212904441544	0.002051536478705521	-0.19442129044415443	-0.002051536478705516	0.7101573333388107	-1.9345225890973476e-17	
9.9 	0.28974333992430695	-5.91101348339209e-18	-0.19450008902965774	0.001934834235936801	-0.1945000890296577	-0.0019348342359367962	0.7102566600756919	-1.952986701916156e-17	
9.925 	0.2896488895526571	-5.905245188493159e-18	-0.19458801068351714	0.0018487465095492655	-0.19458801068351705	-0.0018487465095492605	0.7103511104473418	-1.9799578687137158e-17	
9.95 	0.28955654575163703	-6.12960594925213e-18	-0.19468914466995513	0.0018444937680775033	-0.19468914466995516	-0.0018444937680774977	0.7104434542483622	-1.9905988429589036e-17	
9.975 	0.2894661246078672	-6.248773600831962e-18	-0.19478356537259497	0.0017762122864576613	-0.19478356537259503	-0.0017762122864576552	0.7105338753921319	-1.991745968828763e-17	
10.0 	0.2893796059963721	-6.123252656631564e-18	-0.19487940886178629	0.0016657854913070616	-0.19487940886178623	-0.0016657854913070557	0.710620394003627	-2.026836413016221e-17	
10.025 	0.28929734335606544	-6.008960671045137e-18	-0.19497598247184358	0.0016246230548574384	-0.19497598247184356	-0.0016246230548574326	0.7107026566439337	-2.0465982711278406e-17	
10.05 	0.2892166955458942	-6.1384397540172555e-18	-0.19507167397740818	0.0016058711784056904	-0.19507167397740818	-0.0016058711784056844	0.7107833044541049	-2.076896150003679e-17	
10.075 	0.28913696202724243	-6.316183064595486e-18	-0.19517014310439196	0.0015563957069055063	-0.1951701431043919	-0.0015563957069054998	0.7108630379727567	-2.0637120504135387e-17	
10.1 	0.2890616067288999	-6.2344910624782475e-18	-0.19527551941362925	0.0014685531358704469	-0.19527551941362925	-0.0014685531358704406	0.7109383932710989	-2.093584814964481e-17	
10.125 	0.2889897863678369	-6.458566811516454e-18	-0.1953758637762505	0.0014160121455199768	-0.1953758637762505	-0.0014160121455199697	0.7110102136321621	-2.0761969354428924e-17	
10.15 	0.28891900084773886	-6.8523901172732895e-18	-0.1954597537082957	0.0014269990056894719	-0.19545975370829574	-0.0014269990056894643	0.7110809991522604	-2.075593821754454e-17	
10.175 	0.28884889046290485	-6.857703679906214e-18	-0.1955647796092934	0.0013674419996213766	-0.1955647796092933	-0.0013674419996213686	0.7111511095370946	-2.0750642970803106e-17	
10.2 	0.2887830746661585	-7.178495243496802e-18	-0.1956784462750036	0.0012873758834730392	-0.19567844627500358	-0.0012873758834730305	0.7112169253338408	-2.070730002928543e-17	
10.225 	0.2887198083805885	-7.256669308651664e-18	-0.19578174852027566	0.001241370610062958	-0.19578174852027563	-0.001241370610062949	0.7112801916194108	-2.0683089604495688e-17	
10.25 	0.2886571871571243	-7.546596374062193e-18	-0.19585322790526133	0.001262047778090783	-0.19585322790526127	-0.0012620477780907735	0.7113428128428753	-2.0664080713551835e-17	
10.275 	0.2885956556479697	-7.675797290555164e-18	-0.19597414514624664	0.0011889478564840006	-0.19597414514624664	-0.0011889478564839904	0.7114043443520296	-2.0634708888190063e-17	
10.3 	0.28853742217402123	-7.914571483193413e-18	-0.1960825992218296	0.0011404742822390145	-0.19608259922182952	-0.0011404742822390041	0.7114625778259779	-2.0554176570568885e-17	
10.325 	0.2884813621233029	-8.162012580178976e-18	-0.19617564728016498	0.0011196979359223002	-0.196175647280165	-0.001119697935922289	0.7115186378766962	-2.0501643239709987e-17	
10.35 	0.28842510479881667	-8.389044362397813e-18	-0.19625024638481575	0.0011254335414858999	-0.19625024638481575	-0.0011254335414858877	0.7115748952011826	-2.032857378496849e-17	
10.375 	0.2883703204965637	-8.842884718354754e-18	-0.19636771059118838	0.0010747392942400682	-0.1963677105911884	-0.001074739294240055	0.7116296795034357	-2.0051726064441014e-17	
10.4 	0.2883177889982338	-9.068162957489089e-18	-0.19648233256918218	0.0010311395126243736	-0.1964823325691822	-0.00103113951262436	0.7116822110017654	-1.9914306840958936e-17	
10.425 	0.28826697694216313	-9.295733523898517e-18	-0.1965695533252891	0.0010211312704034904	-0.1965695533252891	-0.0010211312704034763	0.7117330230578361	-1.982382231803207e-17	
10.45 	0.28821552276791024	-9.49531404992075e-18	-0.1966519849347643	0.0010178095312544603	-0.1966519849347642	-0.0010178095312544455	0.7117844772320889	-1.9694096323799908e-17	
10.475 	0.28816521340216655	-9.60326058844969e-18	-0.19675118058630825	0.0009965261419771817	-0.19675118058630825	-0.0009965261419771665	0.7118347865978327	-1.9678194959965686e-17	
10.5 	0.28811671741401157	-9.923038271437314e-18	-0.1968849029168397	0.0009487009795508246	-0.19688490291683974	-0.0009487009795508089	0.7118832825859879	-1.9532570777365368e-17	
10.525 	0.28806881203179013	-1.0201988965474938e-17	-0.19694184998311998	0.0009668589607812203	-0.19694184998311992	-0.0009668589607812037	0.7119311879682094	-1.9284309757604937e-17	
10.55 	0.28802043563940377	-1.0573402677587947e-17	-0.19702275314900686	0.0009664224958006428	-0.1970227531490068	-0.0009664224958006256	0.7119795643605958	-1.9114614358570454e-17	
10.575 	0.28797255773202984	-1.08222082030565e-17	-0.19712864600230165	0.0009471444288666524	-0.19712864600230168	-0.0009471444288666344	0.7120274422679694	-1.8881296050179738e-17	
10.6 	0.28792608349873405	-1.1208740645313153e-17	-0.19724515973518064	0.0009240108923006261	-0.19724515973518067	-0.0009240108923006075	0.7120739165012654	-1.8689673027772963e-17	
10.625 	0.2878793848696188	-1.1571405368300299e-17	-0.19729979568861097	0.0009419300588276709	-0.197299795688611	-0.0009419300588276513	0.7121206151303806	-1.8334949763501195e-17	
10.65 	0.28783230638832186	-1.1751579374910506e-17	-0.19738190388612645	0.0009431421632937374	-0.19738190388612645	-0.0009431421632937172	0.7121676936116771	-1.822858480969343e-17	
10.675 	0.2877852926917602	-1.1990897483266251e-17	-0.19749390127313043	0.0009285547280414462	-0.19749390127313052	-0.0009285547280414255	0.7122147073082389	-1.8100569953970915e-17	
10.7 	0.28773901080515935	-1.2253926709011617e-17	-0.19757910556460936	0.0009290319757794102	-0.1975791055646093	-0.0009290319757793889	0.7122609891948397	-1.7875779919282164e-17	
10.725 	0.2876922490636428	-1.2370482157933725e-17	-0.19765131398898875	0.0009384950408101427	-0.19765131398898875	-0.0009384950408101213	0.7123077509363562	-1.7855568877858676e-17	
10.75 	0.28764482229091587	-1.2471552484022545e-17	-0.1977083537593165	0.0009527606832081314	-0.19770835375931645	-0.0009527606832081097	0.7123551777090831	-1.7832585501867722e-17	
10.775 	0.28759733226839834	-1.2578665801230797e-17	-0.19781469979938726	0.0009472157518511717	-0.1978146997993872	-0.0009472157518511498	0.7124026677316005	-1.77696280085488e-17	
10.8 	0.2875498812724293	-1.2857575686777552e-17	-0.19789346867242372	0.0009534163242285596	-0.19789346867242372	-0.000953416324228537	0.7124501187275698	-1.768909597644436e-17	
10.825 	0.287501857491401	-1.3119898393603124e-17	-0.197953684049979	0.0009679825685391883	-0.19795368404997898	-0.0009679825685391654	0.7124981425085981	-1.7522861603015562e-17	
10.85 	0.28745304456294096	-1.3361950080567178e-17	-0.19801266735379439	0.0009811643166793365	-0.19801266735379433	-0.0009811643166793135	0.7125469554370583	-1.7420552834372867e-17	
10.875 	0.2874039908188635	-1.3449972403183342e-17	-0.19810946597752982	0.0009832442101512118	-0.19810946597752982	-0.0009832442101511886	0.7125960091811357	-1.7493434766935402e-17	
10.9 	0.2873545590230709	-1.3593297575323996e-17	-0.19818130293968503	0.0009936530316047246	-0.19818130293968508	-0.0009936530316047012	0.7126454409769285	-1.7377378497668066e-17	
10.925 	0.2873044687530494	-1.3766614956173821e-17	-0.1982290260683531	0.0010100462476300253	-0.19822902606835305	-0.001010046247630002	0.7126955312469501	-1.7412719328335792e-17	
10.95 	0.28725364017261273	-1.3855644070470226e-17	-0.1982992506222231	0.001021047101426859	-0.19829925062222303	-0.0010210471014268359	0.712746359827387	-1.746837665352236e-17	
10.975 	0.28720234117807886	-1.399432226412819e-17	-0.19836858311396194	0.0010305456897462839	-0.198368583113962	-0.0010305456897462609	0.7127976588219208	-1.7461593579584022e-17	
11.0 	0.2871505130820486	-1.4045659688207763e-17	-0.1984342111291424	0.0010426333346275245	-0.19843421112914242	-0.0010426333346275015	0.7128494869179511	-1.753910521768265e-17	
11.025 	0.2870980026979799	-1.4132157603521875e-17	-0.19848444886335223	0.0010568116746918895	-0.19848444886335223	-0.0010568116746918668	0.7129019973020199	-1.7664460067061492e-17	
11.05 	0.2870448274361135	-1.4160560157237974e-17	-0.1985444026584057	0.001068738385662299	-0.19854440265840576	-0.0010687383856622765	0.7129551725638862	-1.776412368129966e-17	
11.075 	0.2869911204690324	-1.4134765645590148e-17	-0.19860284797127026	0.0010790158768529577	-0.19860284797127029	-0.0010790158768529358	0.7130088795309671	-1.807133985197678e-17	
11.1 	0.28693685581575445	-1.397358124452187e-17	-0.1986602139052607	0.0010909045313476943	-0.19866021390526067	-0.0010909045313476726	0.7130631441842453	-1.8210681100733618e-17	
11.125 	0.28688197698365686	-1.4055580364672907e-17	-0.19871235066423365	0.0011033759602572138	-0.1987123506642337	-0.0011033759602571923	0.7131180230163429	-1.8466225969588405e-17	
11.15 	0.2868265256555296	-1.403650940822069e-17	-0.1987621348864553	0.0011134261760897136	-0.19876213488645533	-0.0011134261760896928	0.7131734743444701	-1.8655327341437957e-17	
11.175 	0.2867706285546729	-1.3940783003873436e-17	-0.19880746112788952	0.0011219116977524343	-0.19880746112788952	-0.0011219116977524137	0.7132293714453267	-1.8963876809613815e-17	
11.2 	0.28671427442129105	-1.3828356113104228e-17	-0.19886185396045578	0.0011319158079161526	-0.19886185396045575	-0.0011319158079161327	0.7132857255787087	-1.919279742096796e-17	
11.225 	0.2866573892703322	-1.3725226038414717e-17	-0.19891523642774397	0.0011424475694220737	-0.198915236427744	-0.0011424475694220544	0.7133426107296674	-1.9706877979376812e-17	
11.25 	0.2866000826062353	-1.364355842777439e-17	-0.1989552260668243	0.0011486199384262053	-0.19895522606682434	-0.0011486199384261862	0.7133999173937646	-1.9820694529168358e-17	
11.275 	0.28654255178115406	-1.369432988702287e-17	-0.19899020607707146	0.001152613083185397	-0.1989902060770715	-0.001152613083185378	0.7134574482188457	-2.003618561185718e-17	
11.3 	0.28648473600323815	-1.3550573686997563e-17	-0.19904582281217498	0.001161083935716565	-0.19904582281217495	-0.0011610839357165466	0.7135152639967617	-2.045272608061019e-17	
11.325 	0.28642648868634774	-1.3455765753696288e-17	-0.19909251915447834	0.0011679119370813001	-0.19909251915447834	-0.0011679119370812826	0.7135735113136521	-2.0815953619194098e-17	
11.35 	0.2863680151325552	-1.3196692046855491e-17	-0.19912222135709365	0.001167991971524668	-0.19912222135709362	-0.0011679919715246513	0.7136319848674445	-2.142818636888264e-17	
11.375 	0.28630967551609393	-1.2780085795525715e-17	-0.19915144082486533	0.0011660612821528626	-0.19915144082486533	-0.001166061282152847	0.7136903244839059	-2.1963713366049395e-17	
11.4 	0.28625125718029326	-1.2592282852780753e-17	-0.19920338235228044	0.0011717176447583741	-0.1992033823522805	-0.001171717644758359	0.7137487428197063	-2.2448797718875684e-17	
11.425 	0.2861924423128217	-1.2453863642511435e-17	-0.1992597944277533	0.0011785982042780997	-0.1992597944277533	-0.0011785982042780852	0.713807557687178	-2.290203313944864e-17	
11.45 	0.286133721944904	-1.2253568898075514e-17	-0.1992790510902887	0.0011701174387620604	-0.19927905109028873	-0.0011701174387620463	0.7138662780550954	-2.3363715285204496e-17	
11.475 	0.28607552351173443	-1.2219258473471791e-17	-0.19929980563274335	0.0011601975703851377	-0.19929980563274338	-0.001160197570385124	0.7139244764882651	-2.3689007158015997e-17	
11.5 	0.28601746444808096	-1.2253409356324485e-17	-0.19936068190629638	0.0011677114751537552	-0.19936068190629638	-0.0011677114751537415	0.7139825355519183	-2.3861649475527044e-17	
11.525 	0.2859589751205776	-1.2167624220419704e-17	-0.1994098583866676	0.0011700982352068452	-0.19940985838666758	-0.001170098235206832	0.7140410248794214	-2.4216683187603935e-17	
11.55 	0.2859010438076102	-1.2019362604936287e-17	-0.1994178060840651	0.0011494819900100567	-0.1994178060840651	-0.0011494819900100442	0.714098956192389	-2.4728835622085742e-17	
11.575 	0.2858440313388337	-1.1882637293169175e-17	-0.19943043810927402	0.001129369600770323	-0.19943043810927402	-0.0011293696007703112	0.7141559686611656	-2.5146828430168225e-17	
11.6 	0.2857872663845218	-1.1837508769962571e-17	-0.1995045971762302	0.0011440045457665694	-0.1995045971762302	-0.0011440045457665575	0.7142127336154775	-2.5366367775563564e-17	
11.625 	0.2857301900434125	-1.177776592654434e-17	-0.19953285641999657	0.0011316720740114064	-0.19953285641999655	-0.0011316720740113951	0.7142698099565867	-2.5798006710228222e-17	
11.65 	0.28567394007496955	-1.1761300910013333e-17	-0.19955536816124725	0.001111656940074756	-0.19955536816124722	-0.0011116569400747448	0.7143260599250297	-2.6038644360926497e-17	
11.675 	0.2856192287837603	-1.167661254098235e-17	-0.19956882708264953	0.0010848111713295293	-0.19956882708264956	-0.0010848111713295185	0.714380771216239	-2.643191163280462e-17	
11.7 	0.2855645379557506	-1.1364666062823567e-17	-0.1996407377236044	0.001101545859981301	-0.19964073772360436	-0.001101545859981291	0.7144354620442488	-2.705064165341418e-17	
11.725 	0.28550982719253143	-1.1473755643272983e-17	-0.1996736019777342	0.001087916611050196	-0.19967360197773418	-0.001087916611050186	0.7144901728074678	-2.7137414403362445e-17	
11.75 	0.28545612728331604	-1.1484800807423855e-17	-0.19968761356840728	0.0010544571436240202	-0.19968761356840734	-0.0010544571436240102	0.7145438727166833	-2.7519818458706273e-17	
11.775 	0.2854046780303227	-1.1622833924754017e-17	-0.19970516160547302	0.0010232707183119353	-0.19970516160547308	-0.0010232707183119253	0.7145953219696767	-2.764821951475149e-17	
11.8 	0.2853528528789985	-1.1474933829031858e-17	-0.19976718697434204	0.001036098527855894	-0.19976718697434198	-0.0010360985278558845	0.714647147121001	-2.805360558511887e-17	
11.825 	0.2853012801216153	-1.1692908800871505e-17	-0.19980780686246624	0.0010263531755234248	-0.19980780686246624	-0.0010263531755234153	0.7146987198783838	-2.8110877505082124e-17	
11.85 	0.2852512127136643	-1.1730181827068347e-17	-0.19980898450117146	0.0009679979588000484	-0.1998089845011715	-0.0009679979588000388	0.7147487872863348	-2.835097959344595e-17	
11.875 	0.28520342522605074	-1.1806042267635945e-17	-0.19985231960667502	0.0009607943500690481	-0.19985231960667502	-0.0009607943500690384	0.7147965747739486	-2.858406565812701e-17	
11.9 	0.2851553032800041	-1.1999922943295694e-17	-0.19990252159014618	0.0009651661537603969	-0.19990252159014615	-0.000965166153760387	0.7148446967199953	-2.8570466312595494e-17	
11.925 	0.2851073082321169	-1.2136718594039624e-17	-0.19993970268307024	0.0009490686510175066	-0.1999397026830702	-0.0009490686510174966	0.7148926917678824	-2.882262925253264e-17	
11.95 	0.28506152687799335	-1.225877892395714e-17	-0.1999506897538672	0.0008876857241584459	-0.1999506897538672	-0.0008876857241584357	0.7149384731220058	-2.8921359770591014e-17	
11.975 	0.2850177610461955	-1.2405356020359998e-17	-0.199994085518491	0.0008831315734669632	-0.19999408551849102	-0.0008831315734669529	0.7149822389538036	-2.906170277445726e-17	
